bl15_t;cgl;0;0;32220.0000000000;8.20;0;0
bl15_t;cgl;1;71;33698.2035934313;10.72;1;0
bl15_t;cgl;2;139;33843.6948718919;13.18;6;0
bl15_t;cgl;3;208;33955.0591947710;16.96;13;0
bl15_t;cgl;4;280;34007.7936543239;21.41;19;0
bl15_t;cgl;5;350;34052.8738627310;26.14;40;0
bl15_t;cgl;6;420;34107.2932061044;30.08;77;0
bl15_t;cgl;7;479;34126.6241522980;32.43;95;0
bl15_t;cgl;8;535;34153.1293625646;36.18;148;0
bl15_t;cgl;9;582;34167.3569889043;39.18;160;0
bl15_t;cgl;10;639;34176.7661965395;42.86;202;0
bl15_t;cgl;11;695;34184.6923140497;46.39;222;0
bl15_t;cgl;12;763;34194.2227945199;50.11;470;0
bl15_t;cgl;13;816;34203.5296486312;54.05;535;0
bl15_t;cgl;14;890;34215.7704827549;58.77;878;0
bl15_t;cgl;15;941;34220.5560361271;61.75;983;0
bl15_t;cgl;16;1002;34223.7618754499;64.78;987;0
bl15_t;cgl;17;1052;34224.9291315206;67.03;987;0
bl15_t;cgl;18;1079;34225.8054758498;69.58;995;0
bl15_t;cgl;19;1116;34227.2529266566;72.08;1042;0
bl15_t;cgl;20;1139;34228.3190901771;74.88;1048;0
bl15_t;cgl;21;1154;34228.5511999760;76.89;1052;0
bl15_t;cgl;22;1193;34229.7549239546;79.12;1069;0
bl15_t;cgl;23;1202;34230.0412627717;80.61;1069;0
bl15_t;cgl;24;1212;34230.1659540512;82.21;1069;0
bl15_t;cgl;25;1219;34230.3206254001;84.07;1069;0
bl15_t;cgl;26;1227;34230.4209258551;85.05;1070;0
bl15_t;cgl;27;1233;34230.5820823325;86.40;1070;0
bl15_t;cgl;28;1245;34230.9047310367;88.28;1070;0
bl15_t;cgl;29;1252;34231.0944892797;90.43;1070;0
bl15_t;cgl;30;1303;34231.3513463342;92.31;1097;0
bl15_t;cgl;31;1309;34231.4639590342;94.57;1098;0
bl15_t;cgl;32;1315;34231.6308182278;96.60;1099;0
bl15_t;cgl;33;1317;34231.8487306682;98.35;1099;0
bl15_t;cgl;34;1322;34232.0503217152;100.48;1099;0
bl15_t;cgl;35;1337;34232.3644962394;103.06;1106;0
bl15_t;cgl;36;1341;34232.3854009189;104.65;1106;0
bl15_t;cgl;37;1354;34232.3938950991;105.72;1116;0
bl15_t;cgl;38;1366;34232.4038461536;107.64;1116;0
bl15_t;cgl;39;1366;34232.4038461536;108.11;1116,0
