da_BPWC_3_8_4;cgl;0;0;76.5673000000;237.22;0;0
da_BPWC_3_8_4;cgl;1;557;76.5673000000;310.72;0;0
da_BPWC_3_8_4;cgl;2;1076;76.5673000000;400.61;0;0
da_BPWC_3_8_4;cgl;3;1629;76.5673000000;492.29;0;0
da_BPWC_3_8_4;cgl;4;2000;76.5673000000;581.48;0;0
da_BPWC_3_8_4;cgl;5;2351;76.5673000000;672.13;0;0
da_BPWC_3_8_4;cgl;6;2650;76.5673000000;750.68;0;0
da_BPWC_3_8_4;cgl;7;2887;76.5673000000;831.66;0;0
da_BPWC_3_8_4;cgl;8;3047;76.5673000000;915.56;0;0
da_BPWC_3_8_4;cgl;9;3152;76.5673000000;984.31;170;0
da_BPWC_3_8_4;cgl;10;3263;76.5673000000;1042.98;170;0
da_BPWC_3_8_4;cgl;11;3326;76.5673000000;1108.08;170;0
da_BPWC_3_8_4;cgl;12;3387;76.5673000000;1170.92;170;0
da_BPWC_3_8_4;cgl;13;3454;76.5673000000;1238.21;170;0
da_BPWC_3_8_4;cgl;14;3502;76.5673000000;1296.90;176;0
da_BPWC_3_8_4;cgl;15;3540;76.5673000000;1359.49;176;0
da_BPWC_3_8_4;cgl;16;3577;76.5673000000;1415.51;176;0
da_BPWC_3_8_4;cgl;17;3599;76.5673000000;1470.63;176;0
da_BPWC_3_8_4;cgl;18;3628;76.5673000000;1523.48;176;0
da_BPWC_3_8_4;cgl;19;3654;76.5673000000;1587.96;176;0
da_BPWC_3_8_4;cgl;20;3681;76.5673000000;1644.33;176;0
da_BPWC_3_8_4;cgl;21;3701;76.5673000000;1704.21;178;0
da_BPWC_3_8_4;cgl;22;3725;76.5673000000;1760.91;178;0
da_BPWC_3_8_4;cgl;23;3750;76.5673000000;1834.92;178;0
da_BPWC_3_8_4;cgl;24;3780;76.5673000000;1900.74;178;0
da_BPWC_3_8_4;cgl;25;3812;76.5673000000;1967.72;183;0
da_BPWC_3_8_4;cgl;26;3838;76.5673000000;2016.74;183;0
da_BPWC_3_8_4;cgl;27;3857;76.5673000000;2075.47;183;0
da_BPWC_3_8_4;cgl;28;3878;76.5673000000;2129.02;183;0
da_BPWC_3_8_4;cgl;29;3900;76.5673000000;2199.94;183;0
da_BPWC_3_8_4;cgl;30;3918;76.5673000000;2242.48;183;0
da_BPWC_3_8_4;cgl;31;3939;76.5673000000;2307.71;183;0
da_BPWC_3_8_4;cgl;32;3965;76.5673000000;2359.60;183;0
da_BPWC_3_8_4;cgl;33;3998;76.5673000000;2426.96;183;0
da_BPWC_3_8_4;cgl;34;4018;76.5673000000;2487.75;183;0
da_BPWC_3_8_4;cgl;35;4032;76.5673000000;2541.64;183;0
da_BPWC_3_8_4;cgl;36;4048;76.5673000000;2599.55;219;0
da_BPWC_3_8_4;cgl;37;4055;76.5673000000;2671.35;239;0
da_BPWC_3_8_4;cgl;38;4064;76.5673000000;2723.19;239;0
da_BPWC_3_8_4;cgl;39;4072;76.5673000000;2778.88;239;0
da_BPWC_3_8_4;cgl;40;4081;76.5673000000;2831.81;239;0
da_BPWC_3_8_4;cgl;41;4088;76.5673000000;2888.00;254;0
da_BPWC_3_8_4;cgl;42;4100;76.5673000000;2951.95;254;0
da_BPWC_3_8_4;cgl;43;4106;76.5673000000;3013.50;254;0
da_BPWC_3_8_4;cgl;44;4114;76.5673000000;3071.24;254;0
da_BPWC_3_8_4;cgl;45;4123;76.5673000000;3114.82;254;0
da_BPWC_3_8_4;cgl;46;4134;76.5673000000;3176.46;254;0
da_BPWC_3_8_4;cgl;47;4143;76.5673000000;3226.42;254;0
da_BPWC_3_8_4;cgl;48;4158;76.5673000000;3284.04;254;0
da_BPWC_3_8_4;cgl;49;4168;76.5673000000;3351.02;254;0
da_BPWC_3_8_4;cgl;50;4175;76.5673000000;3412.18;254;0
da_BPWC_3_8_4;cgl;51;4175;76.5673000000;3412.18;254,0
