f2gap201600;cgl;0;0;76429.8622962111;0.12;0;0
f2gap201600;cgl;1;17;76431.1190939370;0.32;0;0
f2gap201600;cgl;2;35;76431.2550943234;0.51;0;0
f2gap201600;cgl;3;53;76431.3726922059;0.78;0;0
f2gap201600;cgl;4;68;76431.3975265719;1.12;0;0
f2gap201600;cgl;5;79;76431.4048261837;1.48;0;0
f2gap201600;cgl;6;88;76431.4172002963;1.86;0;0
f2gap201600;cgl;7;94;76431.4215231715;2.26;0;0
f2gap201600;cgl;8;100;76431.4288282146;2.71;0;0
f2gap201600;cgl;9;109;76431.4416502506;3.17;0;0
f2gap201600;cgl;10;113;76431.4435531240;3.67;0;0
f2gap201600;cgl;11;117;76431.4497061383;4.18;0;0
f2gap201600;cgl;12;121;76431.4518221884;4.64;0;0
f2gap201600;cgl;13;128;76431.4730188766;5.13;0;0
f2gap201600;cgl;14;139;76431.4894642526;5.68;0;0
f2gap201600;cgl;15;145;76431.4928853542;6.22;0;0
f2gap201600;cgl;16;148;76431.4940856083;6.77;0;0
f2gap201600;cgl;17;152;76431.5050180363;7.38;0;0
f2gap201600;cgl;18;157;76431.5063526300;7.97;0;0
f2gap201600;cgl;19;159;76431.5064237197;8.58;0;0
f2gap201600;cgl;20;160;76431.5065138951;9.20;0;0
f2gap201600;cgl;21;165;76431.5081653436;9.79;0;0
f2gap201600;cgl;22;171;76431.5133712927;10.46;0;0
f2gap201600;cgl;23;178;76431.5347148171;11.13;0;0
f2gap201600;cgl;24;181;76431.5363909265;11.80;0;0
f2gap201600;cgl;25;183;76431.5366169708;12.49;0;0
f2gap201600;cgl;26;183;76431.5366169708;13.13;0,0
