n3seq24;cgl;0;0;52000.0000000001;34.80;0;0
n3seq24;cgl;1;52;52000.0000000001;414.69;0;0
n3seq24;cgl;2;75;51999.9999999997;793.21;3;0
n3seq24;cgl;3;97;52000.0000000000;1175.57;3;0
n3seq24;cgl;4;136;52000.0000000001;1572.14;3;0
n3seq24;cgl;5;170;52000.0000000000;1965.83;3;0
n3seq24;cgl;6;200;52000.0000000000;2379.72;3;0
n3seq24;cgl;7;231;52000.0000000000;2794.82;3;0
n3seq24;cgl;8;254;52000.0000000000;3194.17;4;0
n3seq24;cgl;9;272;52000.0000000000;3609.08;5;0
n3seq24;cgl;10;307;52000.0000000000;4042.88;7;0
n3seq24;cgl;11;345;52000.0000000000;4464.25;12;0
n3seq24;cgl;12;376;52000.0000000000;4896.80;12;0
n3seq24;cgl;13;400;52000.0000000000;5335.25;12;0
n3seq24;cgl;14;436;52000.0000000000;5774.13;12;0
n3seq24;cgl;15;471;52000.0000000000;6217.72;12;0
n3seq24;cgl;16;513;52000.0000000000;6659.04;12;0
n3seq24;cgl;17;549;52000.0000000000;7118.69;13;0
n3seq24;cgl;18;576;52000.0000000000;7586.11;13;0
n3seq24;cgl;19;615;52000.0000000000;8061.72;13;0
n3seq24;cgl;20;641;52000.0000000000;8532.56;13;0
n3seq24;cgl;21;663;52000.0000000000;9018.59;13;0
n3seq24;cgl;22;695;51999.9999999999;9501.31;13;0
n3seq24;cgl;23;703;52000.0000000000;9997.66;13;0
n3seq24;cgl-opt;24;727;52000.0000000000;10474.46;14;0
