neos-2991472-kalu;cgl;0;0;0.0000000000;143.24;0;0
neos-2991472-kalu;cgl;1;24;0.0000000000;465.06;2;0
neos-2991472-kalu;cgl;2;49;0.0000000000;773.94;70;0
neos-2991472-kalu;cgl;3;66;0.0000000000;1062.76;1489;0
neos-2991472-kalu;cgl;4;78;0.0000000000;1345.78;1489;0
neos-2991472-kalu;cgl;5;92;0.0000000000;1612.68;1489;0
neos-2991472-kalu;cgl;6;113;0.0000000000;1873.78;1489;0
neos-2991472-kalu;cgl;7;128;0.0000000000;2122.52;1489;0
neos-2991472-kalu;cgl;8;138;0.0000000000;2371.60;1489;0
neos-2991472-kalu;cgl;9;152;0.0000000000;2633.18;1489;0
neos-2991472-kalu;cgl;10;163;0.0000000000;2897.18;1489;0
neos-2991472-kalu;cgl;11;174;0.0000000000;3188.68;1490;0
neos-2991472-kalu;cgl;12;181;0.0000000000;3466.07;1490;0
neos-2991472-kalu;cgl;13;192;0.0000000000;3738.92;1490;0
neos-2991472-kalu;cgl;14;213;0.0000000000;3999.87;1490;0
neos-2991472-kalu;cgl;15;229;0.0000000000;4262.59;1490;0
neos-2991472-kalu;cgl;16;249;0.0000000000;4536.62;1490;0
neos-2991472-kalu;cgl;17;262;0.0000000000;4815.35;1728;0
neos-2991472-kalu;cgl;18;271;0.0000000000;5080.23;1728;0
neos-2991472-kalu;cgl;19;283;0.0000000000;5338.51;1743;0
neos-2991472-kalu;cgl;20;305;0.0000000000;5592.19;2847;0
neos-2991472-kalu;cgl;21;319;0.0000000000;5874.24;2894;0
neos-2991472-kalu;cgl;22;332;0.0000000000;6130.41;2894;0
neos-2991472-kalu;cgl;23;338;0.0000000000;6381.94;2894;0
neos-2991472-kalu;cgl;24;352;0.0000000000;6637.44;2894;0
neos-2991472-kalu;cgl;25;357;0.0000000000;6892.56;2894;0
neos-2991472-kalu;cgl;26;371;0.0000000000;7134.30;2894;0
neos-2991472-kalu;cgl;27;384;0.0000000000;7382.86;2894;0
neos-2991472-kalu;cgl;28;398;0.0000000000;7648.09;2894;0
neos-2991472-kalu;cgl;29;408;0.0000000000;7915.00;2894;0
neos-2991472-kalu;cgl;30;419;0.0000000000;8179.71;2894;0
neos-2991472-kalu;cgl;31;434;0.0000000000;8441.03;2894;0
neos-2991472-kalu;cgl;32;445;0.0000000000;8698.85;2894;0
neos-2991472-kalu;cgl;33;454;0.0000000000;8966.27;2894;0
neos-2991472-kalu;cgl;34;466;0.0000000000;9238.62;2894;0
neos-2991472-kalu;cgl;35;475;0.0000000000;9497.82;2894;0
neos-2991472-kalu;cgl;36;487;0.0000000000;9765.71;2894;0
neos-2991472-kalu;cgl;37;506;0.0000000000;10034.61;2894;0
neos-2991472-kalu;cgl;38;514;0.0000000000;10294.76;2894;0
neos-2991472-kalu;cgl-opt;39;518;0.0000000000;10560.51;2894;0
