neos-4306827-ravan;cgl;0;0;-35696.9019131650;37.96;0;0
neos-4306827-ravan;cgl;1;147;-27252.2918827564;101.93;3;2
neos-4306827-ravan;cgl;2;306;-27107.9198516124;130.14;58;2
neos-4306827-ravan;cgl;3;419;-27106.2479452228;143.34;107;2
neos-4306827-ravan;cgl;4;481;-27106.2479452229;157.90;134;2
neos-4306827-ravan;cgl;5;541;-27106.2479452228;170.68;139;2
neos-4306827-ravan;cgl;6;571;-27106.2479452228;183.05;141;2
neos-4306827-ravan;cgl;7;585;-27106.2479452229;195.20;142;2
neos-4306827-ravan;cgl;8;596;-27106.2479452229;207.75;145;2
neos-4306827-ravan;cgl;9;602;-27106.2479452229;220.74;145;2
neos-4306827-ravan;cgl;10;608;-27106.2479452229;233.21;145;2
neos-4306827-ravan;cgl;11;614;-27106.2479452229;245.50;145;2
neos-4306827-ravan;cgl;12;620;-27106.2479452229;258.55;145;2
neos-4306827-ravan;cgl;13;625;-27106.2479452229;272.13;145;2
neos-4306827-ravan;cgl;14;630;-27106.2479452229;285.23;145;2
neos-4306827-ravan;cgl;15;636;-27106.2479452229;298.15;145;2
neos-4306827-ravan;cgl;16;642;-27106.2479452229;311.44;145;2
neos-4306827-ravan;cgl;17;646;-27100.6567427957;324.91;145;2
neos-4306827-ravan;cgl;18;650;-27100.6567427957;337.90;145;2
neos-4306827-ravan;cgl;19;653;-27084.0203925474;350.98;145;2
neos-4306827-ravan;cgl;20;658;-27084.0203925474;363.99;147;2
neos-4306827-ravan;cgl;21;659;-27084.0203925474;377.38;147;2
neos-4306827-ravan;cgl;22;659;-27084.0203925474;389.49;147,2
