neos-4954274-beardy;cgl;0;0;18659.2082818160;4.68;0;0
neos-4954274-beardy;cgl;1;482;18691.0509259709;10.12;1;0
neos-4954274-beardy;cgl;2;823;18752.3019363174;15.64;12;0
neos-4954274-beardy;cgl;3;1101;18767.3459665254;20.50;18;0
neos-4954274-beardy;cgl;4;1310;18803.0662644887;25.58;26;0
neos-4954274-beardy;cgl;5;1425;18808.9086643079;29.83;30;0
neos-4954274-beardy;cgl;6;1532;18811.8181738389;33.45;34;0
neos-4954274-beardy;cgl;7;1574;18814.0146239714;37.71;34;0
neos-4954274-beardy;cgl;8;1621;18814.3968199184;41.16;34;0
neos-4954274-beardy;cgl;9;1639;18814.3968199184;43.72;34;0
neos-4954274-beardy;cgl;10;1641;18814.3968199184;46.34;34;0
neos-4954274-beardy;cgl;11;1641;18814.3968199184;48.83;34,0
