trdta8265;cgl;0;0;-187030.8441746523;5.51;0;0
trdta8265;cgl;1;608;-187022.9751038311;11.95;32;0
trdta8265;cgl;2;2016;-187001.4712815555;33.09;2688;0
trdta8265;cgl;3;4326;-186939.7762181918;66.71;30497;0
trdta8265;cgl;4;6883;-186825.0334389290;110.87;112808;0
trdta8265;cgl;5;9750;-186745.2003401720;154.83;222886;0
trdta8265;cgl;6;12354;-186706.0928759637;190.59;361041;0
trdta8265;cgl;7;15036;-186660.8949191913;242.06;497401;0
trdta8265;cgl;8;17582;-186630.3429895250;303.60;643796;0
trdta8265;cgl;9;19707;-186608.4217765881;358.20;797663;0
trdta8265;cgl;10;21545;-186585.5747090265;400.92;934837;0
trdta8265;cgl;11;22937;-186565.9803375422;444.39;1048381;0
trdta8265;cgl;12;24491;-186551.1445125262;486.83;1154265;0
trdta8265;cgl;13;25752;-186536.3623123496;524.98;1252937;0
trdta8265;cgl;14;26933;-186523.8023133232;570.36;1383688;0
trdta8265;cgl;15;27998;-186503.6175043611;623.19;1460717;0
trdta8265;cgl;16;28978;-186494.1898472426;666.73;1577223;0
trdta8265;cgl;17;29846;-186479.5187010360;713.80;1671199;0
trdta8265;cgl;18;30701;-186471.1100664497;776.21;1723646;0
trdta8265;cgl;19;31248;-186466.8250194921;816.68;1797157;0
trdta8265;cgl;20;31771;-186459.9533629548;863.91;1854564;0
trdta8265;cgl;21;32263;-186451.0662400740;910.66;1903690;0
trdta8265;cgl;22;32767;-186447.8906660974;947.63;1930765;0
trdta8265;cgl;23;33079;-186445.7732531125;976.24;1951658;0
trdta8265;cgl;24;33342;-186441.8142204212;1020.98;1968551;0
trdta8265;cgl;25;33620;-186440.9062005753;1057.02;1978635;0
trdta8265;cgl;26;33873;-186438.6751784511;1094.60;1989471;0
trdta8265;cgl;27;34084;-186437.2181971610;1125.86;2000144;0
trdta8265;cgl;28;34349;-186433.8737899385;1168.17;2007917;0
trdta8265;cgl;29;34469;-186433.6748330728;1193.55;2010813;0
trdta8265;cgl;30;34606;-186431.8719187038;1230.72;2020647;0
trdta8265;cgl;31;34754;-186430.4599918611;1262.25;2025586;0
trdta8265;cgl;32;34825;-186429.7027599078;1289.69;2026669;0
trdta8265;cgl;33;34864;-186429.2493523085;1316.46;2026824;0
trdta8265;cgl;34;34928;-186428.7228971444;1342.77;2027115;0
trdta8265;cgl;35;34957;-186428.2849244961;1368.74;2027644;0
trdta8265;cgl;36;35030;-186428.1189452756;1393.18;2028574;0
trdta8265;cgl;37;35103;-186427.9445943903;1417.19;2031522;0
trdta8265;cgl;38;35106;-186427.0469282980;1442.98;2031528;0
trdta8265;cgl;39;35201;-186424.2780570868;1482.25;2036034;0
trdta8265;cgl;40;35320;-186422.7925130120;1517.94;2046325;0
trdta8265;cgl;41;35421;-186418.6730156988;1558.19;2049032;0
trdta8265;cgl;42;35588;-186416.9088352908;1597.33;2058643;0
trdta8265;cgl;43;35716;-186416.1628104025;1630.33;2060540;0
trdta8265;cgl;44;35815;-186413.8324998799;1673.64;2068530;0
trdta8265;cgl;45;35933;-186408.9782591026;1723.66;2071702;0
trdta8265;cgl;46;36161;-186405.0500381743;1777.38;2085847;0
trdta8265;cgl;47;36271;-186403.5262161948;1819.08;2087807;0
trdta8265;cgl;48;36322;-186402.7478534380;1860.73;2088475;0
trdta8265;cgl;49;36372;-186400.3924512416;1905.09;2089047;0
trdta8265;cgl;50;36415;-186400.0677386673;1937.58;2089297;0
trdta8265;cgl;51;36415;-186400.0677386673;1937.58;2089297,0
