neos-4306827-ravan;cgl;0;0;-35696.9019131650;38.56;0;0
neos-4306827-ravan;cgl;1;159;-27252.2918827564;104.13;1;2
neos-4306827-ravan;cgl;2;332;-27107.9198516125;132.79;11;2
neos-4306827-ravan;cgl;3;465;-27106.2479452229;147.21;11;2
neos-4306827-ravan;cgl;4;536;-27106.2479452228;160.60;15;2
neos-4306827-ravan;cgl;5;585;-27106.2479452228;173.70;16;2
neos-4306827-ravan;cgl;6;611;-27106.2479452229;186.54;19;2
neos-4306827-ravan;cgl;7;631;-27106.2479452228;199.18;19;2
neos-4306827-ravan;cgl;8;649;-27106.2479452228;211.75;19;2
neos-4306827-ravan;cgl;9;655;-27106.2479452228;224.22;19;2
neos-4306827-ravan;cgl;10;660;-27106.2479452228;236.76;19;2
neos-4306827-ravan;cgl;11;666;-27106.2479452229;249.34;19;2
neos-4306827-ravan;cgl;12;670;-27106.2479452229;261.89;19;2
neos-4306827-ravan;cgl;13;676;-27106.2479452228;274.34;19;2
neos-4306827-ravan;cgl;14;682;-27106.2479452229;286.89;19;2
neos-4306827-ravan;cgl;15;688;-27106.2479452228;299.31;19;2
neos-4306827-ravan;cgl;16;694;-27106.2479452229;311.75;19;2
neos-4306827-ravan;cgl;17;699;-27100.6567427957;324.17;19;2
neos-4306827-ravan;cgl;18;702;-27100.6567427957;336.56;19;2
neos-4306827-ravan;cgl;19;706;-27084.0203925474;349.16;19;2
neos-4306827-ravan;cgl;20;708;-27084.0203925474;361.69;19;2
neos-4306827-ravan;cgl;21;710;-27084.0203925474;374.44;19;2
neos-4306827-ravan;cgl;22;710;-27084.0203925474;386.00;19,2
