trdtaunimep;cgl;0;0;1481830.2477746345;9.12;0;0
trdtaunimep;cgl;1;610;1955442.1002522283;12.41;0;0
trdtaunimep;cgl;2;1198;2076659.2700564414;15.76;0;0
trdtaunimep;cgl;3;1655;2097288.9727943405;18.28;0;0
trdtaunimep;cgl;4;1870;2104764.6239302675;20.61;2;0
trdtaunimep;cgl;5;2001;2109450.3626796301;23.14;2;0
trdtaunimep;cgl;6;2114;2109776.9908464630;25.19;2;0
trdtaunimep;cgl;7;2198;2112064.8729326702;27.57;4;0
trdtaunimep;cgl;8;2250;2114467.1303179213;29.73;4;0
trdtaunimep;cgl;9;2280;2114468.8703179210;31.71;4;0
trdtaunimep;cgl;10;2280;2114468.8703179210;33.60;4,0
