Stopped on time (no integer solution - continuous used) - objective value 105.06104856
      1 y(21)                  25.287055                       0
      2 y(22)                          1                       0
      3 y(43)                   32.90823                       0
      4 y(44)                          2                       0
      5 y(65)                  55.748153                       0
      6 y(66)                          2                       0
      7 y(87)                  90.519871                       0
      8 y(88)                          7                       0
      9 y(109)                 27.597739                       0
     20 releaseDateAndCP               1                    -127
     21 x(1,0,0)              0.82262837                       0
     23 x(1,2,0)               0.1058449                       0
     24 x(2,0,0)              0.41831653                       0
     27 x(3,0,0)              0.90120155                       0
     33 x(2,0,1)              0.41636377                       0
     41 x(25,1,1)           0.0078110195                       0
     54 x(45,0,2)              0.1811451                       0
     57 x(46,0,2)             0.40419745                       0
     81 x(4,0,3)              0.51964178                       0
     87 x(45,0,3)             0.12243528                       0
     93 x(47,0,3)             0.25912449                       0
    114 x(4,0,4)              0.33392169                       0
    117 x(5,0,4)              0.76205918                       0
    120 x(6,0,4)               0.8082354                       0
    123 x(7,0,4)              0.23069739                       0
    171 x(10,0,5)             0.65603501                       0
    225 x(7,0,6)              0.61844024                       0
    231 x(9,0,6)             0.092331697                       0
    239 x(11,2,6)             0.46952155                       0
    371 x(89,0,7)                      1                       0
    397 x(8,0,8)              0.27129453                       0
    400 x(9,0,8)              0.47245181                       0
    410 x(12,1,8)            0.011535552                       0
    511 x(12,1,9)             0.12226059                       0
    516 x(18,0,9)             0.14887677                       0
    587 x(98,0,9)             0.79942073                       0
    632 x(15,2,10)            0.57142857                       0
    707 x(97,0,10)            0.91011236                       0
    750 x(14,0,11)           0.031241671                       0
    772 x(29,0,11)            0.10070058                       0
    846 x(94,0,11)            0.84035714                       0
    893 x(14,0,12)           0.016338229                       0
    896 x(15,0,12)           0.015134312                       0
    899 x(16,0,12)            0.22975686                       0
    920 x(34,0,12)             0.7828761                       0
   1040 x(12,1,13)           0.032429011                       0
   1043 x(13,1,13)            0.85647263                       0
   1045 x(14,0,13)            0.65723358                       0
   1051 x(16,0,13)          0.0030297583                       0
   1192 x(12,1,14)            0.83377485                       0
   1203 x(16,0,14)            0.38145051                       0
   1359 x(13,1,15)            0.14352737                       0
   1367 x(16,0,15)            0.02242829                       0
   1370 x(17,0,15)            0.20505358                       0
   1551 x(19,0,16)          0.0030297583                       0
   1732 x(19,0,17)           0.077894114                       0
   1736 x(20,1,17)            0.41254947                       0
   1759 x(38,0,17)            0.48056047                       0
   1893 x(8,0,18)             0.72870547                       0
   1926 x(19,0,18)           0.006255849                       0
   2077 x(104,0,18)            0.2011304                       0
   2135 x(18,0,19)            0.15905945                       0
   2344 x(17,0,20)           0.024172207                       0
   2350 x(19,0,20)            0.17949257                       0
   2365 x(31,0,20)            0.10225458                       0
   2510 x(104,0,20)            0.7988696                       0
   2514 x(108,0,20)           0.20022924                       0
   2737 x(108,0,21)            0.2262717                       0
   2810 x(31,1,22)            0.39969434                       0
   3017 x(17,0,23)            0.77077421                       0
   3036 x(29,0,23)            0.89929942                       0
   3054 x(42,0,23)           0.013109973                       0
   3198 x(108,0,23)           0.19478901                       0
   3255 x(19,0,24)            0.33540356                       0
   3270 x(31,0,24)            0.49805108                       0
   3469 x(11,2,25)            0.32251427                       0
   3479 x(15,0,25)            0.23756555                       0
   3491 x(19,0,25)              0.244982                       0
   3705 x(11,2,26)            0.20796418                       0
   3712 x(14,0,26)            0.16307365                       0
   3727 x(19,0,26)            0.13254525                       0
   3731 x(20,1,26)            0.58745053                       0
   3933 x(9,0,27)             0.33391409                       0
   3954 x(16,0,27)            0.35951407                       0
   4193 x(16,0,28)          0.0038205043                       0
   4199 x(18,0,28)            0.14481534                       0
   4411 x(9,0,29)              0.1013024                       0
   4438 x(18,0,29)            0.54724844                       0
   4441 x(19,0,29)           0.020396898                       0
   4665 x(14,0,30)            0.13211288                       0
   4701 x(34,0,30)             0.2171239                       0
   4711 x(42,0,30)            0.98689003                       0
   4862 x(108,0,30)           0.37871005                       0
   4907 x(15,0,31)            0.17587156                       0
   5131 x(10,0,32)            0.34396499                       0
   5207 x(50,0,32)            0.25184683                       0
   5290 x(79,2,32)            0.16125798                       0
   5443 x(49,0,33)            0.28345646                       0
   5446 x(50,0,33)            0.74815317                       0
   5449 x(51,0,33)            0.39312777                       0
   5479 x(61,0,33)            0.17479435                       0
   5514 x(74,2,33)           0.085094461                       0
   5530 x(80,0,33)            0.15549273                       0
   5594 x(5,0,34)            0.089110608                       0
   5679 x(48,0,34)             0.3400862                       0
   5833 x(5,0,35)             0.14883021                       0
   5918 x(48,0,35)            0.29103916                       0
   5927 x(51,0,35)            0.17531868                       0
   5945 x(57,0,35)           0.022241528                       0
   6175 x(54,0,36)            0.23401921                       0
   6178 x(55,0,36)            0.04682106                       0
   6184 x(57,0,36)            0.26799743                       0
   6408 x(52,0,37)            0.32400668                       0
   6626 x(45,0,38)            0.52368501                       0
   6650 x(53,0,38)            0.86913556                       0
   6883 x(51,0,39)           0.093362731                       0
   6922 x(64,0,39)            0.37508395                       0
   7122 x(51,0,40)           0.057706768                       0
   7131 x(54,0,40)          0.0052549409                       0
   7391 x(61,0,41)            0.21375805                       0
   7509 x(6,0,42)              0.1917646                       0
   7615 x(56,0,42)           0.034030031                       0
   7618 x(57,0,42)            0.10159112                       0
   7622 x(58,1,42)            0.52098724                       0
   7624 x(59,0,42)            0.18901753                       0
   7627 x(60,0,42)            0.64537243                       0
   7636 x(63,0,42)           0.054430412                       0
   7872 x(62,0,43)            0.24364008                       0
   7875 x(63,0,43)            0.15795624                       0
   8081 x(52,0,44)            0.10907314                       0
   8320 x(52,0,45)            0.26574021                       0
   8568 x(55,0,46)            0.53564696                       0
   8777 x(45,0,47)            0.17273461                       0
   8798 x(52,0,47)            0.25136115                       0
   9028 x(49,0,48)            0.71654354                       0
   9034 x(51,0,48)            0.10924317                       0
   9049 x(56,0,48)            0.65644913                       0
   9282 x(54,0,49)            0.59366245                       0
   9300 x(60,0,49)            0.28506785                       0
   9742 x(48,0,51)            0.30679288                       0
   9775 x(59,0,51)            0.45155552                       0
   9778 x(60,0,51)          0.0062393665                       0
   9902 x(7,0,52)            0.088648495                       0
  10002 x(55,0,52)            0.11610986                       0
  10014 x(59,0,52)            0.34943983                       0
  10256 x(60,0,53)           0.063320354                       0
  10459 x(48,0,54)            0.06208175                       0
  10490 x(58,1,54)            0.47901276                       0
  10740 x(62,0,55)            0.14322002                       0
  10743 x(63,0,55)            0.43638995                       0
  10979 x(62,0,56)           0.083792825                       0
  10982 x(63,0,56)             0.3512234                       0
  11197 x(55,0,57)            0.10074523                       0
  11412 x(47,0,58)            0.74087551                       0
  11457 x(62,0,58)            0.52934708                       0
  11669 x(53,0,59)            0.13086444                       0
  11681 x(57,0,59)             0.4352303                       0
  11693 x(61,0,59)            0.57633483                       0
  11911 x(54,0,60)             0.1670634                       0
  11920 x(57,0,60)            0.17293963                       0
  11947 x(68,0,60)           0.022133031                       0
  12141 x(51,0,61)            0.17124087                       0
  12165 x(59,0,61)          0.0099871149                       0
  12180 x(64,0,61)            0.62491605                       0
  12186 x(68,0,61)            0.40678431                       0
  12365 x(46,0,62)            0.59580255                       0
  12425 x(68,0,62)            0.21076054                       0
  12631 x(55,0,63)            0.20067688                       0
  12649 x(61,0,63)           0.035112772                       0
  12761 x(4,0,64)             0.12593199                       0
  12861 x(52,0,64)           0.049818815                       0
  12873 x(56,0,64)            0.30952083                       0
  13000 x(4,0,65)             0.02050454                       0
  13009 x(7,0,65)            0.062213877                       0
  13139 x(67,0,65)            0.82149766                       0
  13161 x(74,1,65)            0.36272656                       0
  13400 x(74,1,66)           0.091065045                       0
  13617 x(67,0,67)            0.17850234                       0
  13635 x(73,0,67)            0.12658589                       0
  13868 x(71,0,68)            0.64299533                       0
  13874 x(73,0,68)            0.62390747                       0
  14104 x(70,0,69)            0.35615396                       0
  14107 x(71,0,69)            0.35700467                       0
  14340 x(69,0,70)           0.071678486                       0
  14343 x(70,0,70)            0.11578366                       0
  14821 x(70,0,72)           0.062718676                       0
  15060 x(70,0,73)            0.27204492                       0
  15296 x(69,0,74)            0.81531481                       0
  15299 x(70,0,74)            0.19329878                       0
  15535 x(69,0,75)           0.045263565                       0
  15553 x(75,0,75)            0.39306462                       0
  15783 x(72,0,76)            0.10027152                       0
  15792 x(75,0,76)           0.077621091                       0
  15801 x(78,0,76)            0.43616839                       0
  16022 x(72,0,77)            0.37468825                       0
  16031 x(75,0,77)            0.31182461                       0
  16261 x(72,0,78)            0.42993769                       0
  16270 x(75,0,78)            0.21261574                       0
  16500 x(72,0,79)           0.095102543                       0
  16509 x(75,0,79)          0.0048739366                       0
  16518 x(78,0,79)               0.12948                       0
  16751 x(76,0,80)            0.15004023                       0
  16757 x(78,0,80)            0.20158477                       0
  16766 x(81,0,80)           0.065350662                       0
  16990 x(76,0,81)            0.18004828                       0
  16994 x(77,1,81)            0.26655938                       0
  16996 x(78,0,81)            0.23276683                       0
  17229 x(76,0,82)            0.66991149                       0
  17472 x(77,1,83)            0.68045059                       0
  17483 x(81,0,83)            0.34953743                       0
  17711 x(77,1,84)           0.052990023                       0
  17722 x(81,0,84)           0.019871259                       0
  17728 x(83,0,84)            0.48012874                       0
  17967 x(83,0,85)            0.51987126                       0
  18203 x(82,0,86)            0.48012874                       0
  18433 x(79,0,87)            0.12696991                       0
  18439 x(81,0,87)            0.35057197                       0
  18442 x(82,0,87)            0.51987126                       0
  18448 x(84,0,87)           0.099301663                       0
  18451 x(85,0,87)            0.89602575                       0
  18454 x(86,0,87)            0.21509245                       0
  18672 x(79,0,88)            0.21893659                       0
  18687 x(84,0,88)           0.091111876                       0
  18693 x(86,0,88)            0.59961864                       0
  18911 x(79,0,89)            0.46964076                       0
  18932 x(86,0,89)           0.018225732                       0
  19118 x(68,1,90)            0.36032212                       0
  19150 x(79,0,90)            0.02319476                       0
  19165 x(84,0,90)            0.80958646                       0
  19374 x(74,0,91)            0.46111394                       0
  19410 x(86,0,91)           0.059288963                       0
  19600 x(69,2,92)            0.06774314                       0
  19646 x(85,0,92)            0.10397425                       0
  19667 x(97,2,92)            0.08988764                       0
  19683 x(1,0,93)            0.071526724                       0
  19871 x(80,1,93)            0.16249685                       0
  19888 x(86,0,93)            0.10777422                       0
  19928 x(3,0,94)            0.098798455                       0
  20090 x(73,2,94)            0.24950664                       0
  20110 x(80,1,94)             0.3590933                       0
  20349 x(80,1,95)            0.32291712                       0
  20353 x(81,2,95)            0.14093475                       0
  20403 x(2,0,96)              0.1653197                       0
  20592 x(81,2,96)            0.07373393                       0
  20625 x(99,0,96)          0.0083158798                       0
  20628 x(102,2,96)          0.062987444                       0
  20634 x(106,0,96)          0.018959243                       0
  20871 x(105,1,97)          0.021022884                       0
  37157 x(23,0,1)             0.96669823                       0
  37161 x(24,1,1)             0.31297983                       0
  37162 x(25,2,1)             0.61229272                       0
  37179 x(24,1,4)             0.31297983                       0
  37193 x(26,2,6)             0.19965284                       0
  37194 x(27,0,6)              0.7502367                       0
  37204 x(26,2,7)            0.070385627                       0
  37207 x(32,0,7)            0.029092272                       0
  37215 x(26,2,8)             0.70089065                       0
  37218 x(28,1,8)            0.061893948                       0
  37221 x(30,1,8)             0.95458849                       0
  37241 x(32,0,9)            0.029092272                       0
  37252 x(27,0,10)             0.2497633                       0
  37259 x(32,0,10)            0.16801761                       0
  37278 x(32,0,11)           0.029092272                       0
  37293 x(28,1,12)            0.22013161                       0
  37303 x(35,0,12)            0.34231333                       0
  37305 x(36,0,12)           0.085368786                       0
  37316 x(28,1,13)          0.0026798674                       0
  37326 x(35,0,13)             0.3731278                       0
  37345 x(32,0,14)            0.43929366                       0
  37349 x(35,0,14)            0.06027137                       0
  37377 x(39,0,15)            0.14401719                       0
  37397 x(33,1,16)            0.51050327                       0
  37403 x(37,2,16)            0.67675637                       0
  37432 x(39,0,17)             0.3202805                       0
  37452 x(33,1,18)            0.16201934                       0
  37502 x(28,1,20)            0.65622358                       0
  37508 x(32,0,20)            0.10684707                       0
  37518 x(39,0,20)             0.1805618                       0
  37531 x(26,2,21)           0.029070885                       0
  37542 x(33,1,21)            0.22459814                       0
  37548 x(37,2,21)           0.031231605                       0
  37556 x(41,2,21)            0.36392327                       0
  37580 x(37,2,22)            0.29201203                       0
  37614 x(39,0,23)             0.1805618                       0
  37630 x(28,1,24)           0.020146848                       0
  37652 x(41,2,24)            0.63607673                       0
  37674 x(36,0,25)            0.14276242                       0
  37681 x(40,0,25)            0.18804212                       0
  37694 x(28,1,26)           0.038924151                       0
  37710 x(39,0,26)            0.17457871                       0
  37722 x(25,2,27)            0.33334691                       0
  37745 x(40,0,27)            0.19684266                       0
  37754 x(25,2,28)           0.046549353                       0
  37766 x(33,1,28)           0.027329304                       0
  37768 x(35,0,28)           0.083278654                       0
  37802 x(36,0,29)            0.53825315                       0
  37825 x(30,0,30)           0.045411509                       0
  37845 x(23,0,31)           0.033301774                       0
  37860 x(32,0,31)            0.19856484                       0
  37862 x(33,1,31)           0.075549944                       0
  37864 x(35,0,31)           0.040275592                       0
  37866 x(36,0,31)           0.001956657                       0
  37901 x(38,2,32)            0.51943953                       0
  37905 x(40,0,32)           0.010746036                       0
  37930 x(36,0,33)            0.23165898                       0
  37944 x(24,0,34)            0.37404033                       0
  37969 x(40,0,34)            0.60436918                       0
  37992 x(35,0,35)            0.10073326                       0
  42135 x(90,1,7)                      1           -0.0030657585
  42136 x(91,0,7)                      1                       0
  42146 x(92,0,9)                      1                       0
  42149 x(98,1,9)             0.20057927                       0
  42156 x(95,1,10)            0.74756534                       0
  42165 x(93,2,11)                     1                       0
  42166 x(94,1,11)            0.15964286                       0
  42171 x(100,0,11)           0.60573645                       0
  42172 x(100,1,11)           0.27391599                       0
  42182 x(96,1,12)            0.66506874                       0
  42186 x(99,1,12)            0.19936678                       0
  42187 x(99,2,12)            0.47423037                       0
  42190 x(103,0,12)           0.73371013                       0
  42207 x(99,2,13)            0.21304577                       0
  42282 x(96,1,17)          0.0095875885                       0
  42287 x(99,2,17)             0.1050412                       0
  42306 x(96,1,18)            0.32534368                       0
  42317 x(102,0,18)           0.75619357                       0
  42318 x(103,0,18)           0.26628987                       0
  42343 x(102,0,19)           0.18081899                       0
  42347 x(106,1,19)          0.094634787                       0
  42348 x(106,2,19)           0.34626771                       0
  42373 x(106,1,20)           0.54013826                       0
  42382 x(95,1,21)           0.029215941                       0
  42391 x(100,1,21)           0.12034756                       0
  42392 x(101,0,21)           0.48045216                       0
  42394 x(101,2,21)           0.51954784                       0
  42399 x(105,0,21)           0.97897712                       0
  42409 x(95,1,22)            0.22321872                       0
  42483 x(107,0,24)            0.6005652                       0
  42599 x(107,0,28)            0.3994348                       0
  46670 x(0,0,69)                      1                       0
  46755 x(21,0,18)            0.66877024                       0
  46777 x(21,0,40)            0.33122976                       0
  46999 x(22,0,91)                     1                       0
  47063 x(43,0,28)            0.67278465                       0
  47078 x(43,0,43)            0.32721535                       0
  47247 x(44,0,32)                     1                       0
  47392 x(65,0,50)            0.95209872                       0
  47512 x(65,0,170)          0.047901276                       0
  47653 x(66,0,130)                    1                       0
  47702 x(87,0,49)            0.65109352                       0
  47821 x(87,0,168)           0.34890648                       0
  47918 x(88,0,92)                     1                       0
  47987 x(109,0,26)            0.2011304                       0
  47989 x(109,0,28)            0.7988696                       0
  48141 u(0,0)                         1                       0
  48142 u(1,0)                 0.8941551                       0
  48144 u(1,2)                 0.1058449                       0
  48145 u(2,0)                         1                       0
  48148 u(3,0)                         1                       0
  48151 u(4,0)                         1                       0
  48154 u(5,0)                         1            -0.059710815
  48157 u(6,0)                         1                       0
  48160 u(7,0)                         1                       0
  48163 u(8,0)                         1                       0
  48166 u(9,0)                         1             -0.12122689
  48169 u(10,0)                        1                       0
  48174 u(11,2)                        1                       0
  48176 u(12,1)                        1                       0
  48179 u(13,1)                        1                       0
  48181 u(14,0)                        1                       0
  48184 u(15,0)               0.42857143                       0
  48186 u(15,2)               0.57142857                       0
  48187 u(16,0)                        1                       0
  48190 u(17,0)                        1                       0
  48193 u(18,0)                        1                       0
  48196 u(19,0)                        1                       0
  48200 u(20,1)                        1                       0
  48202 u(21,0)                        1                       0
  48203 u(22,0)                        1                       0
  48204 u(23,0)                        1                       0
  48207 u(24,0)               0.37404033                       0
  48208 u(24,1)               0.62595967                       0
  48211 u(25,1)             0.0078110195                       0
  48212 u(25,2)               0.99218898                       0
  48215 u(26,2)                        1                       0
  48216 u(27,0)                        1                       0
  48220 u(28,1)                        1                       0
  48222 u(29,0)                        1                       0
  48225 u(30,0)              0.045411509                       0
  48226 u(30,1)               0.95458849                       0
  48228 u(31,0)               0.60030566                       0
  48229 u(31,1)               0.39969434                       0
  48231 u(32,0)                        1                       0
  48235 u(33,1)                        1                       0
  48237 u(34,0)                        1                       0
  48240 u(35,0)                        1                       0
  48243 u(36,0)                        1                       0
  48248 u(37,2)                        1                       0
  48249 u(38,0)               0.48056047                       0
  48251 u(38,2)               0.51943953                       0
  48252 u(39,0)                        1                       0
  48255 u(40,0)                        1                       0
  48260 u(41,2)                        1                       0
  48261 u(42,0)                        1                       0
  48264 u(43,0)                        1                       0
  48265 u(44,0)                        1                       0
  48266 u(45,0)                        1                       0
  48269 u(46,0)                        1                       0
  48272 u(47,0)                        1                       0
  48275 u(48,0)                        1                       0
  48278 u(49,0)                        1                       0
  48281 u(50,0)                        1                       0
  48284 u(51,0)                        1                       0
  48287 u(52,0)                        1                       0
  48290 u(53,0)                        1                       0
  48293 u(54,0)                        1                       0
  48296 u(55,0)                        1                       0
  48299 u(56,0)                        1                       0
  48302 u(57,0)                        1                       0
  48306 u(58,1)                        1                       0
  48308 u(59,0)                        1                       0
  48311 u(60,0)                        1                       0
  48314 u(61,0)                        1                       0
  48317 u(62,0)                        1                       0
  48320 u(63,0)                        1                       0
  48323 u(64,0)                        1                       0
  48326 u(65,0)                        1                       0
  48327 u(66,0)                        1                       0
  48328 u(67,0)                        1                       0
  48331 u(68,0)               0.63967788                       0
  48332 u(68,1)               0.36032212                       0
  48334 u(69,0)               0.93225686                       0
  48336 u(69,2)               0.06774314                       0
  48337 u(70,0)                        1                       0
  48340 u(71,0)                        1                       0
  48343 u(72,0)                        1                       0
  48346 u(73,0)               0.75049336                       0
  48348 u(73,2)               0.24950664                       0
  48349 u(74,0)               0.46111394                       0
  48350 u(74,1)                0.4537916                       0
  48351 u(74,2)              0.085094461                       0
  48352 u(75,0)                        1                       0
  48355 u(76,0)                        1                       0
  48359 u(77,1)                        1                       0
  48361 u(78,0)                        1                       0
  48364 u(79,0)               0.83874202                       0
  48366 u(79,2)               0.16125798                       0
  48367 u(80,0)               0.15549273                       0
  48368 u(80,1)               0.84450727                       0
  48370 u(81,0)               0.78533132                       0
  48372 u(81,2)               0.21466868                       0
  48373 u(82,0)                        1                       0
  48376 u(83,0)                        1                       0
  48379 u(84,0)                        1                       0
  48382 u(85,0)                        1                       0
  48385 u(86,0)                        1                       0
  48388 u(87,0)                        1                       0
  48389 u(88,0)                        1                       0
  48390 u(89,0)                        1                       0
  48394 u(90,1)                        1                       0
  48396 u(91,0)                        1                       0
  48399 u(92,0)                        1                       0
  48404 u(93,2)                        1                       0
  48405 u(94,0)               0.84035714                       0
  48406 u(94,1)               0.15964286                       0
  48409 u(95,1)                        1                       0
  48412 u(96,1)                        1                       0
  48414 u(97,0)               0.91011236                       0
  48416 u(97,2)               0.08988764                       0
  48417 u(98,0)               0.79942073                       0
  48418 u(98,1)               0.20057927                       0
  48420 u(99,0)             0.0083158798                       0
  48421 u(99,1)               0.19936678                       0
  48422 u(99,2)               0.79231735                       0
  48423 u(100,0)              0.60573645                       0
  48424 u(100,1)              0.39426355                       0
  48426 u(101,0)              0.48045216                       0
  48428 u(101,2)              0.51954784                       0
  48429 u(102,0)              0.93701256                       0
  48431 u(102,2)             0.062987444                       0
  48432 u(103,0)                       1              -1.4640622
  48435 u(104,0)                       1                       0
  48438 u(105,0)              0.97897712                       0
  48439 u(105,1)             0.021022884                       0
  48441 u(106,0)             0.018959243                       0
  48442 u(106,1)              0.63477305                       0
  48443 u(106,2)              0.34626771                       0
  48444 u(107,0)                       1                       0
  48447 u(108,0)                       1                       0
  48450 u(109,0)                       1                       0
  48451 y(1)                   6.6519853                       0
  48452 y(2)                   16.287055                       0
  48453 y(3)                   9.2870547                       0
  48454 y(4)                   12.287055                       0
  48455 y(5)                   11.287055                       0
  48456 y(6)                   11.287055                       0
  48457 y(7)                   13.287055                       0
  48458 y(8)                   15.287055                       0
  48459 y(9)                   16.287055                       0
  48460 y(10)                  14.287055                       0
  48461 y(11)                  16.287055                       0
  48462 y(12)                  13.287055                       0
  48463 y(13)                  13.287055                       0
  48464 y(14)                  17.287055                       0
  48465 y(15)                  17.287055                       0
  48466 y(16)                  18.287055                       0
  48467 y(17)                  21.287055                       0
  48468 y(18)                  24.287055                       0
  48469 y(19)                  23.287055                       0
  48470 y(20)                  22.287055                       0
  48471 y(23)                  1.9990532                       0
  48472 y(24)                  14.282271                       0
  48473 y(25)                  10.923852                       0
  48474 y(26)                  7.9082302                       0
  48475 y(27)                  6.9990532                       0
  48476 y(28)                  17.791593                       0
  48477 y(29)                  21.791593                       0
  48478 y(30)                  8.9990532                       0
  48479 y(31)                  22.791593                       0
  48480 y(32)                   16.90823                       0
  48481 y(33)                   18.90823                       0
  48482 y(34)                   15.90823                       0
  48483 y(35)                   16.90823                       0
  48484 y(36)                   27.90823                       0
  48485 y(37)                   17.90823                       0
  48486 y(38)                  24.791593                       0
  48487 y(39)                   19.90823                       0
  48488 y(40)                   30.90823                       0
  48489 y(41)                   22.90823                       0
  48490 y(42)                   29.90823                       0
  48491 y(45)                  28.748153                       0
  48492 y(46)                  37.748153                       0
  48493 y(47)                  43.748153                       0
  48494 y(48)                  40.748153                       0
  48495 y(49)                  43.748153                       0
  48496 y(50)                  32.748153                       0
  48497 y(51)                  40.748153                       0
  48498 y(52)                  43.748153                       0
  48499 y(53)                  40.748153                       0
  48500 y(54)                  47.748153                       0
  48501 y(55)                  50.748153                       0
  48502 y(56)                  52.748153                       0
  48503 y(57)                  50.748153                       0
  48504 y(58)                  47.748153                       0
  48505 y(59)                  49.748153                       0
  48506 y(60)                  44.748153                       0
  48507 y(61)                  50.748153                       0
  48508 y(62)                  53.748153                       0
  48509 y(63)                  52.748153                       0
  48510 y(64)                  52.748153                       0
  48511 y(67)                  65.357005                       0
  48512 y(68)                  71.637969                       0
  48513 y(69)                  74.977926                       0
  48514 y(70)                  71.358613                       0
  48515 y(71)                  68.357005                       0
  48516 y(72)                  77.519871                       0
  48517 y(73)                  74.360587                       0
  48518 y(74)                  74.357005                       0
  48519 y(75)                  76.358613                       0
  48520 y(76)                  81.519871                       0
  48521 y(77)                  82.519871                       0
  48522 y(78)                  78.358613                       0
  48523 y(79)                  79.358613                       0
  48524 y(80)                  84.675364                       0
  48525 y(81)                  86.875865                       0
  48526 y(82)                  86.519871                       0
  48527 y(83)                  84.519871                       0
  48528 y(84)                  89.519871                       0
  48529 y(85)                  87.519871                       0
  48530 y(86)                  88.519871                       0
  48531 y(89)                          7                       0
  48532 y(90)                          7                       0
  48533 y(91)                          7                       0
  48534 y(92)                          9              0.20707727
  48535 y(93)                         11                       0
  48536 y(94)                         11             0.079940777
  48537 y(95)                         13                       0
  48538 y(96)                         14                       0
  48539 y(97)                  17.370787                       0
  48540 y(98)                          9                       0
  48541 y(99)                  13.436786                       0
  48542 y(100)                 12.203476                       0
  48543 y(101)                        21                       0
  48544 y(102)                  23.09384                       0
  48545 y(103)                 13.597739                       0
  48546 y(104)                 19.597739                       0
  48547 y(105)                 22.597739                       0
  48548 y(106)                        21                       0
  48549 y(107)                 25.597739                       0
  48550 y(108)                 24.597739                       0
  48551 d(1)                   4.6350694                       0
  48552 d(2)                           1                       0
  48553 d(3)                           3                       0
  48554 d(4)                           1                       0
  48555 d(5)                           2                       0
  48556 d(6)                           2                       0
  48557 d(7)                           1                       0
  48558 d(8)                           2                       0
  48559 d(9)                           5                       0
  48560 d(10)                          3              0.22545216
  48561 d(11)                          7             -0.27060301
  48562 d(12)                          4              0.37576931
  48563 d(13)                          5                       0
  48564 d(14)                          1              0.23783083
  48565 d(15)                          6                       0
  48566 d(16)                          3              0.56829884
  48567 d(17)                          2                       0
  48568 d(18)                          1                       0
  48569 d(19)                          2               1.0397317
  48570 d(20)                          3              0.28545613
  48571 d(23)                          5                       0
  48572 d(24)                  2.6259597                       0
  48573 d(25)                   8.984378                       0
  48574 d(26)                          8                       0
  48575 d(27)                          2                       0
  48576 d(28)                          4                       0
  48577 d(29)                          1                       0
  48578 d(30)                   8.909177                       0
  48579 d(31)                          2                       0
  48580 d(32)                          2                       0
  48581 d(33)                          4                       0
  48582 d(34)                          2             0.027028874
  48583 d(35)                          1                       0
  48584 d(36)                          3                       0
  48585 d(37)                          5                       0
  48586 d(38)                  6.1166372                       0
  48587 d(39)                          3                       0
  48588 d(40)                          2               0.2122393
  48589 d(41)                         10                       0
  48590 d(42)                          3                       0
  48591 d(45)                          4                       0
  48592 d(46)                          3                       0
  48593 d(47)                          4             0.064283049
  48594 d(48)                          3                       0
  48595 d(49)                          1              0.10658184
  48596 d(50)                          8                       0
  48597 d(51)                          3                       0
  48598 d(52)                          1              0.17818448
  48599 d(53)                          4             0.089836284
  48600 d(54)                          3             0.073242463
  48601 d(55)                          2              0.06001944
  48602 d(56)                          1             0.018612817
  48603 d(57)                          2                       0
  48604 d(58)                          5                       0
  48605 d(59)                          4             0.098904384
  48606 d(60)                          9                       0
  48607 d(61)                          2             0.030793457
  48608 d(62)                          2                       0
  48609 d(63)                          3              0.18744583
  48610 d(64)                          3              0.23769179
  48611 d(67)                          3             0.040847467
  48612 d(68)                  6.7206442                       0
  48613 d(69)                  2.5419451                       0
  48614 d(70)                          5             0.070565432
  48615 d(71)                          6                       0
  48616 d(72)                          5             0.079242202
  48617 d(73)                  1.9980266                       0
  48618 d(74)                  7.1628666                       0
  48619 d(75)                          3               0.1405207
  48620 d(76)                          5                       0
  48621 d(77)                          4                       0
  48622 d(78)                          1              0.10827014
  48623 d(79)                   5.161258                       0
  48624 d(80)                  1.8445073                       0
  48625 d(81)                   1.644006                       0
  48626 d(82)                          2                       0
  48627 d(83)                          3                       0
  48628 d(84)                          1             0.012080075
  48629 d(85)                          3                       0
  48630 d(86)                          2                       0
  48631 d(89)                          2                       0
  48632 d(90)                          4                       0
  48633 d(91)                          2                       0
  48634 d(92)                          2                       0
  48635 d(93)                         10                       0
  48636 d(94)                  2.4367857                       0
  48637 d(95)                          1                       0
  48638 d(96)                          7                       0
  48639 d(97)                  3.6292135                       0
  48640 d(98)                  3.2034756                       0
  48641 d(99)                  9.1609535                       0
  48642 d(100)                 1.3942636                       0
  48643 d(101)                 3.5977392                       0
  48644 d(102)                 2.5038996                       0
  48645 d(103)                         6                       0
  48646 d(104)                         3              0.72921696
  48647 d(105)                         3                       0
  48648 d(106)                 6.5977392                       0
  48649 d(107)                         2                       0
  48650 d(108)                         3                       0
