Optimal - objective value 5751714.32890420
    162 x262                1.62          -2.1316282e-14
    177 x277                 0.1          -2.1316282e-14
    186 x287                0.16          -2.8421709e-14
    190 x291            26.43658                       0
    192 x293            51.88342                       0
    196 x297                 3.8                       0
    206 x308                0.04                       0
    208 x310                0.04           1.4210855e-14
    438 x543          0.23532014          -5.6843419e-14
    457 x563                 1.8           8.5265128e-14
    471 x578                 3.6           5.6843419e-14
    674 x782               10.48          -2.8421709e-14
    677 x785           88.626378                       0
    678 x786           66.013622                       0
    683 x791               65.86                       0
    703 x812                 2.3                       0
    708 x817           4.0353099           1.4210855e-14
    709 x818            11.78469           2.8421709e-14
    717 x827                6.18          -1.7763568e-15
    721 x831               12.38                       0
    725 x836               55.08                       0
    733 x845                0.68                       0
    740 x852                10.3                       0
    743 x855               32.12          -1.4210855e-14
    751 x863                1.52                       0
    754 x866                1.46          -2.8421709e-14
    761 x873               73.44           1.4210855e-14
    981 x1096              317.7           1.4210855e-14
   1194 x1310              86.18          -5.6843419e-14
   1204 x1320                0.1          -5.6843419e-14
   1245 x1365                7.7           2.8421709e-13
   1273 x1393              267.2                       0
   1277 x1397               0.66           1.1368684e-13
   1283 x1403              31.86                       0
   1285 x1405              85.96          -4.2632564e-14
   1290 x1410               5.46                       0
   1297 x1417               13.3           3.5527137e-15
   1300 x1420              98.78                       0
   1306 x1426             136.82                       0
   1310 x1430              52.78          -5.6843419e-14
   1317 x1437               4.74                       0
   1320 x1440             113.84          -1.4210855e-14
   1327 x1447               9.88           1.1368684e-13
   1332 x1452               6.16           7.8159701e-14
   1337 x1457               1.94           1.1368684e-13
   1340 x1460              94.46          -1.4210855e-14
   1348 x1468              34.88                       0
   1353 x1473               35.2                       0
   1357 x1477              20.16           1.1368684e-13
   1362 x1482               10.3                       0
   1367 x1487              11.38           5.3290705e-14
   1372 x1492              54.66                       0
   1377 x1497               6.04          -5.6843419e-14
   1382 x1502               4.42          -1.7053026e-13
   1387 x1507               6.02          -1.1723955e-13
   1391 x1511              155.6          -3.5527137e-15
   1395 x1515             109.94           8.1712415e-14
   1396 x1516              28.44           5.6843419e-14
   1403 x1523             116.44                       0
   1405 x1525              14.76           8.5265128e-14
   1412 x1532                 14                       0
   1415 x1535             123.24           5.6843419e-14
   1420 x1540               6.72           5.6843419e-14
   1428 x1548              153.5          -1.7053026e-13
   1432 x1552              22.08          -3.5527137e-15
   1451 x1571              12.48                       0
   1460 x1580               0.04                       0
   1481 x1603                0.3                       0
   1495 x1618               0.04          -2.8421709e-14
   1502 x1626               1.14                       0
   1529 x1653                 11                       0
   1532 x1656               0.14          -2.8421709e-14
   1539 x1663               1.66          -2.8421709e-14
   1542 x1666              13.78          -2.8421709e-14
   1549 x1673               0.86          -2.8421709e-14
   1554 x1678               4.06           2.8421709e-14
   1557 x1681              10.22           2.8421709e-14
   1562 x1686              15.06          -2.8421709e-14
   1567 x1691               6.06           7.1054274e-15
   1572 x1696               0.58          -5.6843419e-14
   1577 x1701              11.34           2.8421709e-14
   1582 x1706               0.58                       0
   1587 x1711               0.46          -5.6843419e-14
   1592 x1716               0.16           2.8421709e-14
   1597 x1721              11.64           1.4210855e-14
   1604 x1728                3.6                       0
   1609 x1733               4.26                       0
   1612 x1736               2.44                       0
   1619 x1743                1.4           2.8421709e-14
   1624 x1748               1.62                       0
   1629 x1753               4.86           2.8421709e-14
   1632 x1756               0.66           1.4210855e-14
   1637 x1761                0.7           1.4210855e-14
   1642 x1766               0.52                       0
   1647 x1771               12.4                       0
   1652 x1776              11.78           4.2632564e-14
   1659 x1783               6.02                       0
   1662 x1786               1.18           1.4210855e-14
   1667 x1791               1.22                       0
   1672 x1796              15.24          -2.1316282e-14
   1677 x1801               0.04                       0
   1684 x1808              37.84          -2.8421709e-14
   1689 x1813                  6                       0
   1706 x1830             448.46          -1.4210855e-14
   1716 x1840               0.42           2.2737368e-13
   1758 x1886              26.98          -5.6843419e-14
   1785 x1913             377.74                       0
   1789 x1917               3.52           1.1368684e-13
   1795 x1923              74.04          -1.1368684e-13
   1797 x1925             463.34          -1.1368684e-13
   1802 x1930              17.54           7.8159701e-14
   1809 x1937              52.76          -1.1368684e-13
   1813 x1941             416.58                       0
   1818 x1946             557.42                       0
   1822 x1950              90.42                       0
   1823 x1951             122.54           1.1368684e-13
   1828 x1956              11.32           2.2737368e-13
   1832 x1960             521.14           1.2789769e-13
   1839 x1967              20.62           1.1368684e-13
   1844 x1972              21.96                       0
   1849 x1977              11.68           2.8421709e-13
   1852 x1980             384.42          -2.6290081e-13
   1860 x1988              86.72                       0
   1865 x1993              92.38          -1.1368684e-13
   1869 x1997              302.9           1.1368684e-13
   1874 x2002              57.12          -4.2632564e-14
   1879 x2007              64.98           1.1368684e-13
   1884 x2012             112.58           1.1368684e-13
   1889 x2017              37.84          -1.8474111e-13
   1894 x2022              19.66           1.1368684e-13
   1899 x2027              23.16                       0
   1903 x2031             488.74           7.1054274e-15
   1908 x2036             459.14                       0
   1915 x2043              257.1                       0
   1917 x2045               55.3          -7.1054274e-15
   1924 x2052              43.08           1.4210855e-14
   1927 x2055             504.94           1.9184654e-13
   1932 x2060              12.88           1.1368684e-13
   1940 x2068             870.24          -1.1368684e-13
   1944 x2072              75.62                       0
   1949 x2077               1.32          -1.1368684e-13
   1963 x2091               0.62                       0
   1987 x2115               0.26                       0
   2004 x2132               0.24                       0
   2043 x2191               0.04                       0
   2067 x2215           39.11658                       0
   2084 x2232              26.66                       0
   2104 x2252           51.92342                       0
   2147 x2315          3.6446799                       0
   2184 x2352          7.7153201                       0
   2203 x2391          121.42638                       0
   2227 x2415          274.33362                       0
   2244 x2432           47.19531                       0
   2264 x2452          124.24469                       0
   2307 x2515             490.58                       0
   2324 x2532              36.52                       0
   2344 x2552              40.72                       0
   2363 x2591                800                       0
   2387 x2615             320.86                       0
   2404 x2632             186.08                       0
   2424 x2652             639.34                       0
   2443 x2691               0.04                       0
   2467 x2715             129.82                       0
   2504 x2752              83.54                       0
   2523 x2791               2500                       0
   2547 x2815            2082.72                       0
   2564 x2832             851.48                       0
   2584 x2852            1759.78                       0
   2594 x2983               0.24                       0
   2598 x2987               0.26                       0
   2602 x2991               0.62                       0
   2689 x281               12.68          -1.4210855e-14
   2690 x541           3.6446799                       0
   2691 x801               73.54           1.4210855e-14
   2692 x1061             172.88          -3.5527137e-14
   2697 x302               20.98          -2.8421709e-14
   2699 x822                13.9           1.4210855e-14
   2700 x1082              36.52                       0
   2701 x1342               0.34           2.6645353e-14
   2703 x1862               2.68                       0
   2709 x1355               0.08           9.9475983e-14
   2711 x1875               1.14           2.8421709e-14
   2714 x583                2.08          -5.6843419e-14
   2715 x843                37.5           1.4210855e-14
   2716 x1103              40.72                       0
   2717 x1363               0.26          -5.6843419e-14
   2718 x1623               0.02                       0
   2719 x1883               1.56                       0
   2891 x2891               1224           2.8421709e-14
   2915 x2915               1600                       0
   2932 x2932                559          -2.8421709e-14
   2952 x2952          1141.4496                       0
   2991 x11                    1              -202877.81
   3015 x35                    1              -162339.04
   3032 x52                    1              -84444.071
   3052 x72                    1                       0
   3063 x83                    1                       0
