Stopped on time - objective value -1.50000000
      0 x12                  1.5                       0
      1 x1                     2                       0
      2 x2                     2                       0
      3 x3                     2                       0
      4 x4                     2                       0
      5 x5                   1.5                       0
      6 x6                     2                       0
      7 x7                   1.5                       0
      8 x8                   1.5                       0
      9 x9                   2.5                       0
     10 x10                  1.5                       0
     11 x11                  1.5                       0
     12 x13                    1                       0
     14 x15                    1                       0
     15 x16                    1                       0
     17 x18                    1                       0
     23 x24                    1                       0
     24 x25                    1                       0
     25 x26                    1                       0
     27 x28                    1                       0
     31 x32                    1                       0
     32 x33                    1                       0
     34 x35                    1                       0
     35 x36                    1                       0
     36 x37                    1                       0
     38 x39                    1                       0
     40 x41                    1                       0
     41 x42                    1                       0
     44 x45                    1                    -0.5
     45 x46                    1                    -0.5
     50 x51                    1                    -0.5
     52 x53                    1                       0
     53 x54                    1                       0
     55 x56                    1                       0
     59 x60                    1                       0
     61 x62                    1                       0
     62 x63                    1                       0
     65 x66                    1                       0
     69 x70                    1                       0
     70 x71                    1                       0
     74 x75                    1                       0
     76 x77                    1                       0
     80 x81                    1                       0
     81 x82                    1                       0
     82 x83                    1                       0
     83 x84                    1                       0
     85 x86                    1                       0
     86 x87                    1                       0
     88 x89                    1                       0
     95 x96                    1                       0
     98 x99                    1                       0
     99 x100                   1                       0
