Optimal - objective value -2451377.00000000
     46 x47                    1                   -1968
    141 x142                   1                   -1311
    238 x239                   1                   -1928
    250 x251                   1                   -5768
    253 x254                   1                   -8901
    257 x258                   1                   -9985
    260 x261                   1                   -6284
    261 x262                   1                   -5547
    266 x267                   1                   -9315
    268 x269                   1                   -5815
    270 x271                   1                   -8449
    274 x275                   1                   -6538
    277 x278                   1                   -9483
    280 x281                   1                   -9157
    289 x290                   1                   -6076
    292 x293                   1                   -6055
    296 x297                   1                   -7673
    297 x298                   1                   -7964
    300 x301                   1                   -7703
    305 x306                   1                   -8079
    306 x307                   1                   -8423
    310 x311                   1                   -9000
    314 x315                   1                   -8810
    317 x318                   1                   -9821
    319 x320                   1                   -9581
    321 x322                   1                   -8402
    324 x325                   1                   -7574
    329 x330                   1                   -7868
    332 x333                   1                   -9974
    333 x334                   1                   -9437
    336 x337                   1                   -9252
    339 x340                   1                   -7316
    343 x344                   1                   -9803
    345 x346                   1                   -5657
    350 x351                   1                   -7563
    353 x354                   1                   -9403
    354 x355                   1                   -6726
    357 x358                   1                   -3587
    361 x362                   1                   -5167
    364 x365                   1                   -8586
    367 x368                   1                   -8977
    370 x371                   1                   -4771
    372 x373                   1                   -7070
    376 x377                   1                   -4811
    379 x380                   1                   -8166
    381 x382                   1                   -6411
    386 x387                   1                   -8314
    387 x388                   1                   -9859
    392 x393                   1                   -9336
    395 x396                   1                   -9990
    397 x398                   1                   -2854
    400 x401                   1                   -6260
    402 x403                   1                   -9652
    405 x406                   1                   -8164
    410 x411                   1                   -8829
    413 x414                   1                   -6654
    416 x417                   1                   -7739
    419 x420                   1                   -9325
    420 x421                   1                   -9183
    425 x426                   1                   -7650
    427 x428                   1                   -8746
    430 x431                   1                   -5640
    434 x435                   1                   -8501
    436 x437                   1                   -8686
    441 x442                   1                   -5979
    444 x445                   1                   -7609
    447 x448                   1                   -1558
    451 x452                   1                   -8982
    454 x455                   1                   -6512
    456 x457                   1                   -8823
    459 x460                   1                   -7637
    463 x464                   1                   -9707
    467 x468                   1                   -4526
    468 x469                   1                   -9293
    473 x474                   1                   -5043
    474 x475                   1                   -9551
    479 x480                   1                   -6457
    480 x481                   1                   -8773
    483 x484                   1                   -8975
    488 x489                   1                   -9420
    490 x491                   1                   -9874
    493 x494                   1                   -7815
    496 x497                   1                   -8101
    499 x500                   1                   -6353
    501 x502                   1                   -9152
    506 x507                   1                   -7010
    509 x510                   1                   -4067
    511 x512                   1                   -6010
    522 x523                   1                   -1076
    536 x537                   1                   -4712
    537 x538                   1                   -2358
    552 x553                   1                   -4331
    563 x564                   1                   -3724
    565 x566                   1                   -4562
    569 x570                   1                   -2162
    571 x572                   1                   -2492
    574 x575                   1                   -4500
    576 x577                   1                   -4178
    580 x581                   1                   -3877
    582 x583                   1                   -4310
    588 x589                   1                   -3305
    591 x592                   1                   -4083
    596 x597                   1                   -4349
    597 x598                   1                   -4487
    601 x602                   1                   -3278
    607 x608                   1                   -3145
    609 x610                   1                   -4980
    613 x614                   1                   -3741
    616 x617                   1                   -4814
    618 x619                   1                   -3045
    621 x622                   1                   -3389
    626 x627                   1                   -3611
    632 x633                   1                   -1296
    634 x635                   1                   -3992
    644 x645                   1                   -3751
    647 x648                   1                   -3777
    648 x649                   1                   -4639
    658 x659                   1                   -2329
    661 x662                   1                   -4724
    663 x664                   1                   -4853
    668 x669                   1                   -2401
    670 x671                   1                   -3059
    680 x681                   1                   -4547
    688 x689                   1                   -4413
    691 x692                   1                   -1895
    695 x696                   1                   -3495
    698 x699                   1                   -4312
    699 x700                   1                   -4956
    703 x704                   1                   -2735
    713 x714                   1                   -3920
    721 x722                   1                   -4319
    723 x724                   1                   -1121
    730 x731                   1                   -4010
    740 x741                   1                   -3902
    742 x743                   1                   -2133
    746 x747                   1                   -4506
    751 x752                   1                   -4084
    755 x756                   1                   -1864
    757 x758                   1                   -3754
    760 x761                   1                   -2871
    765 x766                   1                   -4177
    770 x771                   1                   -2133
    775 x776                   1                   -3433
    777 x778                   1                   -3114
    781 x782                   1                   -4029
    785 x786                   1                   -4362
    792 x793                   1                   -4440
    796 x797                   1                   -2095
    801 x802                   1                   -4486
    804 x805                   1                   -4881
    812 x813                   1                   -4621
    821 x822                   1                   -4210
    826 x827                   1                   -4397
    834 x835                   1                   -3930
    838 x839                   1                   -4393
    840 x841                   1                   -4776
    844 x845                   1                   -4927
    872 x873                   1                   -3067
    881 x882                   1                   -4146
    883 x884                   1                   -4093
    887 x888                   1                   -3367
    888 x889                   1                   -3416
    899 x900                   1                   -3740
    904 x905                   1                   -3549
    906 x907                   1                   -3481
    917 x918                   1                   -1360
    919 x920                   1                   -4312
    931 x932                   1                   -4305
    935 x936                   1                   -1899
    938 x939                   1                   -4451
    945 x946                   1                   -4412
    948 x949                   1                   -4478
    953 x954                   1                   -3078
    958 x959                   1                   -3219
    962 x963                   1                   -3828
    963 x964                   1                   -4356
    970 x971                   1                   -1904
    976 x977                   1                   -4786
    979 x980                   1                   -4756
    981 x982                   1                   -4066
    997 x998                   1                   -1347
   1000 x1001                  1                   -4708
   1004 x1005                  1                   -4780
   1005 x1006                  1                   -4773
   1009 x1010                  1                   -3123
   1013 x1014                  1                   -3702
   1014 x1015                  1                   -4628
   1024 x1025                  1                   -3994
   1026 x1027                  1                   -3835
   1034 x1035                  1                   -2361
   1039 x1040                  1                   -4949
   1055 x1056                  1                   -4272
   1061 x1062                  1                   -4542
   1069 x1070                  1                   -4137
   1076 x1077                  1                   -4154
   1078 x1079                  1                   -4893
   1084 x1085                  1                   -4053
   1089 x1090                  1                   -3612
   1099 x1100                  1                   -4202
   1101 x1102                  1                   -4375
   1104 x1105                  1                   -1508
   1109 x1110                  1                   -2707
   1111 x1112                  1                   -2366
   1124 x1125                  1                   -2888
   1127 x1128                  1                   -2765
   1129 x1130                  1                   -1654
   1133 x1134                  1                   -2660
   1138 x1139                  1                   -4801
   1140 x1141                  1                   -4906
   1145 x1146                  1                   -4059
   1148 x1149                  1                   -4507
   1149 x1150                  1                   -4077
   1159 x1160                  1                   -4262
   1166 x1167                  1                   -3890
   1167 x1168                  1                   -4885
   1171 x1172                  1                   -4593
   1180 x1181                  1                   -4723
   1187 x1188                  1                   -1963
   1194 x1195                  1                   -4741
   1198 x1199                  1                   -4487
   1205 x1206                  1                   -4926
   1224 x1225                  1                   -4424
   1228 x1229                  1                   -3176
   1246 x1247                  1                   -3803
   1255 x1256                  1                   -4419
   1261 x1262                  1                   -4506
   1269 x1270                  1                   -2840
   1275 x1276                  1                   -2763
   1286 x1287                  1                   -4402
   1289 x1290                  1                   -4617
   1291 x1292                  1                   -2568
   1311 x1312                  1                    -864
   1390 x1391                  1                    -878
   1406 x1407                  1                    -607
   1410 x1411                  1                    -260
   1413 x1414                  1                   -1702
   1418 x1419                  1                   -1860
   1426 x1427                  1                   -1863
   1435 x1436                  1                    -820
   1446 x1447                  1                   -1800
   1453 x1454                  1                    -783
   1455 x1456                  1                   -1426
   1468 x1469                  1                   -1919
   1477 x1478                  1                   -1835
   1486 x1487                  1                   -1936
   1492 x1493                  1                    -469
   1502 x1503                  1                    -831
   1508 x1509                  1                    -644
   1509 x1510                  1                    -906
   1525 x1526                  1                    -706
   1551 x1552                  1                    -551
   1559 x1560                  1                    -864
   1591 x1592                  1                    -606
   1643 x1644                  1                    -993
   1657 x1658                  1                    -992
   1660 x1661                  1                    -802
   1662 x1663                  1                    -823
   1677 x1678                  1                    -961
   1710 x1711                  1                    -728
   1719 x1720                  1                    -695
   1752 x1753                  1                    -747
   1840 x1841                  1                    -958
   1862 x1863                  1                    -732
   1869 x1870                  1                    -861
   1891 x1892                  1                    -982
   1936 x1937                  1                    -723
   1986 x1987                  1                    -838
   2087 x2088                  1                    -895
   2178 x2179                  1                    -533
   2203 x2204                  1                    -868
   2212 x2213                  1                    -386
   2311 x2312                  1                    -817
   2503 x2504                  1                   -1693
   2505 x2506                  1                   -1532
   2530 x2531                  1                   -1674
   2532 x2533                  1                   -1993
   2557 x2558                  1                   -1331
   2561 x2562                  1                   -1210
   2564 x2565                  1                   -1761
   2567 x2568                  1                   -1915
   2571 x2572                  1                   -1656
   2578 x2579                  1                   -1723
   2581 x2582                  1                   -1629
   2588 x2589                  1                   -1815
   2591 x2592                  1                   -1934
   2594 x2595                  1                   -1353
   2598 x2599                  1                   -1079
   2603 x2604                  1                    -765
   2605 x2606                  1                   -1630
   2616 x2617                  1                   -1884
   2620 x2621                  1                   -1350
   2624 x2625                  1                   -1839
   2630 x2631                  1                   -1044
   2637 x2638                  1                   -1256
   2643 x2644                  1                   -1816
   2647 x2648                  1                   -1253
   2654 x2655                  1                   -1004
   2656 x2657                  1                   -1819
   2681 x2682                  1                   -1451
   2689 x2690                  1                   -1043
   2699 x2700                  1                   -1628
   2703 x2704                  1                   -1586
   2761 x2762                  1                    -561
   2764 x2765                  1                    -666
   2867 x2868                  1                     -93
   2871 x2872                  1                    -877
   2879 x2880                  1                    -669
   2936 x2937                  1                    -599
   2971 x2972                  1                    -835
   3024 x3025                  1                    -921
   3076 x3077                  1                    -626
   3094 x3095                  1                    -772
   3119 x3120                  1                    -398
   3378 x3379                  1                    -535
   3435 x3436                  1                    -789
   3446 x3447                  1                    -567
   3476 x3477                  1                    -644
   3570 x3571                  1                    -702
   3605 x3606                  1                    -839
   3646 x3647                  1                    -403
   3702 x3703                  1                    -599
   3725 x3726                  1                    -852
   3751 x3752                  1                    -807
   3755 x3756                  1                    -501
   3758 x3759                  1                    -494
   3760 x3761                  1                    -853
   3764 x3765                  1                    -315
   3765 x3766                  1                    -236
   3770 x3771                  1                    -103
   3773 x3774                  1                    -743
   3776 x3777                  1                    -553
   3779 x3780                  1                    -512
   3782 x3783                  1                    -163
   3784 x3785                  1                    -200
   3788 x3789                  1                    -123
   3791 x3792                  1                    -288
   3792 x3793                  1                    -259
   3796 x3797                  1                    -845
   3799 x3800                  1                    -802
   3803 x3804                  1                    -603
   3804 x3805                  1                    -681
   3807 x3808                  1                    -626
   3811 x3812                  1                    -606
   3814 x3815                  1                    -885
   3816 x3817                  1                    -126
   3821 x3822                  1                    -324
   3823 x3824                  1                    -459
   3826 x3827                  1                    -774
   3830 x3831                  1                    -820
   3831 x3832                  1                    -257
   3836 x3837                  1                    -445
   3838 x3839                  1                    -568
   3840 x3841                  1                    -570
   3844 x3845                  1                    -556
   3847 x3848                  1                    -581
   3851 x3852                  1                    -502
   3852 x3853                  1                    -710
   3855 x3856                  1                    -816
   3859 x3860                  1                    -816
   3863 x3864                  1                    -605
   3864 x3865                  1                    -630
   3867 x3868                  1                    -512
   3895 x3896                  1                    -470
   3921 x3922                  1                    -800
   3948 x3949                  1                   -9181
   3960 x3961                  1                    -528
   3970 x3971                  1                    -895
   3988 x3989                  1                    -520
   4026 x4027                  1                  -91104
   4032 x4033                  1                     -69
   4035 x4036                  1                    -564
   4036 x4037                  1                   -1560
   4038 x4039                  1                   -1361
   4041 x4042                  1                   -1912
   4042 x4043                  1                   -1629
   4045 x4046                  1                    -320
   4046 x4047                  1                    -539
   4048 x4049                  1                   -1421
   4050 x4051                  1                    -370
   4053 x4054                  1                    -542
   4055 x4056                  1                    -256
   4057 x4058                  1                   -1657
   4058 x4059                  1                    -526
   4060 x4061                  1                    -196
   4063 x4064                  1                    -261
   4065 x4066                  1                   -1328
   4067 x4068                  1                   -1879
   4069 x4070                  1                    -772
   4071 x4072                  1                    -384
   4072 x4073                  1                   -1064
   4075 x4076                  1                     -26
   4076 x4077                  1                   -1205
   4079 x4080                  1                    -632
   4081 x4082                  1                   -1115
   4082 x4083                  1                   -1493
   4085 x4086                  1                    -619
   4087 x4088                  1                   -1525
   4088 x4089                  1                    -468
   4090 x4091                  1                   -1191
   4092 x4093                  1                    -761
   4094 x4095                  1                   -1865
   4097 x4098                  1                   -1295
   4099 x4100                  1                    -303
   4100 x4101                  1                    -689
   4102 x4103                  1                   -1154
   4104 x4105                  1                    -207
   4107 x4108                  1                    -808
   4109 x4110                  1                   -1218
   4111 x4112                  1                    -831
   4113 x4114                  1                   -1577
   4114 x4115                  1                    -715
   4207 x4208                  1                  -13806
   4209 x4210                  1                  -11577
   4213 x4214                  1                  -11413
   4216 x4217                  1                  -17803
   4220 x4221                  1                  -19005
   4227 x4228                  1                  -18307
   4233 x4234                  1                   -6133
   4238 x4239                  1                  -15975
   4240 x4241                  1                   -2229
   4248 x4249                  1                  -15731
   4253 x4254                  1                  -17436
   4259 x4260                  1                  -15111
   4260 x4261                  1                  -15340
   4267 x4268                  1                   -7519
   4268 x4269                  1                  -18877
   4273 x4274                  1                  -17687
   4280 x4281                  1                  -12628
   4284 x4285                  1                  -18042
   4290 x4291                  1                  -13277
   4292 x4293                  1                  -19462
   4295 x4296                  1                   -7334
   4301 x4302                  1                  -16185
   4303 x4304                  1                  -15888
   4311 x4312                  1                  -10810
   4319 x4320                  1                   -7510
   4326 x4327                  1                  -11595
   4329 x4330                  1                   -9199
   4332 x4333                  1                  -15240
   4335 x4336                  1                  -18473
   4336 x4337                  1                  -10635
   4344 x4345                  1                  -14730
   4349 x4350                  1                   -9658
   4351 x4352                  1                   -4775
   4355 x4356                  1                  -16873
   4363 x4364                  1                  -13937
   4371 x4372                  1                  -18553
   4372 x4373                  1                  -13937
   4378 x4379                  1                  -13929
   4388 x4389                  1                  -19880
   4401 x4402                  1                   -8783
   4409 x4410                  1                  -12751
   4413 x4414                  1                  -11370
   4417 x4418                  1                  -19977
   4420 x4421                  1                  -18164
   4431 x4432                  1                  -13097
   4435 x4436                  1                  -11206
   4441 x4442                  1                  -15324
   4451 x4452                  1                   -8743
   4458 x4459                  1                   -2657
   4463 x4464                  1                  -17629
   4468 x4469                  1                  -14645
   4474 x4475                  1                   -5599
   4478 x4479                  1                  -13575
   4482 x4483                  1                  -14260
   4483 x4484                  1                  -19103
   4497 x4498                  1                  -18063
   4499 x4500                  1                  -18364
   4522 x4523                  1                   -4545
   4614 x4615                  1                   -3429
   4626 x4627                  1                   -3236
   4645 x4646                  1                   -2343
   4648 x4649                  1                   -4971
   4751 x4752                  1                    -403
   4755 x4756                  1                   -1998
   4758 x4759                  1                   -2034
   4759 x4760                  1                   -2859
   4763 x4764                  1                    -308
   4840 x4841                  1                   -8026
   4846 x4847                  1                   -9887
   4859 x4860                  1                   -8200
   4865 x4866                  1                   -4907
   4883 x4884                  1                   -5252
   4943 x4944                  1                   -7041
   4970 x4971                  1                   -5569
   5030 x5031                  1                   -5282
   5050 x5051                  1                   -6396
   5084 x5085                  1                   -8300
   5124 x5125                  1                   -7198
   5181 x5182                  1                   -7655
   5224 x5225                  1                   -5497
   5236 x5237                  1                   -8701
   5238 x5239                  1                   -5197
   5328 x5329                  1                   -8162
   5362 x5363                  1                   -8609
   5375 x5376                  1                   -8822
   5378 x5379                  1                   -7909
   5434 x5435                  1                   -8279
   5478 x5479                  1                   -4751
   5483 x5484                  1                   -6394
   5562 x5563                  1                   -7935
   5581 x5582                  1                   -7011
   5586 x5587                  1                   -6364
   5591 x5592                  1                   -8142
   5644 x5645                  1                   -4881
   5684 x5685                  1                   -1194
