Optimal - objective value 576.92491614
      0 z              576.92492           1.7759232e-16
      2 xac                    1              0.50989944
      6 xag                    1               10.341765
     35 xbm                    1              -11.031732
     39 xbq                    1               -11.65901
     60 xco                    1              -10.773691
     63 xcr                    1              -12.149859
     91 xdw                    1              -10.719504
     92 xdx                    1              -11.013945
     97 xef                    1               29.938845
     98 xeg                    1               21.642881
    116 xfa           0.76686817          -6.9388939e-17
    119 xfd          0.036836403           1.3357371e-16
    123 xfi         0.0083051094           2.5543803e-16
    124 xfj          0.030480236           8.3266727e-17
    126 xfl           0.63596365           1.4545656e-15
    127 xfm           0.35417279          -4.3205457e-17
    131 xfq                 0.04           -1.110223e-16
    132 xfr          0.011519557          -2.2551405e-17
    133 xfs          0.076653395           6.4184769e-16
    134 xft         0.0049252177           -2.220446e-16
    136 xfv          0.034275469          -1.0408341e-17
    145 xgh          0.021811942           3.1571967e-16
    147 xgj           0.92646577          -9.7144515e-17
    148 xgk                    1                       0
    158 xgu          0.051722291           3.6689402e-16
    170 xhj           0.90868382          -1.1860847e-14
    171 xhk            0.3504383          -1.0972126e-16
    174 xhn           0.74087788           8.6736174e-18
    187 xic          0.073642056          -1.8474805e-16
    189 xie           0.95127119           3.6718499e-14
    192 xih        0.00092063391           1.4311469e-17
    193 xij           0.06072812            1.179612e-16
    197 xin          0.073642056           2.4459601e-16
    198 xio         0.0046462658           7.1991024e-17
    202 xis           0.81168368          -6.0715322e-18
    206 xiw          0.023465998          -5.5511151e-17
    211 xjd           0.38340526          -1.1714889e-16
    215 xjh           0.02377397          -2.1684043e-18
    221 xjo           0.07960118          -2.1252097e-14
    222 xjp          0.048840862           -1.110223e-16
    224 xjr           0.89774694           4.3888504e-16
    225 xjs           0.38139238           5.9186597e-16
    227 xju          0.040775941          -7.7195195e-17
    228 xjv           0.14446346          -3.2959746e-16
    231 xka           0.47740065          -9.8293769e-16
    232 xkb           0.38937059          -6.9388939e-18
    241 xkl          0.020943347          -2.1510571e-16
    242 xkm           0.05459907           2.1415161e-15
    244 xko         0.0020908196           2.9403563e-16
    248 xks          0.032547431          -2.0135803e-15
    251 xkv                    1           4.4408921e-16
    252 xkw          0.022250077          -1.5525775e-16
    253 xkx        0.00079801537           -2.026157e-15
    255 xlb           0.45966399           -3.037284e-15
    256 xlc           0.33629227           2.0990154e-16
    264 xlk            0.1583557           -1.628038e-15
    266 xln                    1             -0.62297658
    267 xlo          0.021357471           7.1991024e-17
    268 xlp        0.00047473989          -3.3306691e-16
    271 xls        0.00063037838          -7.0689982e-17
    273 xlu          0.023225452           8.3266727e-17
    277 xma         0.0019554026           5.2041704e-18
    282 xmf          0.035372263          -2.8033131e-15
    287 xmk          0.039020822           1.6913554e-16
    288 xml           0.45991021          -1.0408341e-16
    290 xmo          0.030504179           5.1608023e-16
    291 xmp            0.9506844           9.8879238e-17
    294 xms           0.47811518          -1.2056328e-16
    296 xmu         0.0044375485          -7.2381337e-15
    300 xna           0.40420301          -5.6985666e-16
    311 xnl          0.068183945          -1.5265567e-16
    314 xnp                    1             -0.22756323
    315 xnq          0.012380839           6.2450045e-17
    316 xnr          0.042944785           1.1969592e-16
    318 xnt           0.46760581          -1.0234869e-16
    320 xnv         0.0037850009           1.2836954e-16
    321 xnw        0.00089660969          -1.6219665e-16
    324 xob                    1             -0.27883675
    325 xoc         0.0019580373          -7.8496237e-17
    332 xoj          0.073642056           -4.510281e-17
    333 xok           0.34193563          -5.9067334e-16
    335 xom         0.0084221506           6.7816846e-17
    341 xot           0.51901733           4.3715032e-16
    345 xox          0.055024791           1.7694179e-16
    349 xpd           0.72983547          -1.4129323e-15
    351 xpf          0.038912147          -8.8371151e-15
    354 xpi           0.23732529          -1.9394208e-15
    356 xpk          0.073642056            1.474515e-16
    357 xpl         0.0054876676          -2.6367797e-16
    358 xpm          0.073642056           6.7816846e-17
    359 xpn          0.073642056           2.7356589e-15
    366 xpv           0.76751326           1.2958384e-15
    370 xqb          0.071171039           1.6848502e-16
    374 xqf          0.017790266          -2.3288663e-16
    377 xqi           0.57826353           6.2883726e-18
    380 xql           0.73586912          -3.8968828e-14
    381 xqm           0.49247546          -1.9741153e-15
    383 xqo          0.035919459           5.1608023e-16
    387 xqt         0.0084516367           -2.220446e-16
    388 xqu          0.059611179          -1.6219665e-16
    390 xqw        0.00044830484           6.6786854e-17
    393 xrb          0.073642056          -1.0730349e-15
    394 xrc          0.048828272          -1.7179183e-16
    395 xrd           0.57975834          -1.8145208e-14
    397 xrf           0.89329316          -1.2880322e-16
    400 xri           0.17610607          -3.6276537e-14
    408 xrq           0.15473005           1.3617579e-16
    409 xrs          0.073642056           1.8507331e-16
    422 xsh           0.95349345            -4.98733e-16
    432 xsr          0.046506545          -6.4878658e-16
    433 xst                    1           3.0531133e-16
    438 xta          0.061113503           5.2041704e-18
    457 xtu           0.98945975          -1.3010426e-16
    459 xtw           0.94942675           5.8980598e-17
    461 xua           0.07279822          -5.2041704e-17
    465 xue          0.048728814           2.0816682e-16
    468 xuh                    1             -0.51446057
    474 xun          0.073642056          -7.7346983e-16
    475 xuo          0.010659629           1.8301333e-16
    477 xuq           0.79288911            1.179612e-16
    478 xur         0.0012821698           1.4398205e-16
    484 xva           0.16443719            3.052246e-15
    489 xvf          0.014632164             9.97466e-18
    492 xvi                    1             -0.65302834
    496 xvm           0.01668847            4.006127e-17
    498 xvo           0.80424218          -2.4860756e-16
    508 xwb         0.0061523272           3.4889626e-16
    509 xwc           0.53927936          -2.4225413e-15
    510 xwd           0.27016453           2.1250363e-16
    517 xwk          0.036607496          -1.5699247e-16
    521 xwo         0.0066443812           4.0505793e-16
    525 xws           0.14533549           6.9180772e-14
    527 xwu         0.0016764072           8.9338259e-17
    528 xwv          0.049962806           1.5612511e-16
    529 xwx           0.94417719           2.4676441e-16
    530 xxa          0.051223858          -1.0581813e-16
    534 xxe                    1            1.110223e-16
    541 xxl          0.073642056           1.3877788e-16
    543 xxn          0.038195952           2.6562953e-16
    544 xxo         0.0043344401           1.8301333e-16
    550 xxu           0.82909143          -1.3660947e-17
    552 xxw         0.0035122616           1.2143064e-16
    577 floac          447.92492                       0
    578 faac           234.02389           -3.469447e-18
    582 ffac           28.438033           1.3010426e-18
    584 fhac            9.287413            3.469447e-18
    585 fiac           14.634581          -2.2226145e-18
    586 fjac           21.831915           4.2825986e-18
    587 fkac           19.432821           8.6736174e-19
    588 flac            29.20314                       0
    589 fmac           1.9104283          -1.8431437e-18
    590 fnac           21.055215          -2.5343226e-18
    591 foac           16.974216          -1.4094628e-18
    594 frac           6.1316214           7.5894152e-19
    595 fsac           8.2527191           3.6659586e-18
    596 ftac           7.3715302            6.505213e-19
    597 fuac           21.089814          -5.3125906e-18
    599 fwac           3.3807466                       0
    600 fxac            4.906834           4.8789098e-18
    673 floag          576.92492                       0
    674 faag           125.97611           1.3010426e-18
    676 fcag                  42           -3.469447e-18
    679 ffag           64.132689            3.469447e-18
    680 fhag           69.956444            1.517883e-18
    683 fkag                  16           1.0842022e-19
    684 flag            67.51744          -4.0657581e-18
    686 fnag           59.162878           1.3552527e-20
    687 foag           18.235455                       0
    688 fpag           12.159711          -3.3610267e-18
    690 frag            49.92049                       0
    691 fsag            23.19446           4.4249001e-18
    692 ftag           9.6692385           2.3852448e-18
    694 fvag                  19           4.3368087e-19
   1369 flobm          576.92492            3.469447e-18
   1371 fbbm           213.30492           -3.469447e-18
   1372 fcbm           39.989721          -6.9388939e-18
   1375 ffbm           38.749633          -5.4210109e-18
   1376 fgbm           17.962618           1.7347235e-18
   1377 fhbm           6.9099084           6.6136333e-18
   1379 fjbm           9.2230448                       0
   1380 fkbm           59.560259          -2.8189256e-18
   1381 flbm                  24          -7.5301229e-18
   1383 fobm           44.639162                       0
   1384 fpbm           14.069835           2.1684043e-19
   1385 fqbm           28.928899           7.2099444e-18
   1387 fsbm           8.6279172            3.469447e-18
   1388 ftbm           20.808506          -6.9388939e-18
   1389 fubm           10.150491          -2.3852448e-18
   1390 fvbm                  40           6.5526469e-18
   1465 flobq          576.92492                       0
   1467 fbbq           273.69508           2.4665599e-18
   1468 fcbq           75.732202          -8.7549325e-18
   1469 fdbq           4.5564395           -9.486769e-19
   1475 fjbq           4.2171205           3.5778672e-18
   1476 fkbq           36.600893           -3.469447e-18
   1477 flbq                  20          -1.5636228e-18
   1479 fnbq           39.731004            3.469447e-18
   1480 fobq                  58           2.8731358e-18
   1482 frbq           32.965528            3.059483e-18
   1485 fubq           8.2844355           7.7927031e-18
   1486 fvbq                  19            3.469447e-18
   1488 fxbq           4.1422178           1.8431437e-18
   1969 floco          576.92492                       0
   1970 faco           100.50177                       0
   1971 fbco           1.3532201          -4.3368087e-18
   1972 fcco           251.81159          -3.1441863e-18
   1975 ffco           9.7260483          -2.1684043e-19
   1978 fico                  41          -1.9922215e-18
   1980 fkco           1.4328212            3.469447e-18
   1981 flco           47.175032           -3.469447e-18
   1982 fmco           1.9104283            3.469447e-18
   1985 fqco           22.173852           -6.505213e-19
   1986 frco                  16          -2.1684043e-19
   1988 ftco            37.68624          -9.2157185e-19
   1990 fvco           2.2470832            3.469447e-18
   1991 fwco                  39          -6.0444271e-18
   1992 fxco            4.906834           1.2793586e-17
   2041 flocr          576.92492                       0
   2042 facr           90.522121           -3.469447e-18
   2044 fccr           285.18841          -3.2526065e-18
   2045 fdcr                  41           1.1926224e-18
   2047 ffcr           18.711984          -9.7578196e-19
   2052 fkcr                  18                       0
   2053 flcr           34.398672          -6.9388939e-18
   2055 fncr           21.055215           -3.469447e-18
   2056 focr            1.840555           4.2012834e-19
   2061 fucr           1.0696505          -6.1257423e-18
   2063 fwcr           65.138308          -1.0408341e-17
   2713 flodw          576.92492          -6.9388939e-18
   2714 fadw                  23           3.9031278e-18
   2715 fbdw           18.551695            3.469447e-18
   2716 fcdw                  17                       0
   2717 fddw           203.07409           6.9388939e-18
   2720 fgdw                  44           3.0357661e-18
   2721 fhdw                  24           4.3368087e-18
   2723 fjdw                  18            3.469447e-18
   2725 fldw                  20          -4.7772658e-18
   2726 fmdw                  20           6.7220535e-18
   2727 fndw           47.133126           1.0015318e-17
   2729 fpdw           22.939842          -1.4636729e-18
   2730 fqdw                  23            3.469447e-18
   2731 frdw           62.180952          -1.0408341e-17
   2733 ftdw           3.1861148                       0
   2734 fudw                  20            3.469447e-18
   2736 fxdw           10.859093                       0
   2737 flodx          576.92492            3.469447e-18
   2740 fcdx           12.850126           4.6417406e-18
   2741 fddx           338.92591          -4.2825986e-18
   2743 ffdx                  34           -2.263272e-18
   2744 fgdx                  22           -3.469447e-18
   2745 fhdx                  22            3.469447e-18
   2747 fjdx           26.623781           2.8324782e-18
   2749 fldx           9.0710617           -3.469447e-18
   2751 fndx           27.016068           2.0735367e-18
   2754 fqdx           14.307513          -5.4210109e-17
   2755 frdx             67.7859          -2.1684043e-18
   2760 fwdx           2.3445579                       0
   2857 floef          576.92492           6.9388939e-18
   2861 fdef                  57           4.3368087e-18
   2862 feef            318.2662          -7.5894152e-19
   2864 fhef          0.70744525            3.469447e-18
   2865 fief           74.473884          -2.3852448e-18
   2868 flef          0.60132847           -3.469447e-18
   2872 fpef           23.066108                       0
   2873 fqef           5.5651612          -1.8744839e-18
   2874 fref           4.3749804           1.0299921e-18
   2876 ftef           34.142179          -5.9631119e-19
   2878 fvef                  20            3.469447e-18
   2879 fwef           37.317572           -3.469447e-18
   2880 fxef            1.410059           7.6056782e-17
   2881 floeg          576.92492          -6.9388939e-18
   2883 fbeg                  39           3.3339217e-18
   2885 fdeg           57.628061           -3.469447e-18
   2886 feeg            201.7338                       0
   2889 fieg            63.10117           2.5478751e-18
   2896 fpeg           27.840289          -8.3483567e-18
   2897 fqeg                  38           1.1612822e-18
   2899 fseg           6.7967743           6.9388939e-18
   2900 fteg           29.920242                       0
   2901 fueg                  23                       0
   2903 fweg           54.904577            3.469447e-18
   2904 fxeg                  35          -5.9631119e-19
   3313 flofa          378.19333           -3.469447e-18
   3315 fcfa                  58          -7.3996798e-18
   3318 fffa           138.58281           -3.469447e-18
   3321 fifa           35.634581           7.0473141e-18
   3322 fjfa           21.831915          -1.3552527e-20
   3323 fkfa           14.632164           -3.469447e-18
   3330 frfa           56.052112           2.0599841e-18
   3332 ftfa           34.142179           1.7455655e-17
   3335 fwfa           19.317572           -3.469447e-18
   3385 flofd          36.836403            1.002887e-18
   3389 fefd           1.4734561          -4.3368087e-19
   3390 fffd           35.362947           8.5380921e-19
   3481 flofi          8.3051094          -7.4267849e-18
   3486 fefi           8.1140919          -3.3610267e-18
   3487 fffi          0.19101752           6.6407383e-19
   3505 flofj          30.480236          -2.0599841e-18
   3511 fffj           30.480236          -8.6736174e-18
   3553 flofl          360.42335                       0
   3558 fefl           82.578116          -1.2902006e-17
   3559 fffl            141.0142                       0
   3562 fifl           13.355237          -1.7211709e-18
   3563 fjfl           22.051207                       0
   3565 fmfl            25.83754           4.3368087e-19
   3570 frfl           74.176987          -3.1225023e-17
   3576 fxfl            1.410059            3.469447e-18
   3577 flofm          173.61307           -3.469447e-18
   3582 fefm           17.421884           -3.469447e-18
   3583 fffm            140.0491            3.469447e-18
   3586 fifm           5.4840662                       0
   3594 frfm           10.658015                       0
   3673 flofq                 40          -2.8189256e-18
   3678 fefq                  40          -2.6020852e-18
   3697 flofr          11.519557          -5.9089018e-18
   3702 fefr           11.519557           4.2283885e-18
   3721 flofs          75.278093           1.0842022e-18
   3726 fefs           34.958407           2.6020852e-18
   3727 fffs           40.319686          -1.1519648e-19
   3745 floft          4.9252177          -1.7347235e-18
   3750 feft           4.9252177          -5.6378513e-18
   3793 flofv          34.275469           2.6562953e-18
   3798 fefv           34.275469                       0
   4009 flogh          21.811942           3.8489177e-18
   4010 fagh           20.481413          -3.9302329e-18
   4016 fggh           1.3305284          -3.1983964e-18
   4057 flogj          389.39068                       0
   4058 fagj          0.51858667           -3.469447e-18
   4062 fegj           45.123362           2.1684043e-19
   4063 ffgj           37.811271                       0
   4064 fggj           304.83629                       0
   4066 figj           1.1011701           1.5449881e-18
   4081 flogk          576.92492           7.5894152e-19
   4082 fagk           35.477879           1.4094628e-18
   4085 fdgk           14.628061                       0
   4086 fegk           55.610439           1.7347235e-17
   4087 ffgk            5.321418            3.469447e-18
   4088 fggk           212.60912          -3.9031278e-18
   4089 fhgk           29.956444           1.4094628e-18
   4090 figk                  22          -2.5478751e-18
   4092 flgk            28.51744           8.8904578e-18
   4094 fngk           20.162878           9.7578196e-19
   4095 fogk           18.235455           -3.469447e-18
   4098 frgk            32.92049            3.469447e-18
   4099 fsgk           12.991234            3.469447e-18
   4100 ftgk           15.589481            3.469447e-18
   4103 fwgk           54.904577           1.1926224e-18
   4104 fxgk                  18           7.5352051e-18
   4321 flogu          51.722291                       0
   4322 fagu           8.4982326          -6.9388939e-18
   4326 fegu                  41           2.1684043e-18
   4328 fggu           2.2240585          -6.9388939e-18
   4609 flohj          432.60874                       0
   4617 fhhj           201.60102                       0
   4618 fihj           32.712618          -2.1141942e-18
   4623 fohj           37.980676          -3.2526065e-19
   4627 fshj           76.052922           1.0299921e-18
   4628 fthj           14.538941          -1.0164395e-19
   4629 fuhj           47.704545          -3.7404975e-18
   4632 fxhj           22.018017           4.1199683e-18
   4633 flohk           189.4383            3.469447e-18
   4641 fhhk            114.2533          -4.3368087e-18
   4649 fqhk           10.532773          -1.0408341e-17
   4651 fshk            7.008766           4.4506499e-17
   4652 fthk           8.4105192          -3.4558944e-18
   4653 fuhk           46.335881           -3.469447e-18
   4655 fwhk           2.8970591           -4.472334e-19
   4705 flohn           317.8028                       0
   4712 fghn            9.540931          -3.0899762e-18
   4713 fhhn           107.14568          -2.8189256e-18
   4714 fihn           30.383879             8.74138e-18
   4715 fjhn          0.89428961           1.8973538e-18
   4723 fshn           24.722281           2.3039296e-18
   4725 fuhn            106.3544          -3.3339217e-18
   4727 fwhn                  18            3.239054e-18
   4728 fxhn           20.761336            3.469447e-18
   5017 floic          73.642056            1.249543e-17
   5025 fiic           43.798398          -9.3512437e-19
   5032 fpic           10.596575          -6.9388939e-18
   5038 fvic           19.247083           -3.469447e-18
   5065 floie           527.1961            3.469447e-18
   5067 fbie           58.976695          -1.8160386e-18
   5068 fcie                  44          -2.5478751e-18
   5072 fhie           17.707445           -3.469447e-18
   5073 fiie           179.43099          -1.1926224e-18
   5074 fjie           11.042253           1.9515639e-18
   5075 fkie           15.220339          -1.1926224e-18
   5076 flie           14.530267           -3.469447e-18
   5078 fnie           9.9839319                       0
   5080 fpie           50.906398          -6.9388939e-18
   5081 fqie           65.444398          -8.2687356e-17
   5085 fuie            39.95339          -2.3852448e-18
   5086 fvie                  20            3.469447e-18
   5137 floih         0.92063391           1.9244589e-18
   5145 fiih          0.88657045          -5.5294311e-18
   5147 fkih         0.034063455          -2.8189256e-18
   5161 floij           60.72812          -1.0842022e-18
   5168 fgij           5.8827386                       0
   5169 fhij           5.4789707           -3.469447e-18
   5170 fiij           24.243273          -9.7578196e-19
   5172 flij           15.748085          -6.9388939e-18
   5182 fvij           9.3750524            3.469447e-18
   5257 floin          73.642056          -3.9302329e-18
   5266 fiin           29.706579          -4.8924623e-18
   5272 fpin           4.8090343          -1.9515639e-18
   5278 fvin           39.126443           5.9631119e-19
   5281 floio          4.6462658          -1.3227267e-17
   5302 fvio           4.6462658           1.8126505e-18
   5377 flois           389.6086            3.469447e-18
   5386 fiis           243.93419           -2.493665e-18
   5387 fjis           11.259331           1.9244589e-18
   5388 fkis           4.4185055            3.469447e-18
   5390 fmis           9.2854333            3.469447e-18
   5391 fnis           20.763373                       0
   5393 fpis           5.6659519          -6.9388939e-18
   5394 fqis           34.438652          -4.3578151e-17
   5395 fris           20.379875           2.8731358e-18
   5398 fvis           39.463285            3.469447e-18
   5473 floiw          23.465998           -2.005774e-18
   5484 fkiw           23.465998           -3.469447e-18
   5593 flojd          210.75909            3.469447e-18
   5597 fejd           38.526544          -3.2526065e-18
   5598 ffjd           8.6331409           1.7347235e-18
   5599 fgjd                  66            3.469447e-18
   5600 fhjd           44.629588           -3.469447e-18
   5602 fjjd           14.952805          -3.1673209e-18
   5607 fojd                  18          -1.0842022e-19
   5614 fvjd           12.536715                       0
   5616 fxjd           7.4802973            2.992398e-17
   5689 flojh           23.77397           5.6595353e-17
   5690 fajh          0.51858667           -3.469447e-18
   5695 ffjh           1.9067684           1.0408341e-17
   5696 fgjh           10.991143          -1.4636729e-18
   5698 fjjh           1.8690224           2.8460307e-19
   5703 fojh           8.4884491          -3.1441863e-18
   5833 flojo            76.8796           3.3610267e-18
   5840 fgjo           1.2736189          -1.0706496e-17
   5841 fhjo           11.258844          -1.2630955e-17
   5843 fjjo            45.17049           7.5894152e-19
   5853 fujo           3.7019639          -7.9553334e-18
   5854 fvjo          0.93696397                       0
   5856 fxjo            14.53772           1.3444107e-17
   5857 flojp          48.840862          -4.0711792e-17
   5864 fgjp           31.459069          -5.3125906e-18
   5867 fjjp           17.381793            3.469447e-18
   5905 flojr          474.67186           9.7578196e-19
   5910 fejr           6.5968185           1.0299921e-17
   5912 fgjr           13.609368          -6.9388939e-18
   5913 fhjr           87.305942          -6.7762636e-18
   5914 fijr           20.600415          -4.1470733e-18
   5915 fjjr           253.70497           4.5536491e-18
   5920 fojr           16.159445           1.3823578e-18
   5923 fsjr           40.046725          -4.3368087e-19
   5925 fujr            36.64818          -2.3581397e-18
   5929 flojs          180.47679            3.469447e-18
   5935 ffjs           14.773546           2.3852448e-18
   5936 fgjs           66.609892          -5.2583805e-18
   5937 fhjs           3.8856162          -6.9388939e-18
   5939 fjjs           74.044495           -3.469447e-18
   5944 fojs           21.163237          -1.4989095e-17
   5977 floju          40.775941           4.6620693e-18
   5984 fgju           40.775941          -6.9388939e-18
   6001 flojv          97.671724            3.469447e-18
   6007 ffjv           3.9780514           6.9388939e-18
   6010 fijv           1.4566452          -1.1384123e-17
   6011 fjjv           48.876429            3.469447e-18
   6020 fsjv           36.006197                       0
   6022 fujv           7.3544017            3.469447e-18
   6073 floka          256.61673                       0
   6079 fgka           10.502814           -5.475221e-18
   6080 fhka           72.876564          -2.3852448e-18
   6083 fkka            64.07686           4.3368087e-19
   6085 fmka           12.890643           2.1684043e-19
   6086 fnka            13.95095          -3.7947076e-18
   6087 foka           35.209672           2.6427428e-18
   6093 fuka           34.306466           -3.469447e-18
   6094 fvka           12.802758           3.7947076e-19
   6097 flokb          160.41253                       0
   6103 fgkb           17.962618          -1.3010426e-18
   6104 fhkb           6.9099084          -3.1441863e-18
   6107 fkkb           118.35527                       0
   6109 fmkb           8.6453762           3.5778672e-18
   6117 fukb           8.5393506           -3.469447e-18
   6313 flokl          20.943347          -1.0516761e-17
   6320 fgkl           16.780289          -2.7538735e-17
   6324 fkkl           4.1630582          -3.5643146e-18
   6337 flokm          53.265972                       0
   6344 fgkm           3.2570936           1.2739376e-18
   6345 fhkm           13.090092            7.480995e-18
   6348 fkkm           26.917342            7.250602e-19
   6352 fpkm           10.001445           -1.517883e-18
   6385 floko          2.0908196          -1.0842022e-19
   6396 fkko           2.0908196           1.7347235e-18
   6481 floks          32.547431           1.0842022e-19
   6492 fkks           32.547431                       0
   6553 flokv          576.92492           2.2768246e-17
   6554 fakv           35.477879          -2.1684043e-19
   6555 fbkv           4.1847612          -1.0842022e-19
   6556 fckv           40.755955                       0
   6557 fdkv           32.235557                       0
   6558 fekv           18.610439           -3.469447e-18
   6559 ffkv            5.321418                       0
   6560 fgkv           68.106306          -1.2359905e-17
   6563 fjkv           34.290642                       0
   6564 fkkv           221.80112            3.469447e-18
   6567 fnkv           6.2119288          -1.6263033e-18
   6569 fpkv           13.716717          -3.0357661e-18
   6571 frkv            32.92049            3.469447e-18
   6574 fukv           3.4900647           -3.469447e-18
   6575 fwkv           41.801637           2.6020852e-18
   6576 fxkv                  18           1.0408341e-17
   6577 flokw          22.250077           3.0791342e-17
   6588 fkkw           22.250077          -8.6736174e-19
   6601 flokx         0.79801537                       0
   6612 fkkx          0.79801537           5.0957502e-18
   6649 flolb          229.54697                       0
   6652 fdlb           11.759731                       0
   6654 fflb           47.023584           -1.517883e-18
   6659 fklb           3.2415509          -1.1248598e-18
   6660 fllb           64.225215           -3.469447e-18
   6661 fmlb           7.3546238           3.1441863e-18
   6662 fnlb            33.06056           2.1684043e-19
   6665 fqlb           19.564285          -2.7105054e-19
   6666 frlb           20.176987           4.5299322e-18
   6669 fulb           18.998211           2.1819569e-18
   6672 fxlb           4.1422178            3.469447e-18
   6673 flolc          122.87747                       0
   6675 fblc           1.3532201           -3.469447e-18
   6684 fllc           96.370564           -3.469447e-18
   6689 fqlc           22.173852          -6.9388939e-18
   6693 fulc           2.9798363                       0
   6865 flolk          18.812436            3.469447e-18
   6867 fblk           7.7985278          -6.1257423e-18
   6876 fllk           6.3342279          -6.9388939e-18
   6881 fqlk           4.6796803          -1.1872014e-17
   6913 floln          576.92492          -1.2197274e-18
   6915 fbln                  19                       0
   6918 feln                  40          -9.7578196e-19
   6919 ffln           53.924906          -1.3877788e-17
   6921 fhln           16.065571          -3.1441863e-18
   6923 fjln         0.051207375            3.469447e-18
   6925 flln           326.51258          -3.7947076e-19
   6926 fmln           2.4841963           7.0473141e-18
   6927 foln                  24           6.9388939e-18
   6928 fpln           35.024357          -2.1684043e-19
   6929 fqln            8.722789          -1.3877788e-17
   6930 frln                  33            3.469447e-18
   6933 fuln           6.0386486           -3.469447e-18
   6936 fxln           12.100658           -3.469447e-18
   6937 flolo          21.357471           1.0842022e-19
   6950 fmlo           21.357471           -6.505213e-19
   6961 flolp         0.47473989           2.2768246e-18
   6974 fmlp          0.47473989          -4.4452289e-18
   7033 flols         0.63037838                       0
   7046 fmls          0.63037838          -4.3097036e-18
   7081 flolu          23.225452                       0
   7083 fblu           20.202639          -6.9388939e-18
   7093 fllu          0.55741085          -3.8489177e-18
   7094 fmlu           2.4654019          -4.3910188e-18
   7177 floma          1.9554026           5.1716444e-17
   7189 fmma           1.9554026           1.3010426e-18
   7297 flomf          29.503858                       0
   7299 fbmf          0.63670073           -3.469447e-18
   7309 fmmf           10.859285           1.4094628e-18
   7313 fqmf           18.007872          -6.9388939e-18
   7417 flomk          39.020822           3.8672136e-17
   7419 fbmk           5.7455941           3.5778672e-18
   7429 fmmk           23.213915           1.0950442e-17
   7431 fomk           10.061313           4.2961511e-18
   7441 floml          191.74475                       0
   7446 feml           17.421884           -3.469447e-18
   7447 ffml            22.93429           6.9388939e-18
   7448 fgml           2.2197112          -4.6349643e-18
   7452 fkml             23.4776           -1.383713e-17
   7453 fmml           61.441604           5.4210109e-19
   7454 fnml           8.2289834          -1.1926224e-18
   7456 fpml           40.172822           1.5017894e-18
   7457 fqml           15.847853          -6.9388939e-18
   7489 flomo          30.504179                       0
   7502 fmmo           30.504179           1.0733602e-17
   7513 flomp          527.60931            3.469447e-18
   7515 fbmp           127.00757          -1.3877788e-17
   7516 fcmp                  21            3.469447e-18
   7519 ffmp           95.864444          -9.6900569e-18
   7523 fjmp           39.003187            3.469447e-18
   7526 fmmp           149.42916          -2.1684043e-19
   7529 fqmp           95.304948           1.7211709e-17
   7585 floms          41.073961                       0
   7587 fbms           13.548363           -2.493665e-18
   7598 fmms           27.525598           1.3552527e-19
   7633 flomu          4.4375485           5.4210109e-20
   7635 fbmu           2.3666925          -1.1600963e-17
   7646 fmmu            2.070856           2.8731358e-18
   7729 flona          253.23318          -1.8431437e-18
   7734 ffna            13.98791           1.0408341e-17
   7736 fhna           6.3672929          -7.3725748e-18
   7740 flna            96.72058           1.8431437e-18
   7741 fmna           8.0867151           3.8353652e-18
   7742 fnna           98.003026           3.0764237e-18
   7747 fsna            6.941212           4.6349643e-18
   7750 fvna           23.126443          -2.8189256e-18
   7993 flonl          68.183945          -1.3108004e-16
   8001 fhnl           16.065571          -2.3852448e-18
   8002 finl           1.5471039           1.5449881e-18
   8006 fnnl           35.719734          -4.2283885e-18
   8008 fpnl           14.851535          -2.8189256e-18
   8065 flonp          576.92492           4.6620693e-18
   8071 ffnp          0.93699644                       0
   8073 fhnp           38.778388          -6.2883726e-18
   8074 finp           25.287435          -1.5924219e-17
   8075 fjnp          0.94549699                       0
   8077 flnp           83.349414          -8.4025668e-19
   8078 fmnp           2.4841963           2.6020852e-18
   8079 fnnp           284.92999          -3.8489177e-18
   8081 fqnp           1.9726241           -3.469447e-18
   8082 frnp                  16            3.469447e-18
   8085 funp           88.240377          -7.0744192e-18
   8086 fvnp                  16           1.6127507e-18
   8087 fwnp                  18           1.2197274e-19
   8089 flonq          12.380839           3.3881318e-21
   8103 fnnq           12.380839          -1.1449175e-16
   8113 flonr         0.94478528                       0
   8127 fnnr          0.94478528           -3.469447e-18
   8161 flont          167.50056                       0
   8173 flnt           68.442589                       0
   8175 fnnt           37.236627                       0
   8177 fpnt           10.334048           1.0625181e-17
   8178 fqnt           6.7501649           3.2526065e-19
   8184 fxnt            44.73713           2.4696093e-17
   8209 flonv          3.7850009            1.490778e-18
   8223 fnnv           3.7850009           8.5380921e-19
   8233 flonw         0.89660969          -1.9922215e-18
   8256 fxnw          0.89660969           1.4772255e-18
   8305 floob          576.92492          -2.1412993e-18
   8306 faob                  24           -3.469447e-18
   8307 fcob           115.72192          -1.4094628e-18
   8308 fdob           6.6443812           4.3368087e-19
   8310 ffob           9.7260483          -7.5894152e-18
   8313 fiob                  22          -2.7647155e-18
   8314 fjob           7.3323609          -2.2768246e-18
   8315 fkob           31.564325                       0
   8316 flob           23.774785                       0
   8318 fnob           26.670443                       0
   8319 foob           162.63916            6.505213e-19
   8320 fpob           14.069835            3.469447e-18
   8321 fqob           19.446531          -5.4210109e-18
   8324 ftob           12.225181           3.1441863e-18
   8325 fuob           2.1099403           -5.014435e-19
   8326 fvob                  79           1.6567964e-18
   8327 fwob                  20           6.0444271e-18
   8329 flooc          1.9580373          -2.7836891e-16
   8338 fjoc         0.045034857          -1.1960105e-18
   8343 fooc           1.9130024          -1.2061749e-18
   8497 flooj          73.642056          -2.5817564e-18
   8508 floj            1.251915           -5.502326e-18
   8511 fooj           66.830456             4.98733e-18
   8516 ftoj           1.4610589           2.7105054e-18
   8518 fvoj           4.0986267           1.6567964e-18
   8521 flook          219.40381          -6.6407383e-19
   8524 fcok           40.755955           6.6136333e-18
   8529 fhok           9.6668202          -4.7162795e-18
   8531 fjok           34.290642          -8.6736174e-18
   8532 flok           5.1483323            3.469447e-18
   8533 fmok           29.772079          -3.7947076e-18
   8535 fook           49.912904          -2.6427428e-18
   8536 fpok           37.054318           -3.469447e-18
   8542 fvok           12.802758          -5.2820975e-18
   8569 floom          8.4221506           5.0957502e-18
   8583 foom           8.4221506           -3.469447e-18
   8713 floot           242.0475           -3.469447e-18
   8714 faot           15.501767                       0
   8716 fcot           48.183837           1.9312351e-18
   8728 foot           168.24641           8.6736174e-19
   8736 fxot            10.11549           1.1113072e-17
   8809 floox          31.451361           -3.469447e-18
   8810 faox                  21                       0
   8812 fcox           7.1498736           1.9312351e-18
   8820 fkox           1.2655702           1.6263033e-18
   8824 foox           2.0359173           -2.493665e-18
   8905 flopd          311.72409                       0
   8907 fbpd           18.551695           -3.469447e-18
   8910 ffpd           27.003912           -2.981556e-19
   8912 fhpd           20.370412          -1.3010426e-18
   8916 flpd           29.071062           1.2197274e-18
   8917 fmpd                  20                       0
   8918 fnpd           88.016068          -1.9109063e-18
   8920 fppd           51.403425          -5.9631119e-19
   8921 fqpd           37.307513           1.3552527e-19
   8925 fupd                  20           -3.469447e-18
   8953 flopf          38.912147                       0
   8965 fmpf           37.978255            3.469447e-18
   8968 fppf          0.93389153          -6.9388939e-18
   9025 flopi          162.56985           3.3881318e-20
   9031 ffpi           5.4584816           2.0599841e-18
   9036 flpi           30.278352          -2.2497195e-18
   9037 fmpi           9.2854333          -6.9388939e-18
   9038 fnpi           27.945891           1.6263033e-19
   9040 fppi           80.758995           -3.469447e-18
   9041 fqpi           8.8426943           -1.389134e-18
   9073 flopk          73.642056           2.8860107e-17
   9075 fbpk           30.640639                       0
   9085 fmpk           11.550026           7.2641546e-18
   9088 fppk           26.663845           5.4210109e-18
   9089 fqpk           4.7875464           3.6049722e-18
   9097 flopl          5.4876676          -7.1557343e-18
   9109 fmpl           5.4876676           5.3125906e-18
   9121 flopm          73.642056           2.1467203e-17
   9134 fnpm           30.228983          -5.5836412e-18
   9136 fppm           43.413073          -3.0196725e-18
   9145 flopn          73.642056           2.0654051e-17
   9152 fgpn           31.459069          -6.1799524e-18
   9154 fipn           5.7440804                       0
   9158 fmpn           8.0867151          -4.3300324e-17
   9160 fppn           28.352192          -1.3552527e-18
   9313 flopv          391.22992                       0
   9315 fbpv           13.815239           1.4636729e-18
   9319 ffpv           45.339047          -9.0124306e-19
   9321 fhpv           18.407976          -7.2641546e-18
   9322 fipv           19.543355                       0
   9323 fjpv           15.330477                       0
   9327 fnpv           74.739046           1.9380114e-18
   9329 fppv           153.47458          -1.9515639e-18
   9330 fqpv           6.3398185           1.3552527e-19
   9334 fupv           44.240377                       0
   9409 floqb          71.171039           1.4067523e-17
   9425 fqqb           31.918082          -5.3668008e-18
   9426 frqb           18.882207           3.1983964e-18
   9428 ftqb           8.5833251           2.2768246e-18
   9429 fuqb           11.787425          -1.3552527e-18
   9505 floqf          17.790266           1.0923337e-17
   9507 fbqf           17.363299          -2.4123498e-18
   9521 fqqf          0.42696638          -7.9146759e-18
   9577 floqi          276.74003           5.2041704e-18
   9579 fbqi           58.976695           -3.984443e-18
   9580 fcqi           12.721923          -3.3881318e-18
   9593 fqqi           120.70054           6.4374504e-19
   9594 frqi           21.387479           1.1926224e-18
   9597 fuqi            62.95339          -1.8431437e-18
   9649 floql          433.42472          -1.2197274e-18
   9651 fbql           67.354387            4.472334e-18
   9652 fcql                  23             -7.5081e-18
   9658 fiql           6.0976594          -1.1384123e-18
   9660 fkql           19.600893            3.469447e-18
   9662 fnql           28.111843            3.469447e-18
   9663 foql                  40           3.4152368e-18
   9665 fqql           99.292754            3.469447e-18
   9668 ftql                  41           5.7462715e-18
   9669 fuql           52.016696           2.6020852e-18
   9672 fxql           56.950491           4.5536491e-18
   9673 floqm           251.2932                       0
   9676 fcqm            2.010279           2.3716923e-17
   9682 fiqm           13.515934          -3.2363435e-17
   9683 fjqm           29.780142           1.3552527e-18
   9689 fqqm           157.23177                       0
   9690 frqm           10.341985           3.5778672e-18
   9691 fsqm           8.3720828           1.5991982e-18
   9692 ftqm           20.191494           6.1528473e-18
   9693 fuqm           9.8495092          -8.1315163e-20
   9721 floqo          35.919459             3.00324e-17
   9723 fbqo            15.64678          -9.1072982e-18
   9737 fqqo           20.272679          -4.3368087e-19
   9817 floqt          8.4516367          -1.9515639e-18
   9819 fbqt           8.4516367          -1.7347235e-17
   9841 floqu          58.611179                       0
   9843 fbqu           25.453973           1.6263033e-18
   9858 fqqu           33.157205          -3.3610267e-18
   9889 floqw         0.44830484           8.0230961e-18
   9891 fbqw          0.44830484           1.6127507e-18
   9961 florb          73.642056           5.1364078e-17
   9970 fjrb           30.107804           9.2157185e-19
   9978 frrb           34.906335          -1.8939657e-18
   9979 fsrb           8.6279172           2.7647155e-18
   9985 florc          48.828272           1.9136168e-17
   9992 fhrc           10.712587           3.3068166e-18
   9994 fjrc           1.1230503          -7.1286293e-18
  10002 frrc           17.757818          -1.3010426e-18
  10003 fsrc           2.3438556           4.1741784e-18
  10007 fwrc           16.890962            3.469447e-18
  10009 flord          348.61098           2.8053731e-18
  10010 fard                  46                       0
  10012 fcrd           49.850126          -2.6020852e-18
  10018 fjrd           68.670976           1.7347235e-18
  10026 frrd           154.89646           2.0599841e-18
  10031 fwrd           29.193419                       0
  10057 florf          372.08648            3.469447e-18
  10058 farf                  41           -3.469447e-18
  10060 fcrf                  58          -3.2526065e-18
  10064 fhrf           19.292555           7.5894152e-19
  10066 fjrf           43.883122          -1.1554885e-16
  10068 flrf           16.398672           1.1926224e-18
  10074 frrf           177.51213            2.005774e-18
  10077 furf                  16          -4.7433845e-18
  10129 flori          129.30993           3.4016843e-18
  10130 fari           3.5221214           1.1600963e-17
  10132 fcri           47.522121           8.1315163e-19
  10135 ffri           2.7119844          -1.2034644e-17
  10137 fhri           23.186416          -3.6320773e-18
  10138 fjri           22.301583           1.2359905e-17
  10146 frri           27.071905           8.6736174e-19
  10147 fsri           2.9938032           1.9989978e-18
  10321 florq          107.73005            3.469447e-18
  10331 fjrq           47.563022            4.499439e-18
  10338 frrq           56.646143          -1.7889336e-18
  10339 fsrq           3.5208851          -5.4210109e-19
  10345 flors          73.642056          -5.9089018e-18
  10348 fcrs           32.816163          -3.4829995e-18
  10352 fgrs           13.609368          -6.9388939e-18
  10355 fjrs            2.350037           8.2670416e-19
  10363 frrs           5.2092052           2.1684043e-19
  10367 fwrs           19.657284           -3.469447e-18
  10657 flosh          530.41837            3.469447e-18
  10660 fcsh           10.816163          -1.4081076e-17
  10661 fdsh                  42           1.6263033e-18
  10663 ffsh           39.093232          -3.9856606e-18
  10664 fgsh           58.219259          -8.6194073e-18
  10665 fish           100.28274           7.6165203e-18
  10666 fjsh           39.987521          -7.2777071e-18
  10667 fksh           36.965937           -3.469447e-18
  10675 fssh           163.08659           6.9388939e-18
  10679 fwsh           39.966928            3.740633e-16
  10897 flosr          46.506545            4.421512e-17
  10902 fesr          0.88362436          -2.6020852e-18
  10905 fhsr           3.8856162           -3.469447e-18
  10906 fisr          0.39958458           4.2825986e-18
  10907 fjsr           4.2946284           2.6156377e-18
  10915 fssr           19.439736           1.5449881e-18
  10919 fwsr           17.603356          -1.0408341e-17
  10921 flost          576.92492           1.5856457e-18
  10923 fbst           13.548363          -5.4210109e-18
  10925 fdst           1.2290385          -1.2034644e-17
  10926 fest           34.074782          -4.7704896e-18
  10930 fist           123.77146           4.3910188e-18
  10931 fjst           21.371712           1.0882679e-17
  10934 fmst            18.44141           6.8033686e-18
  10935 fnst           20.763373           1.7347235e-17
  10936 fost           21.163237           8.6736174e-19
  10937 fpst           5.6659519           -3.469447e-18
  10938 fqst           34.438652          -1.9515639e-18
  10939 frst           3.5890799          -1.4528309e-17
  10940 fsst           235.47367          -3.5778672e-18
  10942 fvst           39.463285                       0
  10943 fwst           3.9308971            3.469447e-18
  11041 flota          61.113503           1.9624059e-16
  11059 fsta           41.505967          -6.4848842e-18
  11060 ftta           19.607536          -2.3852448e-18
  11497 flotu          566.38466                       0
  11498 fatu           15.501767           -3.469447e-18
  11500 fctu           31.183837          -2.9680034e-18
  11501 fdtu           1.2290385          -1.7347235e-18
  11506 fitu           43.540778          -2.5207701e-18
  11507 fjtu           2.3717124           1.6805134e-18
  11509 fltu           44.442589                       0
  11510 fmtu            18.44141            3.469447e-18
  11511 fntu                  19           -3.469447e-18
  11512 fotu           69.492227          -1.4989095e-17
  11514 fqtu           25.188817           -2.493665e-18
  11515 frtu           3.5890799           3.1441863e-18
  11516 fstu           49.767508          -3.7947076e-18
  11517 fttu           210.96322          -1.4636729e-17
  11518 fvtu                  18            3.469447e-18
  11519 fwtu           3.9308971                       0
  11520 fxtu           9.7417884           7.1557343e-18
  11545 flotw          526.35166          -6.9388939e-18
  11554 fitw            64.23068           -3.469447e-18
  11560 fotw           75.917419                       0
  11564 fstw             86.2002            3.469447e-18
  11565 fttw           252.42925            3.469447e-18
  11567 fvtw           21.463285          -9.9949888e-19
  11568 fxtw           26.110831           5.2041704e-18
  11593 floua           72.79822           1.6371453e-17
  11605 fmua           1.9776674           3.4152368e-18
  11612 ftua           5.2910542           3.1441863e-18
  11613 fuua           23.783348            3.469447e-18
  11616 fxua            41.74615           8.2399365e-18
  11689 floue          48.728814          -7.0473141e-19
  11691 fbue           1.0233051          -1.9515639e-18
  11705 fque           1.1207627           2.2768246e-18
  11708 ftue           21.538136            1.507041e-17
  11709 fuue            25.04661          -1.2617403e-17
  11761 flouh          576.92492           7.1125357e-18
  11763 fbuh                  23          -1.8431437e-18
  11764 fcuh           11.183837           -2.751163e-18
  11769 fiuh          0.92718481           4.0928632e-18
  11770 fjuh          0.03774599          -2.1412993e-18
  11772 fluh                  21          -6.9388939e-18
  11774 fnuh                  19          -6.9388939e-18
  11775 fouh           49.492227          -3.2255015e-18
  11777 fquh           29.532773           3.6862874e-17
  11779 fsuh           2.6973796           4.3368087e-19
  11780 ftuh            58.94946           2.0599841e-18
  11781 fuuh           276.39482          -6.9388939e-18
  11783 fwuh          0.93013091           3.4829995e-18
  11784 fxuh           83.779353          -1.9515639e-17
  11905 floun          73.642056           2.2442985e-17
  11909 fdun           19.646131          -4.6491944e-17
  11923 fsun           6.2189309           4.3368087e-19
  11925 fuun           16.847331          -6.8033686e-18
  11928 fxun           30.929664           2.4225142e-18
  11929 flouo          10.659629          -7.6978354e-18
  11949 fuuo           2.3231329           -2.981556e-19
  11952 fxuo           8.3364957           2.1141942e-18
  11977 flouq          369.81403                       0
  11981 fduq            17.44356           9.4779599e-17
  11986 fiuq           19.613593           1.7618285e-18
  11995 fsuq           21.851198           5.6920614e-19
  11996 ftuq           69.774819           5.4210109e-18
  11997 fuuq           168.32258           1.5720932e-18
  12000 fxuq           72.808274           -8.998878e-18
  12001 flour          1.2821698            7.480995e-18
  12021 fuur           1.2821698          -3.8218127e-18
  12145 flova          78.715611                       0
  12151 fgva           11.497186          -5.3125906e-18
  12155 fkva           16.723797          -2.1684043e-18
  12158 fnva           12.264118          -2.2226145e-18
  12160 fpva           12.159711            2.471981e-17
  12166 fvva           26.070799          -1.0299921e-18
  12265 flovf          14.632164                       0
  12275 fkvf           14.632164           1.9775848e-16
  12337 flovi          428.92492                       0
  12338 favi           16.477879           1.0842022e-18
  12340 fcvi           3.7559552           -3.469447e-18
  12342 fevi           35.885908           -3.469447e-18
  12343 ffvi           14.638516           3.6524061e-18
  12344 fgvi           41.882739          -4.6620693e-18
  12347 fkvi           43.138906                       0
  12350 fnvi           2.8014142          -4.9737775e-18
  12352 fpvi           28.218964          -2.1684043e-18
  12353 fqvi           6.3398185           -3.469447e-18
  12354 frvi           9.9204902                       0
  12355 fsvi           14.006197            3.469447e-18
  12358 fvvi           211.85813                       0
  12433 flovm           16.68847          -1.7753811e-18
  12448 fpvm            16.68847           9.7739132e-18
  12481 flovo          342.88867                       0
  12488 fgvo           14.726381          -4.6620693e-18
  12489 fhvo           18.407976          -9.7578196e-19
  12491 fjvo           40.497548            3.469447e-18
  12492 fkvo           47.306255          -6.9388939e-18
  12495 fnvo           26.670443          -1.5043305e-18
  12496 fpvo           51.124152          -1.2576745e-17
  12501 fuvo           16.084844           -3.469447e-18
  12502 fvvo           128.07107           1.8126505e-18
  12721 flowb          6.1523272                       0
  12724 fdwb           6.1523272           1.1655173e-18
  12745 flowc          326.61908           5.4210109e-20
  12748 fdwc                  59           -3.469447e-18
  12753 fiwc           20.567021          -1.5314356e-18
  12759 fowc           19.953336           3.0222136e-18
  12760 fpwc           12.403425          -4.1216623e-18
  12762 frwc           28.110561                       0
  12763 fswc           12.403425          -4.0386531e-18
  12764 ftwc            46.31471            2.981556e-18
  12767 fwwc            127.8666            3.469447e-18
  12769 flowd          80.919269                       0
  12782 fnwd           5.1331262           -1.002887e-18
  12784 fpwd           10.536417           -2.005774e-18
  12786 frwd           18.070392            3.469447e-18
  12787 fswd                  23            3.469447e-18
  12788 ftwd           3.1861148          -6.9388939e-18
  12790 fvwd            4.463285           9.9949888e-19
  12791 fwwd           13.151139            3.469447e-18
  12792 fxwd           3.3787956           3.9166803e-18
  12937 flowk          36.607496          -3.7838656e-17
  12941 fdwk           36.607496                       0
  13033 flowo          6.6443812                       0
  13037 fdwo           6.6443812           6.9388939e-18
  13129 flows          112.59253                       0
  13133 fdws           43.229038                       0
  13138 fiws           4.5195916          -1.3877788e-17
  13151 fwws           64.843897            3.469447e-18
  13177 flowu          1.6764072                       0
  13181 fdwu           1.6764072          -5.4955498e-18
  13201 flowv          49.962806          -1.4257259e-17
  13205 fdwv           9.7644429          -4.3368087e-18
  13221 ftwv                  38            3.469447e-18
  13223 fwwv           2.1983635           2.3852448e-18
  13225 flowx          413.67554                       0
  13234 fiwx           2.1440678          -7.8604658e-19
  13236 fkwx           21.716075            3.469447e-18
  13240 fowx           34.964083           3.5778672e-18
  13244 fswx           50.796774           1.9515639e-18
  13245 ftwx           105.11454          -4.3368087e-19
  13248 fwwx              198.94                       0
  13249 floxa          51.223858           1.1709383e-17
  13252 fdxa                  42          -2.6562953e-18
  13271 fwxa           2.0631745           1.0408341e-17
  13272 fxxa           7.1606837           -3.469447e-18
  13345 floxe          576.92492           1.4365679e-18
  13346 faxe                  21           -3.469447e-18
  13349 fdxe           154.62806           3.7947076e-19
  13350 ffxe                  18           3.7947076e-18
  13353 fixe           2.1440678          -8.1315163e-20
  13354 fjxe           8.9577474           2.7579393e-18
  13355 fkxe          0.77966102          -5.0957502e-18
  13356 flxe           9.0710617                       0
  13358 fnxe           11.016068           -3.469447e-18
  13362 frxe            27.37498          -1.3389897e-17
  13363 fsxe           26.796774           1.5558301e-17
  13364 ftxe           85.524285           7.8604658e-18
  13367 fwxe           113.22215           3.1225023e-17
  13368 fxxe           98.410059           3.2526065e-18
  13513 floxl          73.642056          -7.6897039e-17
  13517 fdxl           28.759731           4.2825986e-18
  13535 fwxl                  24           6.9388939e-18
  13536 fxxl           20.882325            3.469447e-18
  13561 floxn          38.195952          -1.1394965e-16
  13565 fdxn           19.353869          -2.6562953e-18
  13584 fxxn           18.842083           -1.927847e-18
  13585 floxo          4.3344401           1.6263033e-18
  13608 fxxo           4.3344401            2.981556e-18
  13729 floxu          406.01635           -3.469447e-18
  13733 fdxu           51.184246           5.6717326e-18
  13739 fjxu           17.666034           3.4355656e-18
  13746 fqxu           14.307513          -2.1684043e-19
  13747 frxu            17.41092           4.2690461e-18
  13749 ftxu          0.59025407           1.2251485e-17
  13751 fwxu           19.999234           1.0394788e-17
  13752 fxxu           284.85815           7.8062556e-18
  13777 floxw          3.5122616           4.4018608e-17
  13800 fxxw           3.5122616          -3.9166803e-18
  13801 fluxa                879                       0
  13802 fluxb               1101                       0
  13803 fluxc               1383                       0
  13804 fluxd               1308                       0
  13805 fluxe               1089                       0
  13806 fluxf          1194.1474                       0
  13807 fluxg          1141.3282                       0
  13808 fluxh          1050.1678                       0
  13809 fluxi          1353.8146                       0
  13810 fluxj          1115.2283                       0
  13811 fluxk           962.2106                       0
  13812 fluxl          1233.7118                       0
  13813 fluxm          593.83824                       0
  13814 fluxn          1192.8769                       0
  13815 fluxo          1099.9702                       0
  13816 fluxp          869.07591                       0
  13817 fluxq          1086.0678                       0
  13818 fluxr          1168.3216                       0
  13819 fluxs          1029.7441                       0
  13820 fluxt          1216.2096                       0
  13821 fluxu          1283.2823                       0
  13822 fluxv          842.79933                       0
  13823 fluxw           1075.395                       0
  13824 fluxx          1007.2064                       0
  13825 sppa           1024.8498                       0
  13826 sppb           1153.8498                       0
  13827 sppc           1153.8498                       0
  13828 sppd           1153.8498                       0
  13829 sppe           1153.8498          -6.9388939e-18
  13830 sppf           1153.8498            3.469447e-18
  13831 sppg           1039.8498                       0
  13832 spph           939.84983                       0
  13833 sppi           1153.8498           -3.469447e-18
  13834 sppj           1153.8498          -9.7578196e-19
  13835 sppk           1125.8498                       0
  13836 sppl           993.84983                       0
  13837 sppm           865.84983                       0
  13838 sppn           1083.8498                       0
  13839 sppo           1153.8498                       0
  13840 sppp           1130.8498                       0
  13841 sppq           1153.8498                       0
  13842 sppr           1153.8498           -3.469447e-18
  13843 spps           1153.8498            3.469447e-18
  13844 sppt           1153.8498                       0
  13845 sppu           1153.8498                       0
  13846 sppv           881.84983                       0
  13847 sppw           1034.8498                       0
  13848 sppx           1153.8498           5.6920614e-19
  13849 dmda           1153.8498                       0
  13850 dmdb           1117.8498                       0
  13851 dmdc           1021.8498                       0
  13852 dmdd           988.84983                       0
  13853 dmde           1152.8498                       0
  13854 dmdf           1049.8498                       0
  13855 dmdg           1153.8498                       0
  13856 dmdh           1153.8498           -3.469447e-18
  13857 dmdi           1005.8498                       0
  13858 dmdj           986.84983                       0
  13859 dmdk           1153.8498           7.5894152e-19
  13860 dmdl           1153.8498                       0
  13861 dmdm           1153.8498                       0
  13862 dmdn           1153.8498          -2.2497195e-18
  13863 dmdo           1112.8498                       0
  13864 dmdp           1153.8498           -3.469447e-18
  13865 dmdq           1106.8498                       0
  13866 dmdr           1111.8498                       0
  13867 dmds           905.84983                       0
  13868 dmdt           999.84983                       0
  13869 dmdu           1152.8498                       0
  13870 dmdv           1153.8498           -6.505213e-19
  13871 dmdw           1153.8498                       0
  13872 dmdx           1022.8498                       0
