Optimal - objective value -120.00000000
   2431 b(0)                           1                     -10
   2432 b(1)                           1                     -10
   2433 b(2)                           1                     -10
   2434 b(3)                           1                     -10
   2435 b(4)                           1                     -10
   2436 b(5)                           1                     -10
   2437 b(6)                           1                     -10
   2438 b(7)                           1                     -10
   2439 b(8)                           1                     -10
   2440 b(9)                           1                     -10
   2441 b(10)                          1                     -10
   2442 b(11)                          1                     -10
   2443 x(0,0)                         1                       0
   2455 y(97,0)                        1                       0
   2467 x(1,0)                         1                       0
   2479 x(2,0)                         1                       0
   2491 y(121,0)                       1                       0
   2503 x(3,0)                         1                       0
   2523 x(4,8)                         1                       0
   2538 x(5,11)                        1                       0
   2539 x(6,0)                         1                       0
   2551 y(64,0)                        1                       0
   2552 y(101,0)                       1                       0
   2553 y(129,0)                       1                       0
   2554 y(179,0)                       1                       0
   2555 y(86,0)                        1                       0
   2556 y(169,0)                       1                       0
   2557 y(180,0)                       1                       0
   2558 y(110,0)                       1                       0
   2647 x(7,0)                         1                       0
   2659 y(215,0)                       1                       0
   2660 y(208,0)                       1                       0
   2661 y(210,0)                       1                       0
   2695 x(8,0)                         1                       0
   2707 y(94,0)                        1                       0
   2719 x(9,0)                         1                       0
   2731 x(10,0)                        1                       0
   2751 x(11,8)                        1                       0
   2766 x(12,11)                       1                       0
   2774 x(13,7)                        1                       0
   2783 x(14,4)                        1                       0
   2791 x(15,0)                        1                       0
   2803 y(188,0)                       1                       0
   2815 x(16,0)                        1                       0
   2827 x(17,0)                        1                       0
   2842 x(18,3)                        1                       0
   2853 x(19,2)                        1                       0
   2868 x(20,5)                        1                       0
   2878 x(21,3)                        1                       0
   2887 x(22,0)                        1                       0
   2899 y(122,0)                       1                       0
   2911 x(23,0)                        1                       0
   2923 x(24,0)                        1                       0
   2942 x(25,7)                        1                       0
   2947 x(26,0)                        1                       0
   2959 x(27,0)                        1                       0
   2971 x(28,0)                        1                       0
   2983 y(178,0)                       1                       0
   2995 x(29,0)                        1                       0
   3007 x(30,0)                        1                       0
   3029 x(31,10)                       1                       0
   3036 x(32,5)                        1                       0
   3043 x(33,0)                        1                       0
   3055 y(132,0)                       1                       0
   3067 x(34,0)                        1                       0
   3079 x(35,0)                        1                       0
   3091 x(36,0)                        1                       0
   3103 y(184,0)                       1                       0
   3115 x(37,0)                        1                       0
   3127 x(38,0)                        1                       0
   3139 x(39,0)                        1                       0
   3151 y(150,0)                       1                       0
   3163 x(40,0)                        1                       0
   3175 x(41,0)                        1                       0
   3187 x(42,0)                        1                       0
   3199 y(18,0)                        1                       0
   3220 x(43,9)                        1                       0
   3223 x(44,0)                        1                       0
   3235 y(77,0)                        1                       0
   3247 x(45,0)                        1                       0
   3259 x(46,0)                        1                       0
   3271 x(47,0)                        1                       0
   3283 y(35,0)                        1                       0
   3295 x(48,0)                        1                       0
   3307 y(75,0)                        1                       0
   3308 y(216,0)                       1                       0
   3309 y(213,0)                       1                       0
   3343 x(49,0)                        1                       0
   3355 x(50,0)                        1                       0
   3367 y(145,0)                       1                       0
   3379 x(51,0)                        1                       0
   3391 y(31,0)                        1                       0
   3403 x(52,0)                        1                       0
   3415 y(6,0)                         1                       0
   3433 x(53,6)                        1                       0
   3439 x(54,0)                        1                       0
   3451 y(3,0)                         1                       0
   3474 x(55,11)                       1                       0
   3476 x(56,1)                        1                       0
   3487 x(57,0)                        1                       0
   3499 y(148,0)                       1                       0
   3500 y(84,0)                        1                       0
   3501 y(156,0)                       1                       0
   3502 y(159,0)                       1                       0
   3503 y(162,0)                       1                       0
   3504 y(141,0)                       1                       0
   3505 y(192,0)                       1                       0
   3506 y(153,0)                       1                       0
   3595 x(58,0)                        1                       0
   3607 y(200,0)                       1                       0
   3608 y(214,0)                       1                       0
   3631 x(59,0)                        1                       0
   3643 y(114,0)                       1                       0
   3644 y(196,0)                       1                       0
   3667 x(60,0)                        1                       0
   3679 x(61,0)                        1                       0
   3702 x(62,11)                       1                       0
   3711 x(63,8)                        1                       0
   3717 x(64,2)                        1                       0
   3727 x(65,0)                        1                       0
   3739 y(5,0)                         1                       0
   3758 x(66,7)                        1                       0
   3764 x(67,1)                        1                       0
   3775 x(68,0)                        1                       0
   3787 y(149,0)                       1                       0
   3799 x(69,0)                        1                       0
   3811 x(70,0)                        1                       0
   3831 x(71,8)                        1                       0
   3843 x(72,8)                        1                       0
   3857 x(73,10)                       1                       0
   3861 x(74,2)                        1                       0
   3872 x(75,1)                        1                       0
   3894 x(76,11)                       1                       0
   3895 x(77,0)                        1                       0
   3907 y(191,0)                       1                       0
   3908 y(207,0)                       1                       0
   3931 x(78,0)                        1                       0
   3943 x(79,0)                        1                       0
   3965 x(80,10)                       1                       0
   3967 x(81,0)                        1                       0
   3979 y(53,0)                        1                       0
   3994 x(82,3)                        1                       0
   4003 x(83,0)                        1                       0
   4015 y(111,0)                       1                       0
   4027 x(84,0)                        1                       0
   4039 x(85,0)                        1                       0
   4056 x(86,5)                        1                       0
   4063 x(87,0)                        1                       0
   4075 x(88,0)                        1                       0
   4087 y(62,0)                        1                       0
   4099 x(89,0)                        1                       0
   4111 x(90,0)                        1                       0
   4123 x(91,0)                        1                       0
   4135 y(102,0)                       1                       0
   4147 x(92,0)                        1                       0
   4159 x(93,0)                        1                       0
   4171 x(94,0)                        1                       0
   4183 y(127,0)                       1                       0
   4195 x(95,0)                        1                       0
   4207 x(96,0)                        1                       0
   4219 x(97,0)                        1                       0
   4231 y(16,0)                        1                       0
   4246 x(98,3)                        1                       0
   4255 x(99,0)                        1                       0
   4267 y(174,0)                       1                       0
   4268 y(199,0)                       1                       0
   4291 x(100,0)                       1                       0
   4303 x(101,0)                       1                       0
   4315 x(102,0)                       1                       0
   4327 y(19,0)                        1                       0
   4339 x(103,0)                       1                       0
   4351 y(161,0)                       1                       0
   4352 y(220,0)                       1                       0
   4353 y(212,0)                       1                       0
   4387 x(104,0)                       1                       0
   4399 x(105,0)                       1                       0
   4411 y(99,0)                        1                       0
   4423 x(106,0)                       1                       0
   4435 y(2,0)                         1                       0
   4447 x(107,0)                       1                       0
   4459 y(24,0)                        1                       0
   4480 x(108,9)                       1                       0
   4487 x(109,4)                       1                       0
   4502 x(110,7)                       1                       0
   4507 x(111,0)                       1                       0
   4519 y(172,0)                       1                       0
   4520 y(143,0)                       1                       0
   4521 y(130,0)                       1                       0
   4522 y(151,0)                       1                       0
   4523 y(71,0)                        1                       0
   4524 y(109,0)                       1                       0
   4525 y(118,0)                       1                       0
   4526 y(90,0)                        1                       0
   4615 x(112,0)                       1                       0
   4627 y(203,0)                       1                       0
   4628 y(217,0)                       1                       0
   4651 x(113,0)                       1                       0
   4663 y(194,0)                       1                       0
   4675 x(114,0)                       1                       0
   4687 x(115,0)                       1                       0
   4699 x(116,0)                       1                       0
   4713 x(117,2)                       1                       0
   4723 x(118,0)                       1                       0
   4737 x(119,2)                       1                       0
   4747 x(120,0)                       1                       0
   4759 y(123,0)                       1                       0
   4771 x(121,0)                       1                       0
   4783 x(122,0)                       1                       0
   4795 x(123,0)                       1                       0
   4816 x(124,9)                       1                       0
   4826 x(125,7)                       1                       0
   4836 x(126,5)                       1                       0
   4845 x(127,2)                       1                       0
   4855 x(128,0)                       1                       0
   4867 y(96,0)                        1                       0
   4879 x(129,0)                       1                       0
   4891 x(130,0)                       1                       0
   4908 x(131,5)                       1                       0
   4925 x(132,10)                      1                       0
   4927 x(133,0)                       1                       0
   4939 x(134,0)                       1                       0
   4951 y(135,0)                       1                       0
   4963 x(135,0)                       1                       0
   4975 x(136,0)                       1                       0
   4995 x(137,8)                       1                       0
   5001 x(138,2)                       1                       0
   5011 x(139,0)                       1                       0
   5023 y(78,0)                        1                       0
   5035 x(140,0)                       1                       0
   5047 x(141,0)                       1                       0
   5059 x(142,0)                       1                       0
   5071 y(168,0)                       1                       0
   5083 x(143,0)                       1                       0
   5095 x(144,0)                       1                       0
   5107 x(145,0)                       1                       0
   5119 y(87,0)                        1                       0
   5131 x(146,0)                       1                       0
   5143 x(147,0)                       1                       0
   5155 x(148,0)                       1                       0
   5167 y(46,0)                        1                       0
   5182 x(149,3)                       1                       0
   5191 x(150,0)                       1                       0
   5203 y(93,0)                        1                       0
   5215 x(151,0)                       1                       0
   5227 x(152,0)                       1                       0
   5239 x(153,0)                       1                       0
   5251 y(37,0)                        1                       0
   5272 x(154,9)                       1                       0
   5284 y(176,9)                       1                       0
   5296 x(155,9)                       1                       0
   5308 x(156,9)                       1                       0
   5320 y(182,9)                       1                       0
   5323 x(157,0)                       1                       0
   5335 x(158,0)                       1                       0
   5352 x(159,5)                       1                       0
   5364 x(160,5)                       1                       0
   5372 x(161,1)                       1                       0
   5383 x(162,0)                       1                       0
   5404 x(163,9)                       1                       0
   5479 y(170,9)                       1                       0
   5480 y(167,9)                       1                       0
   5481 y(138,9)                       1                       0
   5482 y(108,9)                       1                       0
   5483 y(131,9)                       1                       0
   5484 y(193,9)                       1                       0
   5485 y(98,9)                        1                       0
   5486 y(104,9)                       1                       0
   5514 x(164,11)                      1                       0
   5526 y(195,11)                      1                       0
   5536 x(165,9)                       1                       0
   5548 y(165,9)                       1                       0
   5560 x(166,9)                       1                       0
   5572 x(167,9)                       1                       0
   5586 x(168,11)                      1                       0
   5589 x(169,2)                       1                       0
   5603 x(170,4)                       1                       0
   5619 x(171,8)                       1                       0
   5634 x(172,11)                      1                       0
   5644 x(173,9)                       1                       0
   5656 y(76,9)                        1                       0
   5668 x(174,9)                       1                       0
   5680 x(175,9)                       1                       0
   5690 x(176,7)                       1                       0
   5696 x(177,1)                       1                       0
   5707 x(178,0)                       1                       0
   5730 x(179,11)                      1                       0
   5734 x(180,3)                       1                       0
   5754 x(181,11)                      1                       0
   5764 x(182,9)                       1                       0
   5776 y(63,9)                        1                       0
   5788 x(183,9)                       1                       0
   5800 x(184,9)                       1                       0
   5808 x(185,5)                       1                       0
   5824 x(186,9)                       1                       0
   5838 x(187,11)                      1                       0
   5848 x(188,9)                       1                       0
   5860 y(185,9)                       1                       0
   5872 x(189,9)                       1                       0
   5884 x(190,9)                       1                       0
   5898 x(191,11)                      1                       0
   5909 x(192,10)                      1                       0
   5920 x(193,9)                       1                       0
   5932 y(60,9)                        1                       0
   5944 x(194,9)                       1                       0
   5956 x(195,9)                       1                       0
   5968 x(196,9)                       1                       0
   5980 y(140,9)                       1                       0
   5992 x(197,9)                       1                       0
   6004 x(198,9)                       1                       0
   6016 x(199,9)                       1                       0
   6028 y(136,9)                       1                       0
   6040 x(200,9)                       1                       0
   6052 x(201,9)                       1                       0
   6055 x(202,0)                       1                       0
   6071 x(203,4)                       1                       0
   6088 x(204,9)                       1                       0
   6100 y(137,9)                       1                       0
   6112 x(205,9)                       1                       0
   6124 x(206,9)                       1                       0
   6129 x(207,2)                       1                       0
   6139 x(208,0)                       1                       0
   6151 y(119,0)                       1                       0
   6152 y(209,0)                       1                       0
   6153 y(197,0)                       1                       0
   6187 x(209,0)                       1                       0
   6199 x(210,0)                       1                       0
   6211 y(175,0)                       1                       0
   6223 x(211,0)                       1                       0
   6235 y(41,0)                        1                       0
   6247 x(212,0)                       1                       0
   6270 x(213,11)                      1                       0
   6282 x(214,11)                      1                       0
   6294 x(215,11)                      1                       0
   6301 x(216,6)                       1                       0
   6307 x(217,0)                       1                       0
   6319 y(183,0)                       1                       0
   6320 y(89,0)                        1                       0
   6321 y(61,0)                        1                       0
   6322 y(160,0)                       1                       0
   6323 y(128,0)                       1                       0
   6324 y(146,0)                       1                       0
   6325 y(85,0)                        1                       0
   6326 y(134,0)                       1                       0
   6415 x(218,0)                       1                       0
   6427 y(206,0)                       1                       0
   6428 y(198,0)                       1                       0
   6429 y(201,0)                       1                       0
   6463 x(219,0)                       1                       0
   6475 y(152,0)                       1                       0
   6487 x(220,0)                       1                       0
   6499 x(221,0)                       1                       0
   6511 x(222,0)                       1                       0
   6523 x(223,0)                       1                       0
   6535 x(224,0)                       1                       0
   6556 x(225,9)                       1                       0
   6567 x(226,8)                       1                       0
   6571 x(227,0)                       1                       0
   6583 y(92,0)                        1                       0
   6595 x(228,0)                       1                       0
   6607 x(229,0)                       1                       0
   6625 x(230,6)                       1                       0
   6639 x(231,8)                       1                       0
   6644 x(232,1)                       1                       0
   6655 x(233,0)                       1                       0
   6667 x(234,0)                       1                       0
   6689 x(235,10)                      1                       0
   6691 x(236,0)                       1                       0
   6703 y(70,0)                        1                       0
   6715 x(237,0)                       1                       0
   6727 x(238,0)                       1                       0
   6743 x(239,4)                       1                       0
   6752 x(240,1)                       1                       0
   6765 x(241,2)                       1                       0
   6777 x(242,2)                       1                       0
   6798 x(243,11)                      1                       0
   6809 x(244,10)                      1                       0
   6811 x(245,0)                       1                       0
   6823 y(91,0)                        1                       0
   6835 x(246,0)                       1                       0
   6847 x(247,0)                       1                       0
   6861 x(248,2)                       1                       0
   6874 x(249,3)                       1                       0
   6883 x(250,0)                       1                       0
   6895 y(80,0)                        1                       0
   6907 x(251,0)                       1                       0
   6919 x(252,0)                       1                       0
   6931 x(253,0)                       1                       0
   6943 y(147,0)                       1                       0
   6955 x(254,0)                       1                       0
   6967 x(255,0)                       1                       0
   6979 x(256,0)                       1                       0
   6991 y(177,0)                       1                       0
   7003 x(257,0)                       1                       0
   7015 x(258,0)                       1                       0
   7031 x(259,4)                       1                       0
   7039 x(260,0)                       1                       0
   7051 y(33,0)                        1                       0
   7063 x(261,0)                       1                       0
   7075 y(116,0)                       1                       0
   7087 x(262,0)                       1                       0
   7099 x(263,0)                       1                       0
   7111 x(264,0)                       1                       0
   7123 y(12,0)                        1                       0
   7135 x(265,0)                       1                       0
   7147 y(100,0)                       1                       0
   7159 x(266,0)                       1                       0
   7171 x(267,0)                       1                       0
   7183 y(79,0)                        1                       0
   7206 x(268,11)                      1                       0
   7218 x(269,11)                      1                       0
   7219 x(270,0)                       1                       0
   7231 y(42,0)                        1                       0
   7244 x(271,1)                       1                       0
   7256 x(272,1)                       1                       0
   7271 x(273,4)                       1                       0
   7279 x(274,0)                       1                       0
   7291 y(126,0)                       1                       0
   7292 y(59,0)                        1                       0
   7293 y(186,0)                       1                       0
   7294 y(164,0)                       1                       0
   7295 y(117,0)                       1                       0
   7296 y(158,0)                       1                       0
   7297 y(163,0)                       1                       0
   7298 y(103,0)                       1                       0
   7387 x(275,0)                       1                       0
   7399 y(202,0)                       1                       0
   7400 y(218,0)                       1                       0
   7423 x(276,0)                       1                       0
   7435 y(171,0)                       1                       0
   7447 x(277,0)                       1                       0
   7459 x(278,0)                       1                       0
   7481 x(279,10)                      1                       0
   7486 x(280,3)                       1                       0
   7495 x(281,0)                       1                       0
   7507 y(49,0)                        1                       0
   7526 x(282,7)                       1                       0
   7542 x(283,11)                      1                       0
   7543 x(284,0)                       1                       0
   7555 y(95,0)                        1                       0
   7567 x(285,0)                       1                       0
   7579 x(286,0)                       1                       0
   7597 x(287,6)                       1                       0
   7612 x(288,9)                       1                       0
   7615 x(289,0)                       1                       0
   7627 y(30,0)                        1                       0
   7639 x(290,0)                       1                       0
   7654 x(291,3)                       1                       0
   7667 x(292,4)                       1                       0
   7675 x(293,0)                       1                       0
   7687 y(83,0)                        1                       0
   7699 x(294,0)                       1                       0
   7711 x(295,0)                       1                       0
   7728 x(296,5)                       1                       0
   7745 x(297,10)                      1                       0
   7754 x(298,7)                       1                       0
   7770 x(299,11)                      1                       0
   7782 x(300,11)                      1                       0
   7791 x(301,8)                       1                       0
   7795 x(302,0)                       1                       0
   7807 y(155,0)                       1                       0
   7819 x(303,0)                       1                       0
   7831 x(304,0)                       1                       0
   7843 x(305,0)                       1                       0
   7857 x(306,2)                       1                       0
   7867 x(307,0)                       1                       0
   7879 y(0,0)                         1                       0
   7891 x(308,0)                       1                       0
   7903 y(142,0)                       1                       0
   7915 x(309,0)                       1                       0
   7927 x(310,0)                       1                       0
   7939 x(311,0)                       1                       0
   7951 y(74,0)                        1                       0
   7963 x(312,0)                       1                       0
   7975 x(313,0)                       1                       0
   7987 x(314,0)                       1                       0
   7999 y(72,0)                        1                       0
   8000 y(211,0)                       1                       0
   8023 x(315,0)                       1                       0
   8035 x(316,0)                       1                       0
   8047 x(317,0)                       1                       0
   8059 y(9,0)                         1                       0
   8071 x(318,0)                       1                       0
   8083 y(54,0)                        1                       0
   8095 x(319,0)                       1                       0
   8107 y(67,0)                        1                       0
   8119 x(320,0)                       1                       0
   8131 x(321,0)                       1                       0
   8154 x(322,11)                      1                       0
   8155 x(323,0)                       1                       0
   8167 y(125,0)                       1                       0
   8168 y(219,0)                       1                       0
   8191 x(324,0)                       1                       0
   8203 x(325,0)                       1                       0
   8215 y(40,0)                        1                       0
   8227 x(326,0)                       1                       0
   8239 y(38,0)                        1                       0
   8251 x(327,0)                       1                       0
   8263 y(32,0)                        1                       0
   8264 y(28,0)                        1                       0
   8265 y(11,0)                        1                       0
   8266 y(22,0)                        1                       0
   8267 y(17,0)                        1                       0
   8268 y(36,0)                        1                       0
   8269 y(50,0)                        1                       0
   8357 x(328,10)                      1                       0
   8359 x(329,0)                       1                       0
   8371 y(105,0)                       1                       0
   8383 x(330,0)                       1                       0
   8395 x(331,0)                       1                       0
   8407 x(332,0)                       1                       0
   8419 y(21,0)                        1                       0
   8431 x(333,0)                       1                       0
   8443 y(166,0)                       1                       0
   8455 x(334,0)                       1                       0
   8467 x(335,0)                       1                       0
   8479 x(336,0)                       1                       0
   8491 y(7,0)                         1                       0
   8503 x(337,0)                       1                       0
   8515 y(106,0)                       1                       0
   8527 x(338,0)                       1                       0
   8539 x(339,0)                       1                       0
   8551 x(340,0)                       1                       0
   8563 x(341,0)                       1                       0
   8575 y(112,0)                       1                       0
   8587 x(342,0)                       1                       0
   8599 x(343,0)                       1                       0
   8611 x(344,0)                       1                       0
   8623 y(39,0)                        1                       0
   8635 x(345,0)                       1                       0
   8647 y(144,0)                       1                       0
   8659 x(346,0)                       1                       0
   8671 x(347,0)                       1                       0
   8683 x(348,0)                       1                       0
   8695 x(349,0)                       1                       0
   8707 y(157,0)                       1                       0
   8719 x(350,0)                       1                       0
   8731 x(351,0)                       1                       0
   8743 x(352,0)                       1                       0
   8755 y(115,0)                       1                       0
   8767 x(353,0)                       1                       0
   8779 x(354,0)                       1                       0
   8791 x(355,0)                       1                       0
   8803 y(120,0)                       1                       0
   8815 x(356,0)                       1                       0
   8827 x(357,0)                       1                       0
   8839 x(358,0)                       1                       0
   8851 y(66,0)                        1                       0
   8852 y(205,0)                       1                       0
   8875 x(359,0)                       1                       0
   8887 x(360,0)                       1                       0
   8899 y(45,0)                        1                       0
   8911 x(361,0)                       1                       0
   8923 y(20,0)                        1                       0
   8939 x(362,4)                       1                       0
   8947 x(363,0)                       1                       0
   8959 y(15,0)                        1                       0
   8960 y(44,0)                        1                       0
   8961 y(8,0)                         1                       0
   8962 y(58,0)                        1                       0
   8963 y(57,0)                        1                       0
   8964 y(23,0)                        1                       0
   8965 y(10,0)                        1                       0
   8966 y(51,0)                        1                       0
   9062 x(364,7)                       1                       0
   9067 x(365,0)                       1                       0
   9079 y(187,0)                       1                       0
   9091 x(366,0)                       1                       0
   9103 x(367,0)                       1                       0
   9115 x(368,0)                       1                       0
   9127 y(52,0)                        1                       0
   9141 x(369,2)                       1                       0
   9151 x(370,0)                       1                       0
   9163 y(124,0)                       1                       0
   9175 x(371,0)                       1                       0
   9187 x(372,0)                       1                       0
   9199 x(373,0)                       1                       0
   9211 y(48,0)                        1                       0
   9228 x(374,5)                       1                       0
   9235 x(375,0)                       1                       0
   9247 y(82,0)                        1                       0
   9259 x(376,0)                       1                       0
   9271 x(377,0)                       1                       0
   9287 x(378,4)                       1                       0
   9304 x(379,9)                       1                       0
   9307 x(380,0)                       1                       0
   9319 y(133,0)                       1                       0
   9331 x(381,0)                       1                       0
   9343 x(382,0)                       1                       0
   9355 x(383,0)                       1                       0
   9367 y(55,0)                        1                       0
   9379 x(384,0)                       1                       0
   9391 y(25,0)                        1                       0
   9403 x(385,0)                       1                       0
   9415 y(88,0)                        1                       0
   9427 x(386,0)                       1                       0
   9439 x(387,0)                       1                       0
   9462 x(388,11)                      1                       0
   9463 x(389,0)                       1                       0
   9475 y(14,0)                        1                       0
   9487 x(390,0)                       1                       0
   9499 y(113,0)                       1                       0
   9511 x(391,0)                       1                       0
   9523 x(392,0)                       1                       0
   9535 x(393,0)                       1                       0
   9547 y(139,0)                       1                       0
   9548 y(204,0)                       1                       0
   9571 x(394,0)                       1                       0
   9583 x(395,0)                       1                       0
   9595 x(396,0)                       1                       0
   9607 y(47,0)                        1                       0
   9619 x(397,0)                       1                       0
   9631 y(189,0)                       1                       0
   9643 x(398,0)                       1                       0
   9655 x(399,0)                       1                       0
   9671 x(400,4)                       1                       0
   9681 x(401,2)                       1                       0
   9694 x(402,3)                       1                       0
   9707 x(403,4)                       1                       0
   9724 x(404,9)                       1                       0
   9730 x(405,3)                       1                       0
   9741 x(406,2)                       1                       0
   9762 x(407,11)                      1                       0
   9771 x(408,8)                       1                       0
   9785 x(409,10)                      1                       0
   9792 x(410,5)                       1                       0
   9804 y(68,5)                        1                       0
   9816 x(411,5)                       1                       0
   9828 x(412,5)                       1                       0
   9835 x(413,0)                       1                       0
   9851 x(414,4)                       1                       0
   9867 x(415,8)                       1                       0
   9872 x(416,1)                       1                       0
   9884 x(417,1)                       1                       0
   9896 x(418,1)                       1                       0
   9917 x(419,10)                      1                       0
   9929 x(420,10)                      1                       0
   9933 x(421,2)                       1                       0
   9949 x(422,6)                       1                       0
   9955 x(423,0)                       1                       0
   9971 x(424,4)                       1                       0
   9984 x(425,5)                       1                       0
  10002 x(426,11)                      1                       0
  10010 x(427,7)                       1                       0
  10024 x(428,9)                       1                       0
  10027 x(429,0)                       1                       0
  10043 x(430,4)                       1                       0
  10056 x(431,5)                       1                       0
  10070 x(432,7)                       1                       0
  10086 x(433,11)                      1                       0
  10095 x(434,8)                       1                       0
  10099 x(435,0)                       1                       0
  10111 y(154,0)                       1                       0
  10123 x(436,0)                       1                       0
  10135 x(437,0)                       1                       0
  10147 y(26,0)                        1                       0
  10159 x(438,0)                       1                       0
  10171 y(34,0)                        1                       0
  10172 y(43,0)                        1                       0
  10173 y(1,0)                         1                       0
  10174 y(29,0)                        1                       0
  10175 y(13,0)                        1                       0
  10176 y(4,0)                         1                       0
  10177 y(27,0)                        1                       0
  10178 y(56,0)                        1                       0
  10277 x(439,10)                      1                       0
  10279 x(440,0)                       1                       0
  10291 y(65,0)                        1                       0
  10303 x(441,0)                       1                       0
  10315 x(442,0)                       1                       0
  10327 x(443,0)                       1                       0
  10339 y(173,0)                       1                       0
  10351 x(444,0)                       1                       0
  10363 x(445,0)                       1                       0
  10375 x(446,0)                       1                       0
  10387 y(190,0)                       1                       0
  10399 x(447,0)                       1                       0
  10411 x(448,0)                       1                       0
  10423 x(449,0)                       1                       0
  10435 y(69,0)                        1                       0
  10447 x(450,0)                       1                       0
  10459 x(451,0)                       1                       0
  10471 x(452,0)                       1                       0
  10483 y(181,0)                       1                       0
  10495 x(453,0)                       1                       0
  10507 x(454,0)                       1                       0
  10519 x(455,0)                       1                       0
  10531 y(81,0)                        1                       0
  10543 x(456,0)                       1                       0
  10555 x(457,0)                       1                       0
  10567 x(458,0)                       1                       0
  10579 y(73,0)                        1                       0
  10591 x(459,0)                       1                       0
  10603 x(460,0)                       1                       0
  10615 x(461,0)                       1                       0
  10627 y(107,0)                       1                       0
  10639 x(462,0)                       1                       0
  10651 x(463,0)                       1                       0
  10663 x(464,0)                       1                       0
  10675 x(465,0)                       1                       0
  10687 x(466,0)                       1                       0
  10699 x(467,0)                       1                       0
  10721 x(468,10)                      1                       0
  10723 x(469,0)                       1                       0
