Stopped on time - objective value 102183.50532532
     95 x95                    1                  2241.6
    142 x142                   1                       0
    274 x274                   1                  2241.6
    344 x344                   1                       0
    513 x513                   1                  2241.6
    565 x565                   1               1199.3996
    707 x707                   1                  2241.6
    735 x735                   1                       0
    872 x872                   1                       0
    986 x986                   1                916.1998
   1121 x1121                  1                  2241.6
   1225 x1225                  1               1053.0854
   1344 x1344                  1                  2241.6
   1390 x1390                  1                       0
   1493 x1493                  1                       0
   1674 x1674                  1                  2241.6
   1754 x1754                  1                  2241.6
   1794 x1794                  1                       0
   1936 x1936                  1                  2241.6
   2011 x2011                  1                       0
   2188 x2188                  1               1199.3996
   2209 x2209                  1                       0
   2360 x2360                  1                  2241.6
   2504 x2504                  1               1199.3996
   2563 x2563                  1                  2241.6
   2630 x2630                  1                       0
   2764 x2764                  1                       0
   2907 x2907                  1                  2241.6
   3020 x3020                  1               1199.3996
   3112 x3112                  1                  2241.6
   3189 x3189                  1                       0
   3351 x3351                  1               1199.3996
   3436 x3436                  1                  2241.6
   3512 x3512                  1                  2241.6
   3571 x3571                  1                       0
   3727 x3727                  1                  2241.6
   3872 x3872                  1                  2241.6
   3986 x3986                  1                  2241.6
   4048 x4048                  1               1053.0854
   4197 x4197                  1               1199.3996
   4303 x4303                  1                       0
   4384 x4384                  1               1512.7714
   4445 x4445                  1               970.79979
   4596 x4596                  1                       0
   4639 x4639                  1               833.39996
   4811 x4811                  1                       0
   4927 x4927                  1               1512.7714
   5001 x5001                  1               2035.7142
   5053 x5053                  1               2128.3713
   5200 x5200                  1               1057.1997
   5350 x5350                  1                       0
   5367 x5367                  1               2128.3713
   5508 x5508                  1                       0
   5579 x5579                  1               1193.3997
   5731 x5731                  1                       0
   5797 x5797                  1               1193.3997
   5883 x5883                  1               1193.3997
   6006 x6006                  1               970.79979
   6147 x6147                  1                       0
   6228 x6228                  1               2128.3713
   6318 x6318                  1               2128.3713
   6431 x6431                  1               1193.3997
   6530 x6530                  1               2128.3713
   6643 x6643                  1               1193.3997
   6795 x6795                  1                       0
   6919 x6919                  1                       0
   6992 x6992                  1                       0
   7104 x7104                  1                       0
   7148 x7148                  1               1193.3997
   7247 x7247                  1               970.79979
   7406 x7406                  1                       0
   7559 x7559                  1                       0
   7643 x7643                  1                       0
   7701 x7701                  1               1193.3997
   7812 x7812                  1                       0
   7906 x7906                  1               1193.3997
   8065 x8065                  1                       0
   8130 x8130                  1                       0
   8207 x8207                  1               1193.3997
   8346 x8346                  1               2128.2854
   8468 x8468                  1                       0
   8558 x8558                  1                       0
   8625 x8625                  1               1193.3997
   8778 x8778                  1                       0
   8910 x8910                  1                       0
   8952 x8952                  1               2128.3713
   9040 x9040                  1               2128.3713
   9226 x9226                  1                       0
   9322 x9322                  1                       0
   9410 x9410                  1                       0
   9457 x9457                  1               1193.3997
   9579 x9579                  1               2128.3713
   9709 x9709                  1                       0
   9809 x9809                  1               1057.1997
   9900 x9900                  1               833.39996
  10062 x10062                 1                       0
  10134 x10134                 1               2128.2854
  10223 x10223                 1               2128.3713
  10296 x10296                 1               1193.3997
  10455 x10455                 1                       0
  10598 x10598                 1                       0
  10683 x10683                 1                       0
  10783 x10783                 1                       0
  10874 x10874                 1                       0
  10931 x10931                 1               2128.3713
  11025 x11025             11004                       0
  11026 x11026              7037                       0
  11027 x11027             27518                       0
  11028 x11028              4764                       0
  11029 x11029             33274                       0
  11030 x11030             23966                       0
  11031 x11031             14798                       0
  11032 x11032             10660                       0
  11033 x11033             30699                       0
  11034 x11034          22188.33                       0
  11035 x11035              8732                       0
  11036 x11036             35914                       0
  11037 x11037             10663                       0
  11038 x11038             40188                       0
  11039 x11039         20126.085                       0
  11040 x11040             40216                       0
  11041 x11041             28204                       0
  11042 x11042             27690                       0
  11043 x11043              7023                       0
  11044 x11044             37455                       0
  11045 x11045             32005                       0
  11046 x11046             36215                       0
  11047 x11047             39975                       0
  11048 x11048             40255                       0
  11049 x11049              3600                       0
  11050 x11050         23684.114                       0
  11051 x11051         23955.401                       0
  11052 x11052             10575                       0
  11053 x11053             29332                       0
  11054 x11054             28431                       0
  11055 x11055              8602                       0
  11056 x11056             11904                       0
  11057 x11057              9244                       0
  11058 x11058             27402                       0
  11059 x11059              9524                       0
  11060 x11060             33126                       0
  11061 x11061             11275                       0
  11062 x11062              8421                       0
  11063 x11063             20672                       0
  11064 x11064         20518.657                       0
  11065 x11065             11707                       0
  11066 x11066         22422.531                       0
  11067 x11067             30915                       0
  11068 x11068         21571.771                       0
  11069 x11069              7867                       0
  11070 x11070             29095                       0
  11071 x11071             37895                       0
  11072 x11072         19967.489                       0
  11073 x11073              7043                       0
  11074 x11074             10621                       0
  11075 x11075             23549                       0
  11076 x11076             32564                       0
  11077 x11077              5968                       0
  11078 x11078              8251                       0
  11079 x11079             38077                       0
  11080 x11080              6036                       0
  11081 x11081              6605                       0
  11082 x11082             35344                       0
  11083 x11083             33095                       0
  11084 x11084             12078                       0
  11085 x11085         19991.687                       0
  11086 x11086              6612                       0
  11087 x11087             15692                       0
  11088 x11088         22396.799                       0
  11089 x11089             31610                       0
