Optimal - objective value 112313.36271800
     15 XON.1.16               1                 32.5234
     34 XON.2.11               1               31.074793
     35 XON.2.12               1               14.782393
     36 XON.2.13               1               23.121493
     37 XON.2.14               1               15.524893
     38 XON.2.15               1               14.782393
     39 XON.2.16               1               14.782393
     40 XON.2.17               1                3.358893
     41 XON.2.18               1               15.524893
     42 XON.2.19               1               15.524893
     43 XON.2.20               1               15.524893
     44 XON.2.21               1               23.121493
     45 XON.2.22               1               31.074793
     57 XON.3.10               1                 45.6834
     58 XON.3.11               1                 45.6834
     59 XON.3.12               1                  29.391
     60 XON.3.13               1                 37.7301
     61 XON.3.14               1                 30.1335
     62 XON.3.15               1                  29.391
     63 XON.3.16               1                  29.391
     64 XON.3.17               1                 22.5369
     65 XON.3.18               1                 30.1335
     66 XON.3.19               1                 30.1335
     67 XON.3.20               1                 30.1335
     68 XON.3.21               1                 37.7301
     69 XON.3.22               1                 45.6834
     83 XON.4.12               1                9.964965
     84 XON.4.13               1               27.743605
     85 XON.4.14               1               12.043965
     86 XON.4.15               1                9.964965
     87 XON.4.16               1                9.964965
     88 XON.4.17               1               -9.226515
     89 XON.4.18               1               12.043965
     90 XON.4.19               1               12.043965
     91 XON.4.20               1               12.043965
     92 XON.4.21               1               27.743605
     93 XON.4.22               1               38.348005
    108 XON.5.13               1               27.743605
    109 XON.5.14               1               12.043965
    110 XON.5.15               1                9.964965
    111 XON.5.16               1                9.964965
    112 XON.5.17               1               -9.226515
    113 XON.5.18               1               12.043965
    114 XON.5.19               1               12.043965
    120 XON.6.01               1                221.8384
    121 XON.6.02               1                221.8774
    122 XON.6.03               1                221.8774
    123 XON.6.04               1                221.8774
    124 XON.6.05               1                221.8774
    125 XON.6.06               1                221.8774
    126 XON.6.07               1                221.8384
    127 XON.6.08               1                221.8384
    128 XON.6.09               1               99.164602
    129 XON.6.10               1               99.164602
    130 XON.6.11               1               99.164602
    131 XON.6.12               1               -628.5626
    132 XON.6.13               1               -256.0828
    133 XON.6.14               1               -595.3976
    134 XON.6.15               1               -628.5626
    135 XON.6.16               1               -628.5626
    136 XON.6.17               1               -934.7124
    137 XON.6.18               1               -595.3976
    138 XON.6.19               1               -595.3976
    139 XON.6.20               1               -595.3976
    140 XON.6.21               1               -256.0828
    141 XON.6.22               1               99.164602
    142 XON.6.23               1               99.164602
    143 XON.6.24               1                221.8384
    159 ZPR.1.16              15                       0
    178 ZPR.2.11              15                       0
    179 ZPR.2.12              16                       0
    180 ZPR.2.13              15                       0
    181 ZPR.2.14              15                       0
    182 ZPR.2.15              22                       0
    183 ZPR.2.16              17                       0
    184 ZPR.2.17              25                       0
    185 ZPR.2.18              15                       0
    186 ZPR.2.19              15                       0
    187 ZPR.2.20              15                       0
    188 ZPR.2.21              15                       0
    189 ZPR.2.22              15                       0
    201 ZPR.3.10              15                       0
    202 ZPR.3.11              15                       0
    203 ZPR.3.12              15                       0
    204 ZPR.3.13              15                       0
    205 ZPR.3.14              15                       0
    206 ZPR.3.15              15                       0
    207 ZPR.3.16              15                       0
    208 ZPR.3.17              15                       0
    209 ZPR.3.18              15                       0
    210 ZPR.3.19              15                       0
    211 ZPR.3.20              15                       0
    212 ZPR.3.21              15                       0
    213 ZPR.3.22              15                       0
    227 ZPR.4.12              42                       0
    228 ZPR.4.13              26                       0
    229 ZPR.4.14              40                       0
    230 ZPR.4.15              42                       0
    231 ZPR.4.16              42                       0
    232 ZPR.4.17              46                       0
    233 ZPR.4.18              39                       0
    234 ZPR.4.19              31                       0
    235 ZPR.4.20              35                       0
    236 ZPR.4.21              21                       0
    237 ZPR.4.22              20                       0
    252 ZPR.5.13              31                       0
    253 ZPR.5.14              42                       0
    254 ZPR.5.15              42                       0
    255 ZPR.5.16              42                       0
    256 ZPR.5.17              42                       0
    257 ZPR.5.18              42                       0
    258 ZPR.5.19              39                       0
    264 ZPR.6.01             429                       0
    265 ZPR.6.02             377                       0
    266 ZPR.6.03             353                       0
    267 ZPR.6.04             338                       0
    268 ZPR.6.05             327                       0
    269 ZPR.6.06             343                       0
    270 ZPR.6.07             399                       0
    271 ZPR.6.08             454                       0
    272 ZPR.6.09             562                       0
    273 ZPR.6.10             625                       0
    274 ZPR.6.11             663                       0
    275 ZPR.6.12             670                       0
    276 ZPR.6.13             670                       0
    277 ZPR.6.14             670                       0
    278 ZPR.6.15             670                       0
    279 ZPR.6.16             670                       0
    280 ZPR.6.17             670                       0
    281 ZPR.6.18             670                       0
    282 ZPR.6.19             670                       0
    283 ZPR.6.20             670                       0
    284 ZPR.6.21             670                       0
    285 ZPR.6.22             664                       0
    286 ZPR.6.23             564                       0
    287 ZPR.6.24             510                       0
    303 YSW.1.16               1                       0
    322 YSW.2.11               1                       0
    345 YSW.3.10               1                       0
    371 YSW.4.12               1                       0
    396 YSW.5.13               1                       0
    408 YSW.6.01               1                       0
    432 DELTA.1.              23                1.717489
    433 DELTA.2.              12                1.717489
    434 DELTA.3.              11                1.717489
    435 DELTA.4.              13                1.366595
    436 DELTA.5.              17                1.366595
    543 ZS.2.121               1                       0
    552 ZS.2.151               7                       0
    555 ZS.2.161               2                       0
    558 ZS.2.171              10                       0
    687 ZS.4.121              11                       0
    689 ZS.4.123              11                       0
    690 ZS.4.131               6                       0
    693 ZS.4.141              11                       0
    695 ZS.4.143               9                       0
    696 ZS.4.151              11                       0
    698 ZS.4.153              11                       0
    699 ZS.4.161              11                       0
    701 ZS.4.163              11                       0
    702 ZS.4.171              11                       0
    703 ZS.4.172               4                       0
    704 ZS.4.173              11                       0
    705 ZS.4.181              11                       0
    707 ZS.4.183               8                       0
    708 ZS.4.191              11                       0
    711 ZS.4.201              11                       0
    713 ZS.4.203               4                       0
    714 ZS.4.211               1                       0
    762 ZS.5.131              11                       0
    765 ZS.5.141              11                       0
    767 ZS.5.143              11                       0
    768 ZS.5.151              11                       0
    770 ZS.5.153              11                       0
    771 ZS.5.161              11                       0
    773 ZS.5.163              11                       0
    774 ZS.5.171              11                       0
    776 ZS.5.173              11                       0
    777 ZS.5.181              11                       0
    779 ZS.5.183              11                       0
    780 ZS.5.191              11                       0
    782 ZS.5.193               8                       0
    798 ZS.6.011             140                       0
    800 ZS.6.013              39                       0
    801 ZS.6.021             127                       0
    804 ZS.6.031             103                       0
    807 ZS.6.041              88                       0
    810 ZS.6.051              77                       0
    813 ZS.6.061              93                       0
    816 ZS.6.071             140                       0
    818 ZS.6.073               9                       0
    819 ZS.6.081             140                       0
    821 ZS.6.083              64                       0
    822 ZS.6.091             140                       0
    823 ZS.6.092              32                       0
    824 ZS.6.093             140                       0
    825 ZS.6.101             140                       0
    826 ZS.6.102              95                       0
    827 ZS.6.103             140                       0
    828 ZS.6.111             140                       0
    829 ZS.6.112             133                       0
    830 ZS.6.113             140                       0
    831 ZS.6.121             140                       0
    832 ZS.6.122             140                       0
    833 ZS.6.123             140                       0
    834 ZS.6.131             140                       0
    835 ZS.6.132             140                       0
    836 ZS.6.133             140                       0
    837 ZS.6.141             140                       0
    838 ZS.6.142             140                       0
    839 ZS.6.143             140                       0
    840 ZS.6.151             140                       0
    841 ZS.6.152             140                       0
    842 ZS.6.153             140                       0
    843 ZS.6.161             140                       0
    844 ZS.6.162             140                       0
    845 ZS.6.163             140                       0
    846 ZS.6.171             140                       0
    847 ZS.6.172             140                       0
    848 ZS.6.173             140                       0
    849 ZS.6.181             140                       0
    850 ZS.6.182             140                       0
    851 ZS.6.183             140                       0
    852 ZS.6.191             140                       0
    853 ZS.6.192             140                       0
    854 ZS.6.193             140                       0
    855 ZS.6.201             140                       0
    856 ZS.6.202             140                       0
    857 ZS.6.203             140                       0
    858 ZS.6.211             140                       0
    859 ZS.6.212             140                       0
    860 ZS.6.213             140                       0
    861 ZS.6.221             140                       0
    862 ZS.6.222             134                       0
    863 ZS.6.223             140                       0
    864 ZS.6.231             140                       0
    865 ZS.6.232              34                       0
    866 ZS.6.233             140                       0
    867 ZS.6.241             140                       0
    869 ZS.6.243             120                       0
