Stopped on time - objective value -2604139.81910000
      7 x1_1                   1              -18499.103
     13 x2_1                   1              -52919.571
     18 x3_0                   1              -25880.209
     22 x4_1                   1              -24130.701
     28 x5_1                   1               -21454.38
     33 x6_0                   1              -17209.419
     50 x9_0                   1              -7902.8046
     54 x10_2                  1              -74480.337
     61 x11_5                  1              -18953.522
     62 x12_0                  1              -2913.6371
     65 x13_0                  1               -10344.01
     72 x14_4                  1              -11732.441
     77 x15_5                  1              -17195.463
     78 x16_0                  1              -11992.798
     79 x17_0                  1              -16234.231
     83 x18_0                  1              -11572.187
     87 x19_1                  1              -27831.032
     94 x20_4                  1              -4211.9349
     96 x21_0                  1               -15062.63
    101 x22_4                  1              -9582.1053
    105 x23_3                  1              -26562.042
    110 x24_3                  1              -75223.951
    117 x25_5                  1              -14237.061
    130 x28_2                  1              -50526.425
    140 x30_0                  1              -16254.245
    143 x31_0                  1              -5749.3594
    146 x32_0                  1              -41590.058
    149 x33_0                  1              -43389.645
    152 x34_0                  1              -14731.537
    156 x35_0                  1              -17839.577
    160 x36_0                  1              -7621.5414
    167 x37_5                  1              -22251.717
    168 x38_0                  1              -7003.1009
    170 x39_0                  1              -13181.539
    173 x40_2                  1              -38351.401
    178 x41_1                  1              -38995.811
    186 x42_5                  1              -5581.6759
    187 x43_0                  1              -8491.8566
    191 x44_0                  1              -4402.8122
    199 x45_5                  1              -20135.714
    201 x46_2                  1              -22724.129
    216 x49_4                  1              -15725.327
    238 x54_0                  1               -6306.919
    241 x55_0                  1              -20865.769
    246 x56_3                  1               -42732.46
    252 x57_4                  1              -51972.558
    258 x58_5                  1              -39242.158
    264 x60_0                  1               -29447.78
    269 x61_0                  1              -33437.126
    274 x62_0                  1              -14429.157
    275 x63_0                  1              -5784.2689
    276 x64_0                  1               -14053.74
    279 x65_0                  1              -14750.719
    282 x66_0                  1              -9174.3205
    288 x67_4                  1              -31152.487
    294 x68_5                  1              -30077.669
    298 x69_4                  1               -45510.77
    302 x70_3                  1               -52164.58
    305 x71_0                  1              -22795.642
    319 x73_4                  1              -37221.314
    323 x74_3                  1              -66471.903
    326 x75_0                  1              -15200.782
    328 x76_0                  1              -21735.395
    332 x77_0                  1              -17241.212
    336 x78_0                  1              -8479.6123
    352 x81_3                  1               -10513.81
    358 x82_4                  1              -35827.896
    360 x83_0                  1              -16034.608
    363 x84_0                  1              -13654.996
    367 x85_2                  1              -35265.846
    381 x88_0                  1              -12706.446
    386 x89_0                  1              -14531.233
    394 x90_4                  1              -31701.623
    431 x96_5                  1              -42957.736
    713 x143_5                 1              -34777.936
    890 x173_2                 1              -128376.88
   1075 x204_1                 1               -173981.1
   1228 x229_4                 1              -36722.743
   1262 x235_2                 1              -129800.13
   1365 x252_3                 1              -113763.43
   1735 x314_1                 1              -232602.02
   1914 H_1            1149.8734                       0
   1915 H_2            1379.0229                       0
   1916 H_3            1653.6893                       0
   1917 H_4            1983.1479                       0
   1918 H_5            2327.0853                       0
