Stopped on time - objective value -8.00000000
     77 x#77                                   1                      -1
     93 x#93                                   1                      -1
    113 x#113                                  1                      -1
    124 x#124                                  1                      -1
    137 x#137                                  1                      -1
    140 x#140                                  1                      -1
    148 x#148                                  1                      -1
    155 x#155                                  1                      -1
    622 y#155#0#14                             1                       0
    623 u#155#14                               1                       0
    782 y#77#0#5                               1                       0
    783 u#77#5                                 1                       0
   1168 y#113#0#2                              1                       0
   1169 u#113#2                                1                       0
   1536 y#140#0#30                             1                       0
   1537 u#140#30                               1                       0
   1981 y#137#1#34                             1                       0
   1983 u#137#1                                1                       0
   2178 y#137#1#0                              1                       0
   2472 y#137#1#25                             1                       0
   2786 y#137#1#31                             1                       0
   3100 y#137#1#17                             1                       0
   3414 y#137#1#20                             1                       0
   3640 y#93#18#0                              1                       0
   3641 u#93#18                                1                       0
   3954 y#93#18#39                             1                       0
   4268 y#93#18#12                             1                       0
   4551 y#155#14#25                            1                       0
   4863 y#155#14#27                            1                       0
   5177 y#155#14#23                            1                       0
   5586 y#124#20#16                            1                       0
   5587 u#124#16                               1                       0
   5745 y#93#20#18                             1                       0
   5886 y#77#20#5                              1                       0
   6079 y#113#20#2                             1                       0
   6842 y#124#11#16                            1                       0
   7848 y#155#12#14                            1                       0
  11711 y#93#37#18                             1                       0
  13458 y#113#33#2                             1                       0
  13783 y#124#16#0                             1                       0
  13940 y#124#16#19                            1                       0
  14097 y#124#16#33                            1                       0
  14378 y#124#16#9                             1                       0
  14568 y#124#16#29                            1                       0
  14849 y#124#16#13                            1                       0
  15070 y#155#28#14                            1                       0
  15463 y#77#28#5                              1                       0
  17190 y#77#34#5                              1                       0
  17724 y#140#34#30                            1                       0
  17896 y#155#32#14                            1                       0
  18665 y#148#26#0                             1                       0
  18666 u#148#26                               1                       0
  18831 y#148#26#25                            1                       0
  18988 y#148#26#32                            1                       0
  19145 y#148#26#39                            1                       0
  19302 y#148#26#13                            1                       0
  19459 y#148#26#20                            1                       0
  19608 y#140#30#34                            1                       0
  19765 y#140#30#10                            1                       0
  19922 y#140#30#35                            1                       0
  20079 y#140#30#31                            1                       0
  21021 y#140#9#30                             1                       0
  24315 y#137#23#1                             1                       0
  24742 y#93#24#18                             1                       0
  25244 y#124#17#16                            1                       0
  27902 y#113#2#10                             1                       0
  28059 y#113#2#6                              1                       0
  28216 y#113#2#3                              1                       0
  28494 y#77#10#5                              1                       0
  29436 y#77#5#24                              1                       0
  30378 y#77#31#5                              1                       0
  31102 slack#20#34                            1                       0
  31107 slack#20#7                             1                       0
  31108 slack#20#17                            1                       0
  31110 slack#11#27                            1                       0
  31111 slack#11#15                            1                       0
  31112 slack#11#33                            1                       0
  31114 slack#12#11                            1                       0
  31115 slack#12#28                            1                       0
  31116 slack#12#3                             1                       0
  31117 slack#12#38                            1                       0
  31118 slack#38#34                            1                       0
  31119 slack#38#39                            1                       0
  31120 slack#25#19                            1                       0
  31121 slack#25#10                            1                       0
  31122 slack#25#22                            1                       0
  31123 slack#25#29                            1                       0
  31124 slack#25#31                            1                       0
  31125 slack#21#25                            1                       0
  31126 slack#21#32                            1                       0
  31127 slack#37#32                            1                       0
  31129 slack#37#39                            1                       0
  31130 slack#37#3                             1                       0
  31131 slack#37#21                            1                       0
  31132 slack#4#25                             1                       0
  31133 slack#4#10                             1                       0
  31134 slack#4#23                             1                       0
  31135 slack#4#20                             1                       0
  31136 slack#33#35                            1                       0
  31138 slack#33#7                             1                       0
  31146 slack#28#6                             1                       0
  31148 slack#28#12                            1                       0
  31149 slack#28#36                            1                       0
  31150 slack#13#15                            1                       0
  31151 slack#13#31                            1                       0
  31152 slack#36#11                            1                       0
  31153 slack#36#19                            1                       0
  31154 slack#36#35                            1                       0
  31155 slack#36#24                            1                       0
  31157 slack#34#29                            1                       0
  31158 slack#34#38                            1                       0
  31161 slack#32#11                            1                       0
  31162 slack#32#33                            1                       0
  31163 slack#32#21                            1                       0
  31174 slack#9#19                             1                       0
  31175 slack#9#10                             1                       0
  31176 slack#9#35                             1                       0
  31177 slack#9#33                             1                       0
  31178 slack#9#39                             1                       0
  31180 slack#39#0                             1                       0
  31181 slack#39#32                            1                       0
  31182 slack#39#15                            1                       0
  31183 slack#39#8                             1                       0
  31184 slack#39#23                            1                       0
  31185 slack#29#32                            1                       0
  31186 slack#29#9                             1                       0
  31187 slack#29#36                            1                       0
  31188 slack#29#37                            1                       0
  31189 slack#15#34                            1                       0
  31190 slack#15#8                             1                       0
  31191 slack#15#29                            1                       0
  31192 slack#15#12                            1                       0
  31193 slack#7#11                             1                       0
  31194 slack#7#39                             1                       0
  31195 slack#7#29                             1                       0
  31196 slack#7#31                             1                       0
  31197 slack#23#34                            1                       0
  31198 slack#23#6                             1                       0
  31200 slack#23#12                            1                       0
  31201 slack#24#10                            1                       0
  31203 slack#24#33                            1                       0
  31204 slack#24#13                            1                       0
  31206 slack#17#8                             1                       0
  31207 slack#27#11                            1                       0
  31208 slack#27#19                            1                       0
  31209 slack#27#28                            1                       0
  31210 slack#27#9                             1                       0
  31211 slack#6#32                             1                       0
  31212 slack#6#27                             1                       0
  31213 slack#8#11                             1                       0
  31214 slack#8#28                             1                       0
  31215 slack#8#23                             1                       0
  31216 slack#19#32                            1                       0
  31217 slack#19#35                            1                       0
  31218 slack#19#6                             1                       0
  31219 slack#19#23                            1                       0
  31220 slack#19#13                            1                       0
  31221 slack#19#4                             1                       0
  31225 slack#10#15                            1                       0
  31227 slack#10#29                            1                       0
  31228 slack#10#3                             1                       0
  31229 slack#10#23                            1                       0
  31230 slack#3#0                              1                       0
  31231 slack#3#17                             1                       0
  31233 slack#35#27                            1                       0
  31234 slack#35#31                            1                       0
  31235 slack#35#12                            1                       0
  31236 slack#31#34                            1                       0
  31237 slack#31#35                            1                       0
  31239 slack#31#17                            1                       0
  31240 slack#22#32                            1                       0
  31241 slack#22#33                            1                       0
  31242 slack#22#4                             1                       0
