Stopped on time - objective value 3948.00000000
      0 v0160115              11                       0
      1 v0050114              55                       0
      2 p1                     1                    -300
      3 v0161120              59                       0
      4 v0051114              21                       0
      6 v0170119              41                       0
      7 v0070101               8                       0
      9 v0171120              28                       0
     10 v0071114              51                       0
     11 p4                     1                     -60
     12 v2071101              33                       0
     13 p5                     1                      60
     14 v0050119              12                       0
     15 v0160101              37                       0
     16 p6                     1                      60
     17 v0051130              58                       0
     18 v0161116              31                       0
     20 v2161101               4                       0
     21 p8                     1                      60
     22 v0070115              42                       0
     23 v0170114              25                       0
     25 v0071130              29                       0
     26 v0171116               1                       0
     28 v2070104               3                       0
     30 v2160104              33                       0
     31 p13                    1                      60
     32 v0190139              58                       0
     33 v0080130              36                       0
     35 v0191109              37                       0
     36 v0081114              19                       0
     38 v0150139              28                       0
     39 v0090130               6                       0
     41 v0091101               9                       0
     42 v0151115              49                       0
     43 p29                    1                      60
     44 v0080138              58                       0
     45 v0190131              31                       0
     47 v0081119              40                       0
     48 v0191108              34                       0
     50 v1170101              46                       0
     51 v0061110              32                       0
     53 v9300128              55                       0
     54 v1051112              45                       0
     56 v0060128              27                       0
     57 v1171112              15                       0
     59 v1050101              16                       0
     60 v9301101              37                       0
     61 p54                    1                     -60
     62 v1051101              19                       0
     63 p57                    1                      60
     64 v1171101              49                       0
     66 v1050108              24                       0
     68 v1170108              54                       0
     69 p61                    1                      60
     70 v3050101              54                       0
     72 v3070101              24                       0
     73 p66                    1                      60
     74 v3051106              51                       0
     75 p67                    1                      60
     76 v3071106              21                       0
     78 v0300110              54                       0
     79 v0050101              18                       0
     81 v0300210              24                       0
     82 v0170101              48                       0
     83 p82                    1                     -60
     84 v0051135              15                       0
     85 v0301101              43                       0
     86 p83                    1                       0
     87 v0171125              45                       0
     88 v0301201              13                       0
     90 v0020110              30                       0
     91 v0020101               5                       0
     93 v0020124               5                       0
     94 p3226                  1                      60
     95 v0021107              52                       0
     96 v0021106              49                       0
     98 v0021121              23                       0
     99 p3228                  1                       0
    101 p3230                  1                      60
    102 v0050135              50                       0
    104 v0050143              32                       0
    105 p3232                  1                       0
    106 v0051106              36                       0
    107 v0051101              19                       0
    109 p3234                  1                     -60
    111 p3236                  1                     -60
    112 v0060109              46                       0
    113 v0060101              30                       0
    115 v0060114               1                       0
    116 p3238                  1                     -60
    117 v0060119              12                       0
    120 v0060136              40                       0
    122 v0060144               2                       0
    123 p3242                  1                       0
    124 v0061102              11                       0
    125 v0061101               3                       0
    128 v0061118              45                       0
    130 v0061127               1                       0
    131 p3246                  1                      60
    132 v0061132              12                       0
    134 v0061137              29                       0
    137 v0070131              20                       0
    138 p3250                  1                     -60
    139 v0070139               2                       0
    140 p3251                  1                       0
    141 v0071106               6                       0
    142 v0071101              49                       0
    143 p3252                  1                       0
    145 p3254                  1                    -120
    146 v0080107              38                       0
    147 v0080101              24                       0
    149 v0080109              46                       0
    151 v0080116               8                       0
    152 p3257                  1                      60
    155 v0080143              16                       0
    156 p3260                  1                       0
    157 v0080145              31                       0
    159 v0081107              49                       0
    160 v0081106              45                       0
    162 v0081112               4                       0
    163 p3264                  1                       0
    167 p3267                  1                      60
    168 v0081141              31                       0
    170 v0081148              50                       0
    172 v0081150              59                       0
    174 v0090107               8                       0
    175 v0090101              54                       0
    176 p3271                  1                       0
    177 v0090109              17                       0
    179 v0090116              38                       0
    181 p3274                  1                    -240
    182 v0091109              28                       0
    184 v0091123               1                       0
    185 p3276                  1                      60
    186 v0091130              21                       0
    188 v0091132              29                       0
    190 v0150102               3                       0
    191 v0150101              58                       0
    192 p3279                  1                     -60
    193 v0150111              18                       0
    195 v0150119              31                       0
    197 v0150127              48                       0
    199 v0150131               1                       0
    200 p3283                  1                     -60
    202 v0150144              45                       0
    204 v0150146              59                      -3
    206 v0150151              14                       0
    207 p3287                  1                       0
    208 v0151113              35                       0
    209 v0151108              20                       0
    212 v0151120               6                       0
    213 p3291                  1                      60
    214 v0151128              28                       0
    216 v0151132              41                       0
    218 v0151140              57                       0
    220 v0151148              11                       0
    221 p3295                  1                      60
    222 v0151157              27                       0
    224 p3297                  1                     -60
    225 v0160119              36                       0
    227 v0160121              47                       0
    229 v0160129              11                       0
    230 p3300                  1                       0
    231 v0160132              22                       0
    233 v0161103              43                       0
    234 v0161101              34                       0
    236 v0161106              54                       0
    238 v0161114              19                       0
    239 p3304                  1                       0
    242 p3307                  1                      60
    244 v0170123               6                       0
    245 p3309                  1                       0
    246 v0170125              17                       0
    248 v0170133              41                       0
    250 v0170136              52                       0
    252 v0171103              13                       0
    253 v0171101               4                       0
    255 v0171106              24                       0
    257 v0171114              49                       0
    259 p3316                  1                       0
    262 v0190102              33                       0
    263 v0190101              28                       0
    265 v0190111              48                       0
    267 v0190119               1                       0
    268 p3321                  1                      60
    269 v0190127              18                       0
    274 v0191117              59                       0
    276 v0191121              12                       0
    277 p3329                  1                    -180
    278 v0191129              28                       0
    280 v0191137              41                       0
    282 v0191146              57                       0
    284 v0210109              50                       0
    285 v0210101              33                       0
    287 v0210114               6                       0
    288 p3334                  1                       0
    289 v0210119              18                       0
    291 v0210128              34                       0
    293 v0210136              47                       0
    295 v0211121              13                       0
    296 v0211113              52                       0
    297 p3346                  1                       0
    298 v0211129              26                       0
    300 v0211138              42                       0
    302 v0211143              53                       0
    304 v0211148              11                       0
    305 p3350                  1                       0
    306 v0230115              48                       0
    307 v0230101              17                       0
    309 v0230119              12                       0
    310 p3352                  1                       0
    311 v0230121              23                       0
    313 v0230129              47                       0
    315 v0230132              58                       0
    317 v0231103              59                       0
    318 v0231102              51                       0
    320 v0231106              10                       0
    321 p3357                  1                       0
    322 v0231114              34                       0
    324 v0231116              45                       0
    326 v0231120              10                       0
    327 p3360                  1                       0
    328 v0240109              20                       0
    329 v0240101               3                       0
    331 v0240114              36                       0
    333 v0240119              48                       0
    335 v0240128               4                       0
    336 p3364                  1                       0
    337 v0241109              56                       0
    338 v0241101              43                       0
    340 v0241118              12                       0
    341 p3366                  1                       0
    342 v0241123              23                       0
    344 v0241128              41                       0
    346 v0300101              26                       0
    348 v0300201              56                       0
    349 p3370                  1                      60
    350 v0301115              16                       0
    351 p3371                  1                       0
    352 v0301215              46                       0
    357 p3376                  1                      60
    358 v2070101              56                       0
    359 p3377                  1                      60
    360 v2071118               3                       0
    361 p3378                  1                       0
    362 v2160101              26                       0
    364 v2161118              34                       0
    366 v3050106              18                       0
    367 p3381                  1                       0
    368 v3050108              32                       0
    370 v3051104              37                       0
    371 v3051101              20                       0
    374 v3070106              48                       0
    376 v3070108               2                       0
    377 p3386                  1                       0
    378 v3071104               7                       0
    379 v3071101              50                       0
    380 p3387                  1                       0
    382 v9300109              14                       0
    385 v9300114              28                       0
    387 v9300119              39                       0
    390 v9301118              15                       0
    391 p3393                  1                      60
    392 v9301127              30                       0
    394 v9301132              40                       0
    396 v9301137              59                       0
    398 v0000000              58                       0
    399 p87                    1                     -60
    400 p88                    1                       0
    402 p90                    1                       0
    403 p91                    1                      60
    405 p1351                  1                       0
    406 p1352                  1                       0
    408 p1354                  1                     180
    411 p1357                  1                       0
    412 p1358                  2                       0
    413 p1359                  1                       0
    414 p1360                  2                       0
    417 p1363                  1                       0
    418 p1364                  1                       0
    419 p1365                  1                       0
    421 p1367                  1                       0
    424 p1370                  1                       0
    426 p1372                  1                       0
    427 p1373                  2                       0
    428 p1374                  1                       0
    429 p1375                  1                       0
    430 p1376                  1                       0
    433 p1379                  1                       0
    434 p1380                  2                       0
    435 p1381                  2                       0
    436 p1382                  2                       0
    437 p1383                  1                       0
    438 p1384                  1                       0
    445 p1417                  1                       0
    448 p1420                  1                       0
    449 p1447                  1                       0
    450 p1448                  1                       0
    452 p1476                  1                       0
    453 p1477                  1                       0
    456 p1504                  1                       0
    458 p1518                  1                     360
    460 p1538                  1                       0
    461 p1559                  1                       0
    463 p1561                  1                       0
    464 p1575                  1                       0
    466 p1585                  1                       0
    467 p1590                  1                      60
    468 p1591                  1                       0
    470 p1616                  1                       0
    471 p1617                  1                       0
    475 p1652                  1                       0
    476 p1674                  1                       0
    477 p1675                  1                       0
    479 p1678                  1                       0
    480 p1679                  1                       0
    484 p1707                  1                       0
    489 p1752                  1                       0
    492 p1755                  1                       0
    494 p1792                  1                       0
    495 p1793                  1                       0
    497 p1795                  1                       0
    501 p1817                  1                       0
    503 p1827                  1                     120
    505 p1839                  1                       0
    506 p1840                  1                       0
    508 p1842                  1                       0
    509 p1878                  1                       0
    510 p1879                  1                       0
    511 p1880                  1                       0
    513 p1882                  1                       0
    520 p1953                  1                       0
    523 p1956                  1                      60
    527 p1989                  1                       0
    532 p2036                  1                      60
    533 p2043                  1                       0
    534 p2044                  1                       0
    536 p2046                  1                       0
    538 p2048                  1                       0
    540 p2100                  1                       0
    542 p2105                  1                    -180
    543 p2106                  1                       0
    548 p2142                  1                       0
    549 p2147                  1                       0
    550 p2148                  1                      60
    553 p2170                  1                       0
    556 p2182                  1                       0
    557 p2183                  1                       0
    558 p2184                  1                      60
    560 p2233                  1                     -60
    561 p2234                  2                       0
    562 p2235                  1                       0
    563 p2239                  1                       0
    569 p2264                  1                       0
    570 p2265                  1                     120
    572 p2273                  1                       0
    574 p2295                  1                       0
    575 p2296                  1                       0
    579 p2338                  1                       0
    581 p2368                  1                       0
    583 p2370                  1                       0
    584 p2382                  1                       0
    588 p2406                  1                       0
    589 p2412                  1                       0
    590 p2413                  1                       0
    591 p2420                  1                       0
    592 p2421                  1                       0
    593 p2422                  1                       0
    594 p2423                  1                       0
    599 p2489                  1                       0
    600 p2494                  1                       0
    601 p2495                  1                       0
    603 p2531                  1                       0
    604 p2532                  1                       0
    605 p2535                  1                       0
    606 p2536                  1                       0
    610 p2559                  1                       0
    611 p2561                  1                       0
    613 p2567                  1                       0
    614 p2568                  1                       0
    617 p2587                  1                     120
    619 p2594                  1                       0
    620 p2595                  1                       0
    621 p2596                  1                     -60
    622 p2628                  1                       0
    623 p2629                  1                       0
    629 p2662                  1                       0
    630 p2670                  1                       0
    632 p2675                  1                       0
    635 p2718                  1                       0
    636 p2719                  1                       0
    640 p2748                  1                       0
    641 p2749                  1                       0
    642 p2754                  1                       0
    644 p2756                  1                       0
    645 p2778                  1                       0
    647 p2780                  1                       0
    648 p2805                  1                       0
    649 p2806                  1                       0
    650 p2820                  1                       0
    651 p2821                  1                       0
    652 p2823                  1                       0
    653 p2824                  1                       0
    657 p2861                  1                       0
    659 p2877                  1                       0
    660 p2885                  2                       0
    662 p2894                  1                       0
    664 p2910                  1                       0
    665 p2927                  1                       0
    666 p2928                  1                       0
    667 p2937                  1                       0
    668 p2938                  1                       0
    673 p2965                  1                       0
    676 p2986                  1                       0
    677 p3005                  1                       0
    678 p3012                  1                       0
    680 p3015                  1                       0
    681 p3020                  1                       0
    682 p3025                  1                       0
    684 p3042                  1                       0
    685 p3050                  1                       0
    689 p3070                  1                       0
    693 p3154                  1                       0
    694 p3161                  1                       0
    697 p3182                  1                       0
    699 p3202                  1                       0
    701 p3204                  2                       0
    702 p3205                  1                       0
    704 p3212                  1                       0
    706 p3218                  1                       0
    707 p3220                  1                       0
    708 p3397                  1                      60
    710 p3401                  1                       0
    714 p3405                  1                       0
    715 p3411                  1                     120
    716 p3413                  1                     120
    718 p3417                  1                      60
    725 p3426                  1                       0
