Optimal - objective value 0.00000000
      2 y(31)                         26                       1
      5 releaseDateAndCP               1                     -26
      6 x(1,0,0)                       1                       0
     10 x(2,1,0)                       1                       0
     12 x(3,0,0)                       1                       0
     25 x(12,0,2)                      1                       0
     52 x(4,0,5)                       1                       0
     61 x(13,2,5)                      1                       0
     87 x(8,0,7)                       1                       0
     89 x(9,1,7)                       1                       0
    100 x(6,0,8)                       1                       0
    142 x(5,0,10)                      1                       0
    150 x(10,0,10)                     1                       0
    155 x(14,0,10)                     1                       0
    194 x(15,0,12)                     1                       0
    213 x(11,0,13)                     1                       0
    243 x(18,0,14)                     1                       0
    245 x(19,0,14)                     1                       0
    247 x(20,0,14)                     1                       0
    254 x(7,0,15)                      1                       0
    291 x(26,0,16)                     1                       0
    309 x(27,1,17)                     1                       0
    313 x(16,0,18)                     1                       0
    326 x(17,0,19)                     1                       0
    330 x(22,1,19)                     1                       0
    331 x(23,0,19)                     1                       0
    346 x(21,0,21)                     1                       0
    355 x(29,1,21)                     1                       0
    356 x(30,0,21)                     1                       0
    366 x(24,1,23)                     1                       0
    367 x(25,0,23)                     1                       0
    374 x(28,0,25)                     1                       0
    375 x(0,0,0)                       1                       0
    376 x(31,0,26)                     1                       0
    377 u(0,0)                         1                       0
    378 u(1,0)                         1                       0
    382 u(2,1)                         1                       0
    384 u(3,0)                         1                       0
    387 u(4,0)                         1                       0
    390 u(5,0)                         1                       0
    393 u(6,0)                         1                       0
    396 u(7,0)                         1                       0
    399 u(8,0)                         1                       0
    403 u(9,1)                         1                       0
    405 u(10,0)                        1                       0
    408 u(11,0)                        1                       0
    411 u(12,0)                        1                       0
    416 u(13,2)                        1                       0
    417 u(14,0)                        1                       0
    420 u(15,0)                        1                       0
    423 u(16,0)                        1                       0
    426 u(17,0)                        1                       0
    429 u(18,0)                        1                       0
    432 u(19,0)                        1                       0
    435 u(20,0)                        1                       0
    438 u(21,0)                        1                       0
    442 u(22,1)                        1                       0
    444 u(23,0)                        1                       0
    448 u(24,1)                        1                       0
    450 u(25,0)                        1                       0
    453 u(26,0)                        1                       0
    457 u(27,1)                        1                       0
    459 u(28,0)                        1                       0
    463 u(29,1)                        1                       0
    465 u(30,0)                        1                       0
    468 u(31,0)                        1                       0
    471 y(4)                           5                       0
    472 y(5)                          10                       0
    473 y(6)                           8                       0
    474 y(7)                          15                       0
    475 y(8)                           7                       0
    476 y(9)                           7                       0
    477 y(10)                         10                       0
    478 y(11)                         13                       0
    479 y(12)                          2                       0
    480 y(13)                          5                       0
    481 y(14)                         10                       0
    482 y(15)                         12                       0
    483 y(16)                         18                       0
    484 y(17)                         19                       0
    485 y(18)                         14                       0
    486 y(19)                         14                       0
    487 y(20)                         14                       0
    488 y(21)                         21                       0
    489 y(22)                         19                       0
    490 y(23)                         19                       0
    491 y(24)                         23                       0
    492 y(25)                         23                       0
    493 y(26)                         16                       0
    494 y(27)                         17                       0
    495 y(28)                         25                       0
    496 y(29)                         21                       0
    497 y(30)                         21                       0
    498 d(1)                           2                       0
    499 d(2)                           5                       0
    500 d(3)                           5                       0
    501 d(4)                           2                       0
    502 d(5)                           3                       0
    503 d(6)                           2                       0
    504 d(7)                           3                       0
    505 d(8)                           3                       0
    506 d(9)                           2                       0
    507 d(10)                          2                       0
    508 d(11)                          1                       0
    509 d(12)                          6                       0
    510 d(13)                          9                       0
    511 d(14)                          4                       0
    512 d(15)                          3                       0
    513 d(16)                          1                       0
    514 d(17)                          1                       0
    515 d(18)                          2                       0
    516 d(19)                          1                       0
    517 d(20)                          5                       0
    518 d(21)                          2                       0
    519 d(22)                          2                       0
    520 d(23)                          2                       0
    521 d(24)                          2                       0
    522 d(25)                          2                       0
    523 d(26)                          1                       0
    524 d(27)                          4                       0
    525 d(28)                          1                       0
    526 d(29)                          5                       0
    527 d(30)                          5                       0
