Optimal - objective value 4722.00000000
      1 CO100002               1                      11
     16 CO100017               1                      13
     30 CO100031               1                      55
     33 CO100034               1                      25
     67 CO100068               1                      48
    111 CO100112               1                     107
    165 CO100166               1                      34
    192 CO100193               1                     187
    198 CO100199               1                     192
    321 CO100322               1                     206
    411 CO100412               1                     212
    449 CO100450               1                     195
    906 CO100907               1                     187
    961 CO100962               1                     192
    981 CO100982               1                     188
   1052 CO101053               1                     224
   1075 CO101076               1                     229
   1107 CO101108               1                     216
   1176 CO101177               1                     207
   1231 CO101232               1                     238
   1309 CO101310               1                     208
   1415 CO101416               1                     206
   1727 CO101728               1                     222
   1847 CO101848               1                     224
   1902 CO101903               1                     210
   1917 CO101918               1                     245
   1948 CO101949               1                     218
   1950 CO101951               1                     223
