Stopped on time - objective value 15.00000000
      0 x1                     8                       0
      2 x3                     3                       0
      8 x9                     4                       0
     14 x15                    1                    -129
     15 x16                    1                    -117
     17 x18                    1                    -240
     18 x19                    1                    -197
     19 x20                    1                    -169
     21 x22                    1                    -114
     27 x28                    1                     -94
     28 x29                    1                    -187
     29 x30                    1                    -192
     31 x32                    1                     -75
     32 x33                    1                     -82
     33 x34                    1                    -179
     35 x36                    1                    -185
     37 x38                    1                    -149
     40 x41                    1                    -244
     41 x42                    1                    -103
     49 x50                    1                    -155
     50 x51                    1                    -117
     52 x53                    1                    -226
     53 x54                    1                    -132
     54 x55                    1                    -125
     57 x58                    1                    -107
     58 x59                    1                    -186
     59 x60                    1                    -116
     62 x63                    1                    -155
     65 x66                    1                    -147
     66 x67                    1                    -248
     71 x72                    1                    -175
