Optimal - objective value 20740508.08630824
      1 PRDHT15        23926.785                       0
     11 TDHT0403       636.07437                       0
     14 TDHT0502       84.321098                       0
     15 TDHT0504       1254.3341          -1.1368684e-13
     21 TDHT0706       1464.6208                       0
     24 TDHT0805       2287.5185                       0
     25 TDHT0807       4169.3227                       0
     28 TDHT0908        7314.997           5.6843419e-14
     30 TDHT1009       7527.0957          -5.6843419e-14
     31 TDHT1011       3525.6113                       0
     35 TDHT1112       2780.7284           5.6843419e-14
     39 TDHT1213       889.06735                       0
     43 TDHT1314       205.05913                       0
     48 TDHT1617       6351.3195                       0
     53 TDHT1718       2530.7158                       0
     54 TDHT1723       1726.0337           5.6843419e-14
     57 TDHT1819       1176.7274          -1.1368684e-13
     58 TDHT1822       887.68593          -1.1368684e-13
     61 TDHT1921       838.46272                       0
     63 TDHT2031       126.35944                       0
     65 TDHT2120       204.70499                       0
     67 TDHT2130       142.85705                       0
     71 TDHT2229       41.549527                       0
     75 TDHT2328       569.71733                       0
     80 TDHT2524       966.75954          -5.6843419e-14
     81 TDHT2526        697.7203          -5.6843419e-14
     84 TDHT2627        212.2692           5.6843419e-14
     99 TDHT1510       11370.659                       0
    100 TDHT1516       7673.4094                       0
    101 TDHT1525        1828.841                       0
    204 D03DHT                 1                13947.27
    206 D04DHT                 1               5305.3477
    208 D05DHT                 1               25340.465
    212 D07DHT                 1               7474.4336
    216 D09DHT                 1               9055.0781
    218 D10DHT                 1               7918.8945
    220 D11DHT                 1               6826.5234
    222 D12DHT                 1               15850.309
    230 D16DHT                 1               9947.1289
    232 D17DHT                 1               10720.242
    234 D18DHT                 1               9662.3047
    236 D19DHT                 1               16113.227
    244 D23DHT                 1               5712.2461
    248 D25DHT                 1               18970.918
    250 D26DHT                 1                11443.27
    254 D28DHT                 1               11728.102
    256 D29DHT                 1               17578.066
    258 D30DHT                 1               12034.844
    260 D31DHT                 1               13584.191
    262 D32DHT                 1               9621.6094
    264 D33DHT                 1               9170.8945
    266 D34DHT                 1               20545.309
    268 D35DHT                 1                12682.75
    274 D38DHT                 1               20263.605
    278 D40DHT                 1                16695.41
    282 D42DHT                 1               10178.754
    284 D43DHT                 1               8397.7773
    286 D44DHT                 1               8069.1289
    288 D45DHT                 1                13947.27
    299 CDHT02                69           1.1368684e-13
    300 CDHT03             520.5                       0
    301 CDHT04          495.2998                       0
    302 CDHT05         754.09985          -1.1368684e-13
    303 CDHT06            1198.5          -1.1368684e-13
    304 CDHT07         2188.7998                       0
    305 CDHT08             594.4          -1.1368684e-13
    306 CDHT09              51.4                       0
    307 CDHT10              75.6           1.1368684e-13
    308 CDHT11         563.09985          -1.1368684e-13
    309 CDHT12         1533.0999                       0
    310 CDHT13          556.2998           1.1368684e-13
    311 CDHT14             167.8                       0
    312 CDHT16          975.7998          -1.1368684e-13
    313 CDHT17            1642.9           1.1368684e-13
    314 CDHT18         347.09985           1.1368684e-13
    315 CDHT19          262.7998          -1.1368684e-13
    316 CDHT20                62           1.1368684e-13
    317 CDHT21             395.9          -1.1368684e-13
    318 CDHT22             691.7                       0
    319 CDHT23             936.7                       0
    320 CDHT24         791.09985                       0
    321 CDHT25             106.7           1.1368684e-13
    322 CDHT26             393.7                       0
    323 CDHT27             173.7                       0
    324 CDHT28             466.2          -1.1368684e-13
    325 CDHT29                34          -1.1368684e-13
    326 CDHT30             116.9                       0
    327 CDHT31             103.4                       0
    328 CDHT15         552.09985                       0
    391 CNEH01               1.5                       0
