Optimal - objective value -21718.00000000
      0 x1                     1                    -900
      1 x2                     1                    -700
      2 x3                     1                    -800
      4 x5                     1                   -1800
      5 x6                     1                   -2000
      6 x7                     1                    -600
      7 x8                     1                    -750
      8 x9                     1                    -790
      9 x10                    1                    -800
     10 x11                    1                    -600
     11 x12                    1                    -790
     12 x13                    1                    -800
     13 x14                    1                    -600
     14 x15                    1                     -90
     15 x16                    1                     -90
     16 x17                    1                     -90
     17 x18                    1                     -90
     18 x19                    1                     -90
     19 x20                    1                     -90
     20 x21                    1                    -100
     23 x24                    1                    -700
     24 x25                    1                    -890
     25 x26                    1                    -790
     26 x27                    1                    -430
     30 x31                    1                    -500
     31 x32                    1                    -500
     33 x34                    1                    -500
     34 x35                    1                    -230
     35 x36                    1                    -480
     36 x37                    1                    -400
     37 x38                    1                    -200
     38 x39                    1                    -800
     39 x40                    1                    -500
     40 x41                    1                    -600
     42 x43                    1                    -900
     43 x44                    1                   -1118
     44 x45                    1                   -1000
     98 x99                    1                      10
    123 x124                   1                      20
    126 x127                   2                      30
    130 x131                   1                      10
    133 x134                   2                      70
    135 x136                   1                      70
    151 x152                   1                     100
    155 x156                   1                     100
    163 x164                   1                     100
    166 x167                  10                      10
    167 x168                   1                      10
    175 x176                   1                      20
    185 x186                   1                      10
    187 x188                   4                      10
    194 x195                   1                     100
    195 x196                   1                     100
    198 x199                   2                     100
    199 x200                   1                     100
    203 x204                   1                     100
    205 x206                  15                       0
    206 x207                  30                       0
    207 x208                  20                       0
    211 x212                  70                       0
    212 x213                  66                       0
    213 x214                  62                       0
    214 x215                  70                       0
    215 x216                  66                       0
    216 x217                  62                       0
    217 x218                  80                       0
    218 x219                  75                       0
    219 x220                  69                       0
    220 x221                  80                       0
    221 x222                  75                       0
    222 x223                  70                       0
    225 x226                  15                       0
    226 x227                  13                       0
    230 x231                  28                       0
    234 x235                  34                       0
    235 x236                  28                       0
    237 x238                  16                       0
    238 x239                   6                       0
    239 x240                  10                       0
    240 x241                  20                       0
    241 x242                   4                       0
    242 x243                   2                       0
    243 x244                   5                       0
    246 x247                  -1                       0
    247 x248                   3                       0
    250 x251                   1                       0
    253 x254                  30                       0
    254 x255                  23                       0
    255 x256                  23                       0
    257 x258                  33                       0
    258 x259                  26                       0
    259 x260                  26                       0
    260 x261                  29                       0
    261 x262                  26                       0
    262 x263                  26                       0
    263 x264                  29                       0
    264 x265                   5                       0
    265 x266                   5                       0
    266 x267                   5                       0
    267 x268                   5                       0
    268 x269                   5                       0
    269 x270                   5                       0
    272 x273                  51                       0
    273 x274                  40                       0
    274 x275                  24                       0
    275 x276                  53                       0
    279 x280                  23                       0
    280 x281                  23                       0
    282 x283                  23                       0
    283 x284                  18                       0
    284 x285                  32                       0
    285 x286                  23                       0
    286 x287                  60                       0
    287 x288                  55                       0
    288 x289                  44                       0
    290 x291                  41                       0
    291 x292                  41                       0
    292 x293                  41                       0
    350 x351                   1                       0
    364 x365                   1                       0
    372 x373                   1                       0
    379 x380                   1                       0
    384 x385                   1                       0
    390 x391                   1                       0
    396 x397                   1                       0
    402 x403                   1                       0
    404 x405                   1                       0
    414 x415                   1                       0
    423 x424                   1                       0
    429 x430                   1                       0
    435 x436                   1                       0
    441 x442                   1                       0
    447 x448                   1                       0
    453 x454                   1                       0
    461 x462                   1                       0
    466 x467                   1                       0
    470 x471                   1                       0
    478 x479                   1                       0
    480 x481                   1                       0
    481 x482                   1                       0
    482 x483                   1                       0
    560 x561                   1                       0
    562 x563                   1                       0
    590 x591                   1                       0
    612 x613                   1                       0
    696 x697                   1                       0
    697 x698                   1                       0
    733 x734                   1                       0
    734 x735                   1                       0
    792 x793                   1                       0
    794 x795                   1                       0
    797 x798                   1                       0
    825 x826                   1                       0
   1106 x1107                  1                       0
   1113 x1114                  1                       0
   1120 x1121                  1                       0
   1129 x1130                  1                       0
   1134 x1135                  1                       0
   1138 x1139                  1                       0
   1141 x1142                  1                       0
   1195 x1196                  1                       0
   1204 x1205                  1                       0
   1211 x1212                  1                       0
   1219 x1220                  1                       0
   1238 x1239                  1                       0
   1300 x1301                  1                       0
   1322 x1323                  1                       0
   1323 x1324                  1                       0
   1325 x1326                  1                       0
   1327 x1328                  1                       0
   1330 x1331                  1                       0
   1334 x1335                  1                       0
   1361 x1362                  1                       0
   1362 x1363                  1                       0
   1363 x1364                  1                       0
   1424 x1425                  1                       0
   1426 x1427                  1                       0
   1427 x1428                  1                       0
   1430 x1431                  1                       0
   1480 x1481                  1                       0
   1481 x1482                  1                       0
   1526 x1527                  1                       0
   1621 x1622                  1                       0
   1622 x1623                  1                       0
   1626 x1627                  1                       0
   1631 x1632                  1                       0
   1668 x1669                  1                       0
   1669 x1670                  1                       0
   1685 x1686                  1                       0
   1686 x1687                  1                       0
   1731 x1732                  1                       0
   1733 x1734                  1                       0
   1734 x1735                  1                       0
   1765 x1766                  1                       0
   1894 x1895                  1                       0
   1901 x1902                  1                       0
   2153 x2154                  1                       0
   2154 x2155                  1                       0
   2251 x2252                  1                       0
   2254 x2255                  1                       0
   2298 x2299                  1                       0
   2300 x2301                  1                       0
   2348 x2349                  1                       0
   2411 x2412                  1                       0
   2413 x2414                  1                       0
   2415 x2416                  1                       0
   2433 x2434                  1                       0
   2509 x2510                  1                       0
   2510 x2511                  1                       0
   2637 x2638                  1                       0
   2657 x2658                  1                       0
   2720 x2721                  1                       0
   2723 x2724                  1                       0
   2784 x2785                  1                       0
   2815 x2816                  1                       0
   2847 x2848                  1                       0
   2848 x2849                  1                       0
   2871 x2872                  1                       0
   2872 x2873                  1                       0
   2898 x2899                  1                       0
   2900 x2901                  1                       0
   2903 x2904                  1                       0
   2924 x2925                  1                       0
   2954 x2955                  1                       0
   2956 x2957                  1                       0
   2960 x2961                  1                       0
   2978 x2979                  1                       0
   2980 x2981                  1                       0
   3004 x3005                  1                       0
   3007 x3008                  1                       0
   3024 x3025                  1                       0
   3025 x3026                  1                       0
   3056 x3057                  1                       0
   3058 x3059                  1                       0
   3077 x3078                  1                       0
   3108 x3109                  1                       0
   3110 x3111                  1                       0
   3128 x3129                  1                       0
   3129 x3130                  1                       0
   3131 x3132                  1                       0
   3188 x3189                  1                       0
   3189 x3190                  1                       0
   3190 x3191                  1                       0
   3238 x3239                  1                       0
   3239 x3240                  1                       0
   3241 x3242                  1                       0
   3475 x3476                  1                       0
   3477 x3478                  1                       0
   3955 x3956                  1                       0
   3959 x3960                  1                       0
   4167 x4168                  1                       0
   4270 x4271                  1                       0
   4272 x4273                  1                       0
   4431 x4432                  1                       0
   4432 x4433                  1                       0
   4521 x4522                  1                       0
   4524 x4525                  1                       0
   4526 x4527                  1                       0
   4530 x4531                  1                       0
   4669 x4670                  1                       0
   4671 x4672                  1                       0
   4674 x4675                  1                       0
   4679 x4680                  1                       0
   4684 x4685                  1                       0
   4689 x4690                  1                       0
   4692 x4693                  1                       0
   4789 x4790                  1                       0
   4791 x4792                  1                       0
   4870 x4871                  1                       0
   4914 x4915                  1                       0
   5268 x5269                  1                       0
   5270 x5271                  1                       0
   5278 x5279                  1                       0
   5284 x5285                  1                       0
   5286 x5287                  1                       0
   5294 x5295                  1                       0
   5316 x5317                  1                       0
   5318 x5319                  1                       0
   5324 x5325                  1                       0
   5467 x5468                  1                       0
   5470 x5471                  1                       0
   5724 x5725                  1                       0
   5772 x5773                  1                       0
   5773 x5774                  1                       0
   5823 x5824                  1                       0
   5824 x5825                  1                       0
   5841 x5842                  1                       0
   5941 x5942                  1                       0
   5943 x5944                  1                       0
   6057 x6058                  1                       0
   6142 x6143                  1                       0
   6143 x6144                  1                       0
   6164 x6165                  1                       0
   6217 x6218                  1                       0
   6218 x6219                  1                       0
   6250 x6251                  1                       0
   6275 x6276                  1                       0
   6336 x6337                  1                       0
   6339 x6340                  1                       0
   6345 x6346                  1                       0
   6359 x6360                  1                       0
   6364 x6365                  1                       0
   6460 x6461                  1                       0
   6461 x6462                  1                       0
   6489 x6490                  1                       0
   6491 x6492                  1                       0
   6492 x6493                  1                       0
   6561 x6562                  1                       0
   6564 x6565                  1                       0
   6566 x6567                  1                       0
   6571 x6572                  1                       0
   6577 x6578                  1                       0
   6711 x6712                  1                       0
   6793 x6794                  1                       0
   6795 x6796                  1                       0
   6822 x6823                  1                       0
   6823 x6824                  1                       0
   7381 x7382                  1                       0
   7388 x7389                  1                       0
   8226 x8227                  1                       0
   8231 x8232                  1                       0
   8237 x8238                  1                       0
   8242 x8243                  1                       0
   8563 x8564                  1                       0
   9430 x9431                  1                       0
   9433 x9434                  1                       0
   9617 x9618                  1                       0
   9618 x9619                  1                       0
   9663 x9664                  1                       0
   9804 x9805                  1                       0
   9806 x9807                  1                       0
   9920 x9921                  1                       0
   9922 x9923                  1                       0
   9959 x9960                  1                       0
  10073 x10074                 1                       0
  10075 x10076                 1                       0
  10173 x10174                 1                       0
  10212 x10213                 1                       0
  10227 x10228                28                       0
  10228 x10229                56                       0
  10229 x10230                35                       0
  10230 x10231                48                       0
  10231 x10232                43                       0
  10232 x10233                96                       0
  10233 x10234                92                       0
  10234 x10235                91                       0
  10235 x10236                96                       0
  10236 x10237                92                       0
  10237 x10238                91                       0
  10238 x10239                64                       0
  10239 x10240                49                       0
