Optimal - objective value 13.00000000
    144 C0145                  1                       1
    519 C0520                  1                       1
    711 C0712                  1                       1
   1148 C1149                  1                       1
   1453 C1454                  1                       1
   1704 C1705                  1                       1
   1854 C1855                  1                       1
   2059 C2060                  1                       1
   2652 C2653                  1                       1
   2781 C2782                  1                       1
   2992 C2993                  1                       1
   3076 C3077                  1                       1
   3275 C3276                  1                       1
