Optimal - objective value 1512800.00000000
      0 C0001                  1                       0
      1 C0002                  1                       0
      2 C0003                  1                       0
      4 C0005                  1                       0
      6 C0007                  1                       0
      8 C0009                  1                       0
     10 C0011                  1                       0
     11 C0012                  1                       0
     13 C0014                  1                       0
     15 C0016                  1                       0
     20 C0021                  1                       0
     27 C0028                  1                       0
     29 C0030                  1                       0
     34 C0035                  1                       0
     35 C0036                  1                       0
     36 C0037                  1                       0
     41 C0042                  1                       0
     42 C0043                  1                       0
     43 C0044                  1                       0
     44 C0045                  1                       0
     45 C0046                  1                       0
     50 C0051                  1                       0
     51 C0052                  1                       0
     52 C0053                  1                       0
     53 C0054                  1                       0
     54 C0055                  1                       0
     55 C0056                  1                       0
     58 C0059                  1                       0
     59 C0060                  1                       0
     62 C0063                  1                       0
     65 C0066                  1                       0
     66 C0067                  1                       0
     69 C0070                  1                       0
     72 C0073                  1                       0
     73 C0074                  1                       0
     74 C0075                  1                       0
     76 C0077                  1                       0
     77 C0078                  1                       0
     78 C0079                  1                       0
     79 C0080                  1                       0
     80 C0081                  1                       0
     81 C0082                  1                       0
     83 C0084                  1                       0
     84 C0085                  1                       0
     85 C0086                  1                       0
     86 C0087                  1                       0
     87 C0088                  1                       0
     88 C0089                  1                       0
     90 C0091                  1                       0
     91 C0092                  1                       0
     92 C0093                  1                       0
     95 C0096                  1                       0
     98 C0099                  1                       0
     99 C0100                  1                       0
    102 C0103                  1                       0
    105 C0106                  1                       0
    106 C0107                  1                       0
    112 C0113                  1                       0
    113 C0114                  1                       0
    114 C0115                  1                       0
    115 C0116                  1                       0
    116 C0117                  1                       0
    119 C0120                  1                       0
    120 C0121                  1                       0
    122 C0123                  1                       0
    123 C0124                  1                       0
    126 C0127                  1                       0
    130 C0131                  1                       0
    131 C0132                  1                       0
    133 C0134                  1                       0
    134 C0135                  1                       0
    137 C0138                  1                       0
    140 C0141                  1                       0
    147 C0148                  1                       0
    152 C0153                  1                       0
    154 C0155                  1                       0
    155 C0156                  1                       0
    156 C0157                  1                       0
    158 C0159                  1                       0
    161 C0162                  1                       0
    162 C0163                  1                       0
    163 C0164                  1                       0
    164 C0165                  1                       0
    165 C0166                  1                       0
    169 C0170                  1                       0
    173 C0174                  1                       0
    176 C0177                  1                       0
    178 C0179                  1                       0
    179 C0180                  1                       0
    183 C0184                  1                       0
    185 C0186                  1                       0
    190 C0191                  1                       0
    191 C0192                  1                       0
    192 C0193                  1                       0
    193 C0194                  1                       0
    195 C0196                  1                       0
    197 C0198                  1                       0
    198 C0199                  1                       0
    199 C0200                  1                       0
    200 C0201                  1                       0
    204 C0205                  1                       0
    205 C0206                  1                       0
    206 C0207                  1                       0
    207 C0208                  1                       0
    212 C0213                  1                       0
    214 C0215                  1                       0
    218 C0219                  1                       0
    219 C0220                  1                       0
    221 C0222                  1                       0
    224 C0225                  1                       0
    225 C0226                  1                       0
    226 C0227                  1                       0
    227 C0228                  1                       0
    228 C0229                  1                       0
    231 C0232                  1                       0
    232 C0233                  1                       0
    233 C0234                  1                       0
    234 C0235                  1                       0
    235 C0236                  1                       0
    236 C0237                  1                       0
    240 C0241                  1                       0
    241 C0242                  1                       0
    244 C0245                  1                       0
    248 C0249                  1                       0
    250 C0251                  1                       0
    258 C0259                  1                       0
    261 C0262                  1                       0
    263 C0264                  1                       0
    265 C0266                  1                       0
    268 C0269                  1                       0
    270 C0271                  1                       0
    272 C0273                  1                       0
    273 C0274                  1                       0
    274 C0275                  1                       0
    275 C0276                  1                       0
    277 C0278                  1                       0
    282 C0283                  1                       0
    284 C0285                  1                       0
    289 C0290                  1                       0
    291 C0292                  1                       0
    292 C0293                  1                       0
    295 C0296                  1                       0
    296 C0297                  1                       0
    299 C0300                  1                       0
    301 C0302                  1                       0
    302 C0303                  1                       0
    303 C0304                  1                       0
    308 C0309                  1                       0
    309 C0310                  1                       0
    310 C0311                  1                       0
    312 C0313                  1                       0
    315 C0316                  1                       0
    316 C0317                  1                       0
    317 C0318                  1                       0
    320 C0321                  1                       0
    322 C0323                  1                       0
    323 C0324                  1                       0
    329 C0330                  1                       0
    336 C0337                  1                       0
    337 C0338                  1                       0
    338 C0339                  1                       0
    339 C0340                  1                       0
    340 C0341                  1                       0
    343 C0344                  1                       0
    344 C0345                  1                       0
    345 C0346                  1                       0
    346 C0347                  1                       0
    350 C0351                  1                       0
    351 C0352                  1                       0
    353 C0354                  1                       0
    357 C0358                  1                       0
    358 C0359                  1                       0
    364 C0365                  1                       0
    365 C0366                  1                       0
    367 C0368                  1                       0
    370 C0371                  1                       0
    372 C0373                  1                       0
    374 C0375                  1                       0
    377 C0378                  1                       0
    378 C0379                  1                       0
    379 C0380                  1                       0
    381 C0382                  1                       0
    382 C0383                  1                       0
    383 C0384                  1                       0
    384 C0385                  1                       0
    385 C0386                  1                       0
    386 C0387                  1                       0
    388 C0389                  1                       0
    390 C0391                  1                       0
    391 C0392                  1                       0
    400 C0401                  1                       0
    401 C0402                  1                       0
    404 C0405                  1                       0
    407 C0408                  1                       0
    410 C0411                  1                       0
    411 C0412                  1                       0
    412 C0413                  1                       0
    413 C0414                  1                       0
    414 C0415                  1                       0
    415 C0416                  1                       0
    416 C0417                  1                       0
    417 C0418                  1                       0
    421 C0422                  1                       0
    422 C0423                  1                       0
    423 C0424                  1                       0
    424 C0425                  1                       0
    429 C0430                  1                       0
    430 C0431                  1                       0
    431 C0432                  1                       0
    432 C0433                  1                       0
    436 C0437                  1                       0
    437 C0438                  1                       0
    438 C0439                  1                       0
    443 C0444                  1                       0
    444 C0445                  1                       0
    445 C0446                  1                       0
    449 C0450                  1                       0
    450 C0451                  1                       0
    451 C0452                  1                       0
    453 C0454                  1                       0
    455 C0456                  1                       0
    456 C0457                  1                       0
    457 C0458                  1                       0
    458 C0459                  1                       0
    460 C0461                  1                       0
    462 C0463                  1                       0
    465 C0466                  1                       0
    467 C0468                  1                       0
    469 C0470                  1                       0
    472 C0473                  1                       0
    474 C0475                  1                       0
    475 C0476                  1                       0
    476 C0477                  1                       0
    479 C0480                  1                       0
    481 C0482                  1                       0
    483 C0484                  1                       0
    486 C0487                  1                       0
    490 C0491                  1                       0
    491 C0492                  1                       0
    493 C0494                  1                       0
    497 C0498                  1                       0
    499 C0500                  1                       0
    500 C0501                  1                       0
    502 C0503                  1                       0
    503 C0504                  1                       0
    510 C0511                  1                       0
    511 C0512                  1                       0
    516 C0517                  1                       0
    517 C0518                  1                       0
    518 C0519                  1                       0
    523 C0524                  1                       0
    524 C0525                  1                       0
    525 C0526                  1                       0
    526 C0527                  1                       0
    527 C0528                  1                       0
    528 C0529                  1                       0
    530 C0531                  1                       0
    531 C0532                  1                       0
    532 C0533                  1                       0
    533 C0534                  1                       0
    534 C0535                  1                       0
    535 C0536                  1                       0
    537 C0538                  1                       0
    538 C0539                  1                       0
    540 C0541                  1                       0
    541 C0542                  1                       0
    547 C0548                  1                       0
    548 C0549                  1                       0
    549 C0550                  1                       0
    553 C0554                  1                       0
    554 C0555                  1                       0
    555 C0556                  1                       0
    556 C0557                  1                       0
    560 C0561                  1                       0
    561 C0562                  1                       0
    562 C0563                  1                       0
    563 C0564                  1                       0
    564 C0565                  1                       0
    565 C0566                  1                       0
    566 C0567                  1                       0
    567 C0568                  1                       0
    568 C0569                  1                       0
    569 C0570                  1                       0
    570 C0571                  1                       0
    571 C0572                  1                       0
    572 C0573                  1                       0
    574 C0575                  1                       0
    575 C0576                  1                       0
    576 C0577                  1                       0
    577 C0578                  1                       0
    578 C0579                  1                       0
    579 C0580                  1                       0
    581 C0582                  1                       0
    582 C0583                  1                       0
    583 C0584                  1                       0
    584 C0585                  1                       0
    585 C0586                  1                       0
    586 C0587                  1                       0
    587 C0588                  1                       0
    588 C0589                  1                       0
    589 C0590                  1                       0
    590 C0591                  1                       0
    591 C0592                  1                       0
    592 C0593                  1                       0
    593 C0594                  1                       0
    602 C0603                  1                       0
    603 C0604                  1                       0
    604 C0605                  1                       0
    605 C0606                  1                       0
    606 C0607                  1                       0
    607 C0608                  1                       0
    608 C0609                  1                       0
    609 C0610                  1                       0
    610 C0611                  1                       0
    611 C0612                  1                       0
    612 C0613                  1                       0
    613 C0614                  1                       0
    614 C0615                  1                       0
    616 C0617                  1                       0
    617 C0618                  1                       0
    618 C0619                  1                       0
    619 C0620                  1                       0
    620 C0621                  1                       0
    621 C0622                  1                       0
    627 C0628                  1                       0
    629 C0630                  1                       0
    634 C0635                  1                       0
    636 C0637                  1                       0
    637 C0638                  1                       0
    640 C0641                  1                       0
    641 C0642                  1                       0
    642 C0643                  1                       0
    643 C0644                  1                       0
    644 C0645                  1                       0
    647 C0648                  1                       0
    648 C0649                  1                       0
    649 C0650                  1                       0
    651 C0652                  1                       0
    654 C0655                  1                       0
    658 C0659                  1                       0
    661 C0662                  1                       0
    672 C0673                  1                       0
    673 C0674                  1                       0
    676 C0677                  1                       0
    679 C0680                  1                       0
    680 C0681                  1                       0
    681 C0682                  1                       0
    682 C0683                  1                       0
    683 C0684                  1                       0
    687 C0688                  1                       0
    690 C0691                  1                       0
    694 C0695                  1                       0
    695 C0696                  1                       0
    698 C0699                  1                       0
    701 C0702                  1                       0
    702 C0703                  1                       0
    704 C0705                  1                       0
    705 C0706                  1                       0
    706 C0707                  1                       0
    708 C0709                  1                       0
    709 C0710                  1                       0
    711 C0712                  1                       0
    712 C0713                  1                       0
    715 C0716                  1                       0
    716 C0717                  1                       0
    717 C0718                  1                       0
    718 C0719                  1                       0
    721 C0722                  1                       0
    722 C0723                  1                       0
    723 C0724                  1                       0
    724 C0725                  1                       0
    725 C0726                  1                       0
    731 C0732                  1                       0
    738 C0739                  1                       0
    744 C0745                  1                       0
    745 C0746                  1                       0
    747 C0748                  1                       0
    749 C0750                  1                       0
    750 C0751                  1                       0
    753 C0754                  1                       0
    754 C0755                  1                       0
    756 C0757                  1                       0
    757 C0758                  1                       0
    758 C0759                  1                       0
    759 C0760                  1                       0
    760 C0761                  1                       0
    762 C0763                  1                       0
    763 C0764                  1                       0
    767 C0768                  1                       0
    768 C0769                  1                       0
    770 C0771                  1                       0
    771 C0772                  1                       0
    774 C0775                  1                       0
    777 C0778                  1                       0
    778 C0779                  1                       0
    780 C0781                  1                       0
    781 C0782                  1                       0
    784 C0785                  1                       0
    786 C0787                  1                       0
    787 C0788                  1                       0
    788 C0789                  1                       0
    789 C0790                  1                       0
    790 C0791                  1                       0
    793 C0794                  1                       0
    794 C0795                  1                       0
    795 C0796                  1                       0
    796 C0797                  1                       0
    797 C0798                  1                       0
    804 C0805                  1                       0
    811 C0812                  1                       0
    817 C0818                  1                       0
    819 C0820                  1                       0
    821 C0822                  1                       0
    822 C0823                  1                       0
    824 C0825                  1                       0
    826 C0827                  1                       0
    828 C0829                  1                       0
    829 C0830                  1                       0
    830 C0831                  1                       0
    832 C0833                  1                       0
    833 C0834                  1                       0
    835 C0836                  1                       0
    836 C0837                  1                       0
    837 C0838                  1                       0
    839 C0840                  1                       0
    840 C0841                  1                       0
    842 C0843                  1                       0
    843 C0844                  1                       0
    844 C0845                  1                       0
    846 C0847                  1                       0
    847 C0848                  1                       0
    849 C0850                  1                       0
    850 C0851                  1                       0
    851 C0852                  1                       0
    852 C0853                  1                       0
    853 C0854                  1                       0
    854 C0855                  1                       0
    856 C0857                  1                       0
    858 C0859                  1                       0
    863 C0864                  1                       0
    864 C0865                  1                       0
    865 C0866                  1                       0
    868 C0869                  1                       0
    870 C0871                  1                       0
    874 C0875                  1                       0
    884 C0885                  1                       0
    891 C0892                  1                       0
    896 C0897                  1                       0
    898 C0899                  1                       0
    899 C0900                  1                       0
    900 C0901                  1                       0
    902 C0903                  1                       0
    903 C0904                  1                       0
    904 C0905                  1                       0
    905 C0906                  1                       0
    907 C0908                  1                       0
    909 C0910                  1                       0
    912 C0913                  1                       0
    914 C0915                  1                       0
    915 C0916                  1                       0
    916 C0917                  1                       0
    919 C0920                  1                       0
    920 C0921                  1                       0
    921 C0922                  1                       0
    926 C0927                  1                       0
    927 C0928                  1                       0
    928 C0929                  1                       0
    932 C0933                  1                       0
    934 C0935                  1                       0
    935 C0936                  1                       0
    936 C0937                  1                       0
    938 C0939                  1                       0
    939 C0940                  1                       0
    940 C0941                  1                       0
    941 C0942                  1                       0
    942 C0943                  1                       0
    943 C0944                  1                       0
    946 C0947                  1                       0
    948 C0949                  1                       0
    949 C0950                  1                       0
    952 C0953                  1                       0
    953 C0954                  1                       0
    956 C0957                  1                       0
    957 C0958                  1                       0
    958 C0959                  1                       0
    959 C0960                  1                       0
    960 C0961                  1                       0
    966 C0967                  1                       0
    973 C0974                  1                       0
    974 C0975                  1                       0
    975 C0976                  1                       0
    976 C0977                  1                       0
    977 C0978                  1                       0
    980 C0981                  1                       0
    981 C0982                  1                       0
    982 C0983                  1                       0
    983 C0984                  1                       0
    984 C0985                  1                       0
    985 C0986                  1                       0
    992 C0993                  1                       0
   1005 C1006                  1                       0
   1009 C1010                  1                       0
   1011 C1012                  1                       0
   1013 C1014                  1                       0
   1015 C1016                  1                       0
   1017 C1018                  1                       0
   1019 C1020                  1                       0
   1021 C1022                  1                       0
   1024 C1025                  1                       0
   1031 C1032                  1                       0
   1033 C1034                  1                       0
   1038 C1039                  1                       0
   1040 C1041                  1                       0
   1045 C1046                  1                       0
   1047 C1048                  1                       0
   1049 C1050                  1                       0
   1050 C1051                  1                       0
   1051 C1052                  1                       0
   1052 C1053                  1                       0
   1053 C1054                  1                       0
   1054 C1055                  1                       0
   1055 C1056                  1                       0
   1057 C1058                  1                       0
   1058 C1059                  1                       0
   1059 C1060                  1                       0
   1061 C1062                  1                       0
   1064 C1065                  1                       0
   1065 C1066                  1                       0
   1069 C1070                  1                       0
   1071 C1072                  1                       0
   1072 C1073                  1                       0
   1078 C1079                  1                       0
   1079 C1080                  1                       0
   1081 C1082                  1                       0
   1085 C1086                  1                       0
   1086 C1087                  1                       0
   1087 C1088                  1                       0
   1088 C1089                  1                       0
   1089 C1090                  1                       0
   1090 C1091                  1                       0
   1092 C1093                  1                       0
   1093 C1094                  1                       0
   1095 C1096                  1                       0
   1096 C1097                  1                       0
   1097 C1098                  1                       0
   1102 C1103                  1                       0
   1109 C1110                  1                       0
   1116 C1117                  1                       0
   1120 C1121                  1                       0
   1121 C1122                  1                       0
   1122 C1123                  1                       0
   1124 C1125                  1                       0
   1128 C1129                  1                       0
   1130 C1131                  1                       0
   1131 C1132                  1                       0
   1135 C1136                  1                       0
   1149 C1150                  1                       0
   1155 C1156                  1                       0
   1156 C1157                  1                       0
   1162 C1163                  1                       0
   1163 C1164                  1                       0
   1164 C1165                  1                       0
   1165 C1166                  1                       0
   1170 C1171                  1                       0
   1171 C1172                  1                       0
   1172 C1173                  1                       0
   1173 C1174                  1                       0
   1174 C1175                  1                       0
   1178 C1179                  1                       0
   1179 C1180                  1                       0
   1185 C1186                  1                       0
   1186 C1187                  1                       0
   1192 C1193                  1                       0
   1193 C1194                  1                       0
   1194 C1195                  1                       0
   1197 C1198                  1                       0
   1198 C1199                  1                       0
   1199 C1200                  1                       0
   1200 C1201                  1                       0
   1201 C1202                  1                       0
   1204 C1205                  1                       0
   1205 C1206                  1                       0
   1206 C1207                  1                       0
   1207 C1208                  1                       0
   1208 C1209                  1                       0
   1210 C1211                  1                       0
   1211 C1212                  1                       0
   1212 C1213                  1                       0
   1215 C1216                  1                       0
   1218 C1219                  1                       0
   1219 C1220                  1                       0
   1222 C1223                  1                       0
   1225 C1226                  1                       0
   1226 C1227                  1                       0
   1232 C1233                  1                       0
   1233 C1234                  1                       0
   1234 C1235                  1                       0
   1235 C1236                  1                       0
   1236 C1237                  1                       0
   1239 C1240                  1                       0
   1240 C1241                  1                       0
   1242 C1243                  1                       0
   1243 C1244                  1                       0
   1246 C1247                  1                       0
   1250 C1251                  1                       0
   1251 C1252                  1                       0
   1253 C1254                  1                       0
   1254 C1255                  1                       0
   1257 C1258                  1                       0
   1260 C1261                  1                       0
   1267 C1268                  1                       0
   1272 C1273                  1                       0
   1274 C1275                  1                       0
   1275 C1276                  1                       0
   1276 C1277                  1                       0
   1278 C1279                  1                       0
   1281 C1282                  1                       0
   1282 C1283                  1                       0
   1283 C1284                  1                       0
   1284 C1285                  1                       0
   1285 C1286                  1                       0
   1289 C1290                  1                       0
   1293 C1294                  1                       0
   1296 C1297                  1                       0
   1298 C1299                  1                       0
   1299 C1300                  1                       0
   1303 C1304                  1                       0
   1305 C1306                  1                       0
   1310 C1311                  1                       0
   1311 C1312                  1                       0
   1312 C1313                  1                       0
   1313 C1314                  1                       0
   1315 C1316                  1                       0
   1317 C1318                  1                       0
   1318 C1319                  1                       0
   1319 C1320                  1                       0
   1320 C1321                  1                       0
   1324 C1325                  1                       0
   1325 C1326                  1                       0
   1326 C1327                  1                       0
   1327 C1328                  1                       0
   1332 C1333                  1                       0
   1334 C1335                  1                       0
   1338 C1339                  1                       0
   1339 C1340                  1                       0
   1341 C1342                  1                       0
   1344 C1345                  1                       0
   1345 C1346                  1                       0
   1346 C1347                  1                       0
   1347 C1348                  1                       0
   1348 C1349                  1                       0
   1351 C1352                  1                       0
   1352 C1353                  1                       0
   1353 C1354                  1                       0
   1354 C1355                  1                       0
   1355 C1356                  1                       0
   1356 C1357                  1                       0
   1360 C1361                  1                       0
   1361 C1362                  1                       0
   1364 C1365                  1                       0
   1368 C1369                  1                       0
   1370 C1371                  1                       0
   1381 C1382                  1                       0
   1383 C1384                  1                       0
   1385 C1386                  1                       0
   1388 C1389                  1                       0
   1390 C1391                  1                       0
   1393 C1394                  1                       0
   1394 C1395                  1                       0
   1395 C1396                  1                       0
   1397 C1398                  1                       0
   1402 C1403                  1                       0
   1404 C1405                  1                       0
   1409 C1410                  1                       0
   1411 C1412                  1                       0
   1412 C1413                  1                       0
   1415 C1416                  1                       0
   1416 C1417                  1                       0
   1419 C1420                  1                       0
   1421 C1422                  1                       0
   1422 C1423                  1                       0
   1423 C1424                  1                       0
   1428 C1429                  1                       0
   1429 C1430                  1                       0
   1430 C1431                  1                       0
   1432 C1433                  1                       0
   1435 C1436                  1                       0
   1436 C1437                  1                       0
   1437 C1438                  1                       0
   1440 C1441                  1                       0
   1442 C1443                  1                       0
   1443 C1444                  1                       0
   1449 C1450                  1                       0
   1456 C1457                  1                       0
   1457 C1458                  1                       0
   1458 C1459                  1                       0
   1459 C1460                  1                       0
   1460 C1461                  1                       0
   1463 C1464                  1                       0
   1464 C1465                  1                       0
   1465 C1466                  1                       0
   1466 C1467                  1                       0
   1470 C1471                  1                       0
   1471 C1472                  1                       0
   1473 C1474                  1                       0
   1477 C1478                  1                       0
   1478 C1479                  1                       0
   1484 C1485                  1                       0
   1485 C1486                  1                       0
   1487 C1488                  1                       0
   1490 C1491                  1                       0
   1492 C1493                  1                       0
   1494 C1495                  1                       0
   1498 C1499                  1                       0
   1499 C1500                  1                       0
   1501 C1502                  1                       0
   1502 C1503                  1                       0
   1503 C1504                  1                       0
   1505 C1506                  1                       0
   1506 C1507                  1                       0
   1508 C1509                  1                       0
   1510 C1511                  1                       0
   1520 C1521                  1                       0
   1521 C1522                  1                       0
   1524 C1525                  1                       0
   1527 C1528                  1                       0
   1530 C1531                  1                       0
   1531 C1532                  1                       0
   1532 C1533                  1                       0
   1533 C1534                  1                       0
   1534 C1535                  1                       0
   1535 C1536                  1                       0
   1536 C1537                  1                       0
   1537 C1538                  1                       0
   1541 C1542                  1                       0
   1542 C1543                  1                       0
   1543 C1544                  1                       0
   1544 C1545                  1                       0
   1549 C1550                  1                       0
   1550 C1551                  1                       0
   1551 C1552                  1                       0
   1552 C1553                  1                       0
   1556 C1557                  1                       0
   1557 C1558                  1                       0
   1558 C1559                  1                       0
   1563 C1564                  1                       0
   1564 C1565                  1                       0
   1565 C1566                  1                       0
   1569 C1570                  1                       0
   1570 C1571                  1                       0
   1571 C1572                  1                       0
   1573 C1574                  1                       0
   1575 C1576                  1                       0
   1576 C1577                  1                       0
   1577 C1578                  1                       0
   1578 C1579                  1                       0
   1580 C1581                  1                       0
   1582 C1583                  1                       0
   1585 C1586                  1                       0
   1587 C1588                  1                       0
   1589 C1590                  1                       0
   1592 C1593                  1                       0
   1594 C1595                  1                       0
   1596 C1597                  1                       0
   1599 C1600                  1                       0
   1601 C1602                  1                       0
   1603 C1604                  1                       0
   1606 C1607                  1                       0
   1610 C1611                  1                       0
   1611 C1612                  1                       0
   1613 C1614                  1                       0
   1617 C1618                  1                       0
   1619 C1620                  1                       0
   1620 C1621                  1                       0
   1622 C1623                  1                       0
   1631 C1632                  1                       0
   1636 C1637                  1                       0
   1638 C1639                  1                       0
   1643 C1644                  1                       0
   1645 C1646                  1                       0
   1646 C1647                  1                       0
   1647 C1648                  1                       0
   1648 C1649                  1                       0
   1650 C1651                  1                       0
   1652 C1653                  1                       0
   1653 C1654                  1                       0
   1654 C1655                  1                       0
   1655 C1656                  1                       0
   1657 C1658                  1                       0
   1660 C1661                  1                       0
   1661 C1662                  1                       0
   1667 C1668                  1                       0
   1668 C1669                  1                       0
   1669 C1670                  1                       0
   1673 C1674                  1                       0
   1674 C1675                  1                       0
   1675 C1676                  1                       0
   1676 C1677                  1                       0
   1686 C1687                  1                       0
   1707 C1708                  1                       0
   1747 C1748                  1                       0
   1749 C1750                  1                       0
   1754 C1755                  1                       0
   1756 C1757                  1                       0
   1757 C1758                  1                       0
   1760 C1761                  1                       0
   1761 C1762                  1                       0
   1762 C1763                  1                       0
   1763 C1764                  1                       0
   1764 C1765                  1                       0
   1767 C1768                  1                       0
   1768 C1769                  1                       0
   1769 C1770                  1                       0
   1771 C1772                  1                       0
   1774 C1775                  1                       0
   1778 C1779                  1                       0
   1781 C1782                  1                       0
   1792 C1793                  1                       0
   1793 C1794                  1                       0
   1796 C1797                  1                       0
   1799 C1800                  1                       0
   1800 C1801                  1                       0
   1801 C1802                  1                       0
   1802 C1803                  1                       0
   1803 C1804                  1                       0
   1807 C1808                  1                       0
   1810 C1811                  1                       0
   1814 C1815                  1                       0
   1815 C1816                  1                       0
   1818 C1819                  1                       0
   1821 C1822                  1                       0
   1822 C1823                  1                       0
   1824 C1825                  1                       0
   1825 C1826                  1                       0
   1826 C1827                  1                       0
   1828 C1829                  1                       0
   1829 C1830                  1                       0
   1831 C1832                  1                       0
   1832 C1833                  1                       0
   1835 C1836                  1                       0
   1836 C1837                  1                       0
   1837 C1838                  1                       0
   1838 C1839                  1                       0
   1841 C1842                  1                       0
   1842 C1843                  1                       0
   1843 C1844                  1                       0
   1844 C1845                  1                       0
   1845 C1846                  1                       0
   1851 C1852                  1                       0
   1858 C1859                  1                       0
   1864 C1865                  1                       0
   1865 C1866                  1                       0
   1867 C1868                  1                       0
   1869 C1870                  1                       0
   1870 C1871                  1                       0
   1873 C1874                  1                       0
   1874 C1875                  1                       0
   1876 C1877                  1                       0
   1877 C1878                  1                       0
   1878 C1879                  1                       0
   1879 C1880                  1                       0
   1880 C1881                  1                       0
   1882 C1883                  1                       0
   1883 C1884                  1                       0
   1887 C1888                  1                       0
   1888 C1889                  1                       0
   1890 C1891                  1                       0
   1891 C1892                  1                       0
   1894 C1895                  1                       0
   1897 C1898                  1                       0
   1898 C1899                  1                       0
   1900 C1901                  1                       0
   1901 C1902                  1                       0
   1904 C1905                  1                       0
   1906 C1907                  1                       0
   1907 C1908                  1                       0
   1908 C1909                  1                       0
   1909 C1910                  1                       0
   1913 C1914                  1                       0
   1914 C1915                  1                       0
   1915 C1916                  1                       0
   1916 C1917                  1                       0
   1937 C1938                  1                       0
   1939 C1940                  1                       0
   1941 C1942                  1                       0
   1942 C1943                  1                       0
   1944 C1945                  1                       0
   1946 C1947                  1                       0
   1948 C1949                  1                       0
   1949 C1950                  1                       0
   1950 C1951                  1                       0
   1953 C1954                  1                       0
   1955 C1956                  1                       0
   1956 C1957                  1                       0
   1957 C1958                  1                       0
   1960 C1961                  1                       0
   1962 C1963                  1                       0
   1963 C1964                  1                       0
   1964 C1965                  1                       0
   1967 C1968                  1                       0
   1969 C1970                  1                       0
   1970 C1971                  1                       0
   1971 C1972                  1                       0
   1972 C1973                  1                       0
   1974 C1975                  1                       0
   1976 C1977                  1                       0
   1978 C1979                  1                       0
   1983 C1984                  1                       0
   1984 C1985                  1                       0
   1985 C1986                  1                       0
   1988 C1989                  1                       0
   1990 C1991                  1                       0
   1994 C1995                  1                       0
   2004 C2005                  1                       0
   2011 C2012                  1                       0
   2016 C2017                  1                       0
   2018 C2019                  1                       0
   2019 C2020                  1                       0
   2020 C2021                  1                       0
   2022 C2023                  1                       0
   2023 C2024                  1                       0
   2024 C2025                  1                       0
   2025 C2026                  1                       0
   2027 C2028                  1                       0
   2029 C2030                  1                       0
   2032 C2033                  1                       0
   2034 C2035                  1                       0
   2035 C2036                  1                       0
   2036 C2037                  1                       0
   2039 C2040                  1                       0
   2040 C2041                  1                       0
   2041 C2042                  1                       0
   2046 C2047                  1                       0
   2047 C2048                  1                       0
   2048 C2049                  1                       0
   2052 C2053                  1                       0
   2054 C2055                  1                       0
   2055 C2056                  1                       0
   2056 C2057                  1                       0
   2058 C2059                  1                       0
   2059 C2060                  1                       0
   2060 C2061                  1                       0
   2061 C2062                  1                       0
   2062 C2063                  1                       0
   2063 C2064                  1                       0
   2066 C2067                  1                       0
   2068 C2069                  1                       0
   2069 C2070                  1                       0
   2072 C2073                  1                       0
   2073 C2074                  1                       0
   2076 C2077                  1                       0
   2077 C2078                  1                       0
   2078 C2079                  1                       0
   2079 C2080                  1                       0
   2080 C2081                  1                       0
   2086 C2087                  1                       0
   2093 C2094                  1                       0
   2094 C2095                  1                       0
   2095 C2096                  1                       0
   2096 C2097                  1                       0
   2097 C2098                  1                       0
   2100 C2101                  1                       0
   2101 C2102                  1                       0
   2102 C2103                  1                       0
   2103 C2104                  1                       0
   2104 C2105                  1                       0
   2105 C2106                  1                       0
   2112 C2113                  1                       0
   2125 C2126                  1                       0
   2129 C2130                  1                       0
   2131 C2132                  1                       0
   2133 C2134                  1                       0
   2135 C2136                  1                       0
   2137 C2138                  1                       0
   2139 C2140                  1                       0
   2141 C2142                  1                       0
   2144 C2145                  1                       0
   2151 C2152                  1                       0
   2153 C2154                  1                       0
   2158 C2159                  1                       0
   2160 C2161                  1                       0
   2165 C2166                  1                       0
   2167 C2168                  1                       0
   2169 C2170                  1                       0
   2170 C2171                  1                       0
   2171 C2172                  1                       0
   2172 C2173                  1                       0
   2173 C2174                  1                       0
   2174 C2175                  1                       0
   2175 C2176                  1                       0
   2177 C2178                  1                       0
   2178 C2179                  1                       0
   2179 C2180                  1                       0
   2181 C2182                  1                       0
   2184 C2185                  1                       0
   2185 C2186                  1                       0
   2189 C2190                  1                       0
   2191 C2192                  1                       0
   2192 C2193                  1                       0
   2198 C2199                  1                       0
   2199 C2200                  1                       0
   2201 C2202                  1                       0
   2205 C2206                  1                       0
   2206 C2207                  1                       0
   2207 C2208                  1                       0
   2208 C2209                  1                       0
   2209 C2210                  1                       0
   2210 C2211                  1                       0
   2212 C2213                  1                       0
   2213 C2214                  1                       0
   2215 C2216                  1                       0
   2216 C2217                  1                       0
   2217 C2218                  1                       0
   2222 C2223                  1                       0
   2229 C2230                  1                       0
   2236 C2237                  1                       0
   2246 C2247                  1                       0
   2253 C2254                  1                       0
   2260 C2261                  1                       0
   2267 C2268                  1                       0
   2274 C2275                  1                       0
   2281 C2282                  1                       0
   2295 C2296                  1                       0
   2302 C2303                  1                       0
   2309 C2310                  1                       0
   2316 C2317                  1                       0
   2323 C2324                  1                       0
   2456 C2457                  1                       0
   2470 C2471                  1                       0
   2554 C2555                  1                       0
   2561 C2562                  1                       0
   2568 C2569                  1                       0
   2631 C2632                  1                       0
   2659 C2660                  1                       0
   2666 C2667                  1                       0
   2673 C2674                  1                       0
   2680 C2681                  1                       0
   2687 C2688                  1                       0
   2694 C2695                  1                       0
   2695 C2696                  1                       0
   2696 C2697                  1                       0
   2697 C2698                  1                       0
   2698 C2699                  1                       0
   2699 C2700                  1                       0
   2700 C2701                  1                       0
   2702 C2703                  1                       0
   2703 C2704                  1                       0
   2704 C2705                  1                       0
   2705 C2706                  1                       0
   2706 C2707                  1                       0
   2707 C2708                  1                       0
   2709 C2710                  1                       0
   2710 C2711                  1                       0
   2711 C2712                  1                       0
   2712 C2713                  1                       0
   2713 C2714                  1                       0
   2714 C2715                  1                       0
   2716 C2717                  1                       0
   2717 C2718                  1                       0
   2718 C2719                  1                       0
   2719 C2720                  1                       0
   2720 C2721                  1                       0
   2721 C2722                  1                       0
   2723 C2724                  1                       0
   2724 C2725                  1                       0
   2725 C2726                  1                       0
   2726 C2727                  1                       0
   2727 C2728                  1                       0
   2728 C2729                  1                       0
   2737 C2738                  1                       0
   2738 C2739                  1                       0
   2739 C2740                  1                       0
   2740 C2741                  1                       0
   2741 C2742                  1                       0
   2742 C2743                  1                       0
   2743 C2744                  1                       0
   2744 C2745                  1                       0
   2745 C2746                  1                       0
   2746 C2747                  1                       0
   2747 C2748                  1                       0
   2748 C2749                  1                       0
   2749 C2750                  1                       0
   2751 C2752                  1                       0
   2752 C2753                  1                       0
   2753 C2754                  1                       0
   2754 C2755                  1                       0
   2755 C2756                  1                       0
   2756 C2757                  1                       0
   2883 C2884                  1                       0
   2890 C2891                  1                       0
   2897 C2898                  1                       0
   2904 C2905                  1                       0
   2925 C2926                  1                       0
   2932 C2933                  1                       0
   2939 C2940                  1                       0
   2946 C2947                  1                       0
   3171 C3172                  1                       0
   3187 C3188                  1                       0
   3188 C3189                  1                       0
   3192 C3193                  1                       0
   3198 C3199                  1                       0
   3204 C3205                  1                       0
   3205 C3206                  1                       0
   3206 C3207                  1                       0
   3209 C3210                  1                       0
   3210 C3211                  1                       0
   3211 C3212                  1                       0
   3215 C3216                  1                       0
   3219 C3220                  1                       0
   3225 C3226                  1                       0
   3246 C3247                  1                       0
   3261 C3262                  1                       0
   3263 C3264                  1                       0
   3266 C3267                  1                       0
   3268 C3269                  1                       0
   3272 C3273                  1                       0
   3274 C3275                  1                       0
   3277 C3278                  1                       0
   3279 C3280                  1                       0
   3283 C3284                  1                       0
   3307 C3308                  1                       0
   3309 C3310                  1                       0
   3314 C3315                  1                       0
   3317 C3318                  1                       0
   3322 C3323                  1                       0
   3331 C3332                  1                       0
   3335 C3336                  1                       0
   3336 C3337                  1                       0
   3340 C3341                  1                       0
   3345 C3346                  1                       0
   3350 C3351                  1                       0
   3356 C3357                  1                       0
   3366 C3367                  1                       0
   3368 C3369                  1                       0
   3391 C3392                  1                       0
   3399 C3400                  1                       0
   3402 C3403                  1                       0
   3403 C3404                  1                       0
   3404 C3405                  1                       0
   3407 C3408                  1                       0
   3408 C3409                  1                       0
   3413 C3414                  1                       0
   3425 C3426                  1                       0
   3428 C3429                  1                       0
   3430 C3431                  1                       0
   3433 C3434                  1                       0
   3455 C3456                  1                       0
   3466 C3467                  1                       0
   3467 C3468                  1                       0
   3471 C3472                  1                       0
   3472 C3473                  1                       0
   3524 C3525                  1                       0
   3530 C3531                  1                       0
   3533 C3534                  1                       0
   3541 C3542                  1                       0
   3546 C3547                  1                       0
   3551 C3552                  1                       0
   3557 C3558                  1                       0
   3562 C3563                  1                       0
   3564 C3565                  1                       0
   3573 C3574                  1                       0
   3578 C3579                  1                       0
   3595 C3596                  1                       0
   3599 C3600                  1                       0
   3600 C3601                  1                       0
   3604 C3605                  1                       0
   3630 C3631                  1                       0
   3632 C3633                  1                       0
   3633 C3634                  1                       0
   3638 C3639                  1                       0
   3639 C3640                  1                       0
   3640 C3641                  1                       0
   3642 C3643                  1                       0
   3644 C3645                  1                       0
   3647 C3648                  1                       0
   3672 C3673                  1                       0
   3674 C3675                  1                       0
   3677 C3678                  1                       0
   3684 C3685                  1                       0
   3688 C3689                  1                       0
   3693 C3694                  1                       0
   3694 C3695                  1                       0
   3696 C3697                  1                       0
   3701 C3702                  1                       0
   3710 C3711                  1                       0
   3715 C3716                  1                       0
   3747 C3748                  1                       0
   3752 C3753                  1                       0
   3754 C3755                  1                       0
   3759 C3760                  1                       0
   3765 C3766                  1                       0
   3766 C3767                  1                       0
   3771 C3772                  1                       0
   3780 C3781                  1                       0
   3788 C3789                  1                       0
   3793 C3794                  1                       0
   3800 C3801                  2                  310000
   3801 C3802                  1                       0
   3802 C3803                  1                       0
   3803 C3804                  1                       0
   3804 C3805                  1                       0
   3805 C3806                  1                       0
   3806 C3807                  1                       0
   3807 C3808                  4                       0
   3808 C3809                 20                    7500
   3809 C3810                 20                    7500
   3810 C3811                 20                    7500
   3811 C3812                 20                    7500
   3812 C3813                 20                    7500
   3813 C3814                 48                    2100
   3814 C3815                 20                    2100
