Stopped on time - objective value 690000.00000000
      0 C0001                  1                       0
      1 C0002                  1                       0
      2 C0003                  1                       0
      3 C0004                  1                       0
      4 C0005                  1                       0
      6 C0007                  1                       0
      7 C0008                  1                       0
      8 C0009                  1                       0
     10 C0011                  1                       0
     11 C0012                  1                       0
     13 C0014                  1                       0
     14 C0015                  1                       0
     15 C0016                  1                       0
     16 C0017                  1                       0
     17 C0018                  1                       0
     18 C0019                  1                       0
     19 C0020                  1                       0
     20 C0021                  1                       0
     21 C0022                  1                       0
     22 C0023                  1                       0
     23 C0024                  1                       0
     24 C0025                  1                       0
     25 C0026                  1                       0
     27 C0028                  1                       0
     28 C0029                  1                       0
     29 C0030                  1                       0
     31 C0032                  1                       0
     32 C0033                  1                       0
     33 C0034                  1                       0
     36 C0037                  1                       0
     38 C0039                  1                       0
     39 C0040                  1                       0
     42 C0043                  1                       0
     43 C0044                  1                       0
     44 C0045                  1                       0
     45 C0046                  1                       0
     46 C0047                  1                       0
     48 C0049                  1                       0
     50 C0051                  1                       0
     51 C0052                  1                       0
     52 C0053                  1                       0
     53 C0054                  1                       0
     55 C0056                  1                       0
     57 C0058                  1                       0
     58 C0059                  1                       0
     59 C0060                  1                       0
     60 C0061                  1                       0
     63 C0064                  1                       0
     64 C0065                  1                       0
     65 C0066                  1                       0
     66 C0067                  1                       0
     67 C0068                  1                       0
     70 C0071                  1                       0
     71 C0072                  1                       0
     72 C0073                  1                       0
     73 C0074                  1                       0
     74 C0075                  1                       0
     75 C0076                  1                       0
     77 C0078                  1                       0
     78 C0079                  1                       0
     80 C0081                  1                       0
     81 C0082                  1                       0
     82 C0083                  1                       0
     84 C0085                  1                       0
     85 C0086                  1                       0
     87 C0088                  1                       0
     88 C0089                  1                       0
     94 C0095                  1                       0
     95 C0096                  1                       0
    100 C0101                  1                       0
    101 C0102                  1                       0
    102 C0103                  1                       0
    103 C0104                  1                       0
    107 C0108                  1                       0
    108 C0109                  1                       0
    109 C0110                  1                       0
    111 C0112                  1                       0
    112 C0113                  1                       0
    113 C0114                  1                       0
    114 C0115                  1                       0
    115 C0116                  1                       0
    119 C0120                  1                       0
    120 C0121                  1                       0
    121 C0122                  1                       0
    122 C0123                  1                       0
    123 C0124                  1                       0
    124 C0125                  1                       0
    125 C0126                  1                       0
    127 C0128                  1                       0
    129 C0130                  1                       0
    130 C0131                  1                       0
    133 C0134                  1                       0
    134 C0135                  1                       0
    135 C0136                  1                       0
    136 C0137                  1                       0
    137 C0138                  1                       0
    141 C0142                  1                       0
    142 C0143                  1                       0
    143 C0144                  1                       0
    144 C0145                  1                       0
    149 C0150                  1                       0
    150 C0151                  1                       0
    153 C0154                  1                       0
    154 C0155                  1                       0
    155 C0156                  1                       0
    156 C0157                  1                       0
    157 C0158                  1                       0
    158 C0159                  1                       0
    161 C0162                  1                       0
    162 C0163                  1                       0
    163 C0164                  1                       0
    164 C0165                  1                       0
    165 C0166                  1                       0
    168 C0169                  1                       0
    169 C0170                  1                       0
    170 C0171                  1                       0
    172 C0173                  1                       0
    174 C0175                  1                       0
    175 C0176                  1                       0
    176 C0177                  1                       0
    177 C0178                  1                       0
    178 C0179                  1                       0
    179 C0180                  1                       0
    181 C0182                  1                       0
    182 C0183                  1                       0
    183 C0184                  1                       0
    184 C0185                  1                       0
    185 C0186                  1                       0
    186 C0187                  1                       0
    187 C0188                  1                       0
    189 C0190                  1                       0
    190 C0191                  1                       0
    191 C0192                  1                       0
    192 C0193                  1                       0
    193 C0194                  1                       0
    196 C0197                  1                       0
    198 C0199                  1                       0
    199 C0200                  1                       0
    200 C0201                  1                       0
    201 C0202                  1                       0
    202 C0203                  1                       0
    203 C0204                  1                       0
    205 C0206                  1                       0
    207 C0208                  1                       0
    210 C0211                  1                       0
    211 C0212                  1                       0
    212 C0213                  1                       0
    214 C0215                  1                       0
    215 C0216                  1                       0
    216 C0217                  1                       0
    217 C0218                  1                       0
    218 C0219                  1                       0
    219 C0220                  1                       0
    221 C0222                  1                       0
    222 C0223                  1                       0
    225 C0226                  1                       0
    227 C0228                  1                       0
    228 C0229                  1                       0
    230 C0231                  1                       0
    232 C0233                  1                       0
    233 C0234                  1                       0
    234 C0235                  1                       0
    235 C0236                  1                       0
    238 C0239                  1                       0
    239 C0240                  1                       0
    240 C0241                  1                       0
    241 C0242                  1                       0
    242 C0243                  1                       0
    246 C0247                  1                       0
    247 C0248                  1                       0
    248 C0249                  1                       0
    249 C0250                  1                       0
    250 C0251                  1                       0
    251 C0252                  1                       0
    252 C0253                  1                       0
    253 C0254                  1                       0
    254 C0255                  1                       0
    255 C0256                  1                       0
    259 C0260                  1                       0
    260 C0261                  1                       0
    264 C0265                  1                       0
    265 C0266                  1                       0
    266 C0267                  1                       0
    267 C0268                  1                       0
    273 C0274                  1                       0
    274 C0275                  1                       0
    277 C0278                  1                       0
    278 C0279                  1                       0
    279 C0280                  1                       0
    280 C0281                  1                       0
    281 C0282                  1                       0
    282 C0283                  1                       0
    284 C0285                  1                       0
    286 C0287                  1                       0
    287 C0288                  1                       0
    288 C0289                  1                       0
    289 C0290                  1                       0
    290 C0291                  1                       0
    291 C0292                  1                       0
    294 C0295                  1                       0
    295 C0296                  1                       0
    296 C0297                  1                       0
    297 C0298                  1                       0
    298 C0299                  1                       0
    301 C0302                  1                       0
    302 C0303                  1                       0
    303 C0304                  1                       0
    304 C0305                  1                       0
    305 C0306                  1                       0
    306 C0307                  1                       0
    307 C0308                  1                       0
    308 C0309                  1                       0
    310 C0311                  1                       0
    311 C0312                  1                       0
    312 C0313                  1                       0
    313 C0314                  1                       0
    314 C0315                  1                       0
    315 C0316                  1                       0
    316 C0317                  1                       0
    321 C0322                  1                       0
    322 C0323                  1                       0
    324 C0325                  1                       0
    325 C0326                  1                       0
    329 C0330                  1                       0
    330 C0331                  1                       0
    331 C0332                  1                       0
    332 C0333                  1                       0
    336 C0337                  1                       0
    338 C0339                  1                       0
    339 C0340                  1                       0
    340 C0341                  1                       0
    341 C0342                  1                       0
    343 C0344                  1                       0
    345 C0346                  1                       0
    346 C0347                  1                       0
    347 C0348                  1                       0
    352 C0353                  1                       0
    353 C0354                  1                       0
    354 C0355                  1                       0
    356 C0357                  1                       0
    357 C0358                  1                       0
    358 C0359                  1                       0
    359 C0360                  1                       0
    361 C0362                  1                       0
    368 C0369                  1                       0
    370 C0371                  1                       0
    373 C0374                  1                       0
    375 C0376                  1                       0
    376 C0377                  1                       0
    378 C0379                  1                       0
    379 C0380                  1                       0
    381 C0382                  1                       0
    382 C0383                  1                       0
    383 C0384                  1                       0
    385 C0386                  1                       0
    387 C0388                  1                       0
    388 C0389                  1                       0
    390 C0391                  1                       0
    392 C0393                  1                       0
    393 C0394                  1                       0
    394 C0395                  1                       0
    395 C0396                  1                       0
    396 C0397                  1                       0
    397 C0398                  1                       0
    399 C0400                  1                       0
    400 C0401                  1                       0
    401 C0402                  1                       0
    403 C0404                  1                       0
    404 C0405                  1                       0
    406 C0407                  1                       0
    407 C0408                  1                       0
    408 C0409                  1                       0
    412 C0413                  1                       0
    413 C0414                  1                       0
    415 C0416                  1                       0
    416 C0417                  1                       0
    418 C0419                  1                       0
    420 C0421                  1                       0
    421 C0422                  1                       0
    422 C0423                  1                       0
    423 C0424                  1                       0
    425 C0426                  1                       0
    426 C0427                  1                       0
    427 C0428                  1                       0
    428 C0429                  1                       0
    429 C0430                  1                       0
    434 C0435                  1                       0
    435 C0436                  1                       0
    436 C0437                  1                       0
    437 C0438                  1                       0
    438 C0439                  1                       0
    439 C0440                  1                       0
    440 C0441                  1                       0
    441 C0442                  1                       0
    442 C0443                  1                       0
    443 C0444                  1                       0
    444 C0445                  1                       0
    445 C0446                  1                       0
    447 C0448                  1                       0
    448 C0449                  1                       0
    450 C0451                  1                       0
    451 C0452                  1                       0
    453 C0454                  1                       0
    456 C0457                  1                       0
    457 C0458                  1                       0
    459 C0460                  1                       0
    460 C0461                  1                       0
    467 C0468                  1                       0
    468 C0469                  1                       0
    469 C0470                  1                       0
    471 C0472                  1                       0
    472 C0473                  1                       0
    476 C0477                  1                       0
    477 C0478                  1                       0
    478 C0479                  1                       0
    480 C0481                  1                       0
    484 C0485                  1                       0
    487 C0488                  1                       0
    488 C0489                  1                       0
    490 C0491                  1                       0
    491 C0492                  1                       0
    492 C0493                  1                       0
    493 C0494                  1                       0
    494 C0495                  1                       0
    496 C0497                  1                       0
    497 C0498                  1                       0
    498 C0499                  1                       0
    500 C0501                  1                       0
    501 C0502                  1                       0
    504 C0505                  1                       0
    505 C0506                  1                       0
    507 C0508                  1                       0
    508 C0509                  1                       0
    509 C0510                  1                       0
    511 C0512                  1                       0
    514 C0515                  1                       0
    515 C0516                  1                       0
    516 C0517                  1                       0
    517 C0518                  1                       0
    518 C0519                  1                       0
    519 C0520                  1                       0
    521 C0522                  1                       0
    525 C0526                  1                       0
    526 C0527                  1                       0
    527 C0528                  1                       0
    531 C0532                  1                       0
    533 C0534                  1                       0
    534 C0535                  1                       0
    535 C0536                  1                       0
    539 C0540                  1                       0
    541 C0542                  1                       0
    542 C0543                  1                       0
    544 C0545                  1                       0
    545 C0546                  1                       0
    547 C0548                  1                       0
    548 C0549                  1                       0
    549 C0550                  1                       0
    550 C0551                  1                       0
    553 C0554                  1                       0
    554 C0555                  1                       0
    555 C0556                  1                       0
    556 C0557                  1                       0
    557 C0558                  1                       0
    558 C0559                  1                       0
    561 C0562                  1                       0
    562 C0563                  1                       0
    563 C0564                  1                       0
    564 C0565                  1                       0
    567 C0568                  1                       0
    568 C0569                  1                       0
    570 C0571                  1                       0
    571 C0572                  1                       0
    574 C0575                  1                       0
    575 C0576                  1                       0
    577 C0578                  1                       0
    578 C0579                  1                       0
    581 C0582                  1                       0
    582 C0583                  1                       0
    583 C0584                  1                       0
    584 C0585                  1                       0
    585 C0586                  1                       0
    588 C0589                  1                       0
    589 C0590                  1                       0
    591 C0592                  1                       0
    592 C0593                  1                       0
    596 C0597                  1                       0
    598 C0599                  1                       0
    599 C0600                  1                       0
    603 C0604                  1                       0
    604 C0605                  1                       0
    605 C0606                  1                       0
    606 C0607                  1                       0
    610 C0611                  1                       0
    611 C0612                  1                       0
    612 C0613                  1                       0
    613 C0614                  1                       0
    618 C0619                  1                       0
    619 C0620                  1                       0
    620 C0621                  1                       0
    623 C0624                  1                       0
    624 C0625                  1                       0
    625 C0626                  1                       0
    626 C0627                  1                       0
    627 C0628                  1                       0
    630 C0631                  1                       0
    631 C0632                  1                       0
    632 C0633                  1                       0
    633 C0634                  1                       0
    634 C0635                  1                       0
    637 C0638                  1                       0
    638 C0639                  1                       0
    640 C0641                  1                       0
    641 C0642                  1                       0
    644 C0645                  1                       0
    645 C0646                  1                       0
    647 C0648                  1                       0
    648 C0649                  1                       0
    654 C0655                  1                       0
    655 C0656                  1                       0
    661 C0662                  1                       0
    662 C0663                  1                       0
    667 C0668                  1                       0
    668 C0669                  1                       0
    669 C0670                  1                       0
    672 C0673                  1                       0
    675 C0676                  1                       0
    679 C0680                  1                       0
    680 C0681                  1                       0
    682 C0683                  1                       0
    683 C0684                  1                       0
    687 C0688                  1                       0
    689 C0690                  1                       0
    690 C0691                  1                       0
    693 C0694                  1                       0
    694 C0695                  1                       0
    696 C0697                  1                       0
    697 C0698                  1                       0
    701 C0702                  1                       0
    702 C0703                  1                       0
    703 C0704                  1                       0
    704 C0705                  1                       0
    709 C0710                  1                       0
    710 C0711                  1                       0
    714 C0715                  1                       0
    716 C0717                  1                       0
    717 C0718                  1                       0
    723 C0724                  1                       0
    724 C0725                  1                       0
    728 C0729                  1                       0
    729 C0730                  1                       0
    732 C0733                  1                       0
    735 C0736                  1                       0
    737 C0738                  1                       0
    738 C0739                  1                       0
    739 C0740                  1                       0
    742 C0743                  1                       0
    743 C0744                  1                       0
    744 C0745                  1                       0
    745 C0746                  1                       0
    746 C0747                  1                       0
    749 C0750                  1                       0
    751 C0752                  1                       0
    752 C0753                  1                       0
    753 C0754                  1                       0
    756 C0757                  1                       0
    758 C0759                  1                       0
    759 C0760                  1                       0
    760 C0761                  1                       0
    763 C0764                  1                       0
    767 C0768                  1                       0
    770 C0771                  1                       0
    771 C0772                  1                       0
    774 C0775                  1                       0
    777 C0778                  1                       0
    778 C0779                  1                       0
    781 C0782                  1                       0
    785 C0786                  1                       0
    788 C0789                  1                       0
    792 C0793                  1                       0
    793 C0794                  1                       0
    794 C0795                  1                       0
    795 C0796                  1                       0
    799 C0800                  1                       0
    800 C0801                  1                       0
    801 C0802                  1                       0
    806 C0807                  1                       0
    807 C0808                  1                       0
    808 C0809                  1                       0
    809 C0810                  1                       0
    812 C0813                  1                       0
    813 C0814                  1                       0
    814 C0815                  1                       0
    815 C0816                  1                       0
    819 C0820                  1                       0
    820 C0821                  1                       0
    826 C0827                  1                       0
    827 C0828                  1                       0
    833 C0834                  1                       0
    834 C0835                  1                       0
    837 C0838                  1                       0
    840 C0841                  1                       0
    841 C0842                  1                       0
    842 C0843                  1                       0
    847 C0848                  1                       0
    848 C0849                  1                       0
    849 C0850                  1                       0
    850 C0851                  1                       0
    851 C0852                  1                       0
    854 C0855                  1                       0
    857 C0858                  1                       0
    858 C0859                  1                       0
    861 C0862                  1                       0
    862 C0863                  1                       0
    864 C0865                  1                       0
    865 C0866                  1                       0
    868 C0869                  1                       0
    871 C0872                  1                       0
    872 C0873                  1                       0
    875 C0876                  1                       0
    882 C0883                  1                       0
    884 C0885                  1                       0
    889 C0890                  1                       0
    890 C0891                  1                       0
    891 C0892                  1                       0
    896 C0897                  1                       0
    898 C0899                  1                       0
    899 C0900                  1                       0
    900 C0901                  1                       0
    907 C0908                  1                       0
    912 C0913                  1                       0
    913 C0914                  1                       0
    914 C0915                  1                       0
    917 C0918                  1                       0
    919 C0920                  1                       0
    938 C0939                  1                       0
    941 C0942                  1                       0
    942 C0943                  1                       0
    945 C0946                  1                       0
    947 C0948                  1                       0
    948 C0949                  1                       0
    952 C0953                  1                       0
    953 C0954                  1                       0
    954 C0955                  1                       0
    955 C0956                  1                       0
    956 C0957                  1                       0
    959 C0960                  1                       0
    960 C0961                  1                       0
    961 C0962                  1                       0
    963 C0964                  1                       0
    966 C0967                  1                       0
    967 C0968                  1                       0
    968 C0969                  1                       0
    973 C0974                  1                       0
    975 C0976                  1                       0
    980 C0981                  1                       0
    982 C0983                  1                       0
    983 C0984                  1                       0
    987 C0988                  1                       0
    989 C0990                  1                       0
    994 C0995                  1                       0
    995 C0996                  1                       0
    996 C0997                  1                       0
    997 C0998                  1                       0
    998 C0999                  1                       0
   1001 C1002                  1                       0
   1003 C1004                  1                       0
   1004 C1005                  1                       0
   1005 C1006                  1                       0
   1008 C1009                  1                       0
   1010 C1011                  1                       0
   1011 C1012                  1                       0
   1017 C1018                  1                       0
   1029 C1030                  1                       0
   1031 C1032                  1                       0
   1032 C1033                  1                       0
   1037 C1038                  1                       0
   1040 C1041                  1                       0
   1044 C1045                  1                       0
   1047 C1048                  1                       0
   1050 C1051                  1                       0
   1051 C1052                  1                       0
   1052 C1053                  1                       0
   1053 C1054                  1                       0
   1054 C1055                  1                       0
   1057 C1058                  1                       0
   1058 C1059                  1                       0
   1060 C1061                  1                       0
   1061 C1062                  1                       0
   1064 C1065                  1                       0
   1065 C1066                  1                       0
   1067 C1068                  1                       0
   1068 C1069                  1                       0
   1071 C1072                  1                       0
   1074 C1075                  1                       0
   1075 C1076                  1                       0
   1078 C1079                  1                       0
   1086 C1087                  1                       0
   1087 C1088                  1                       0
   1094 C1095                  1                       0
   1101 C1102                  1                       0
   1107 C1108                  1                       0
   1108 C1109                  1                       0
   1109 C1110                  1                       0
   1110 C1111                  1                       0
   1113 C1114                  1                       0
   1114 C1115                  1                       0
   1116 C1117                  1                       0
   1117 C1118                  1                       0
   1120 C1121                  1                       0
   1126 C1127                  1                       0
   1133 C1134                  1                       0
   1136 C1137                  1                       0
   1139 C1140                  1                       0
   1140 C1141                  1                       0
   1147 C1148                  1                       0
   1153 C1154                  1                       0
   1162 C1163                  1                       0
   1168 C1169                  1                       0
   1175 C1176                  1                       0
   1177 C1178                  1                       0
   1195 C1196                  1                       0
   1202 C1203                  1                       0
   1220 C1221                  1                       0
   1223 C1224                  1                       0
   1231 C1232                  1                       0
   1233 C1234                  1                       0
   1234 C1235                  1                       0
   1241 C1242                  1                       0
   1244 C1245                  1                       0
   1245 C1246                  1                       0
   1255 C1256                  1                       0
   1273 C1274                  1                       0
   1275 C1276                  1                       0
   1278 C1279                  1                       0
   1281 C1282                  1                       0
   1282 C1283                  1                       0
   1285 C1286                  1                       0
   1290 C1291                  1                       0
   1294 C1295                  1                       0
   1296 C1297                  1                       0
   1301 C1302                  1                       0
   1307 C1308                  1                       0
   1310 C1311                  1                       0
   1321 C1322                  1                       0
   1322 C1323                  1                       0
   1325 C1326                  1                       0
   1332 C1333                  1                       0
   1335 C1336                  1                       0
   1336 C1337                  1                       0
   1339 C1340                  1                       0
   1342 C1343                  1                       0
   1347 C1348                  1                       0
   1350 C1351                  1                       0
   1358 C1359                  1                       0
   1362 C1363                  1                       0
   1370 C1371                  1                       0
   1371 C1372                  1                       0
   1384 C1385                  1                       0
   1385 C1386                  1                       0
   1398 C1399                  1                       0
   1399 C1400                  1                       0
   1404 C1405                  1                       0
   1406 C1407                  1                       0
   1415 C1416                  1                       0
   1416 C1417                  1                       0
   1423 C1424                  1                       0
   1426 C1427                  1                       0
   1427 C1428                  1                       0
   1430 C1431                  1                       0
   1433 C1434                  1                       0
   1434 C1435                  1                       0
   1436 C1437                  1                       0
   1441 C1442                  1                       0
   1445 C1446                  1                       0
   1452 C1453                  1                       0
   1461 C1462                  1                       0
   1463 C1464                  1                       0
   1465 C1466                  1                       0
   1466 C1467                  1                       0
   1476 C1477                  1                       0
   1478 C1479                  1                       0
   1481 C1482                  1                       0
   1488 C1489                  1                       0
   1490 C1491                  1                       0
   1493 C1494                  1                       0
   1495 C1496                  1                       0
   1496 C1497                  1                       0
   1499 C1500                  1                       0
   1503 C1504                  1                       0
   1510 C1511                  1                       0
   1517 C1518                  1                       0
   1524 C1525                  1                       0
   1532 C1533                  1                       0
   1536 C1537                  1                       0
   1538 C1539                  1                       0
   1541 C1542                  1                       0
   1545 C1546                  1                       0
   1546 C1547                  1                       0
   1548 C1549                  1                       0
   1559 C1560                  1                       0
   1560 C1561                  1                       0
   1562 C1563                  1                       0
   1567 C1568                  1                       0
   1573 C1574                  1                       0
   1576 C1577                  1                       0
   1579 C1580                  1                       0
   1580 C1581                  1                       0
   1587 C1588                  1                       0
   1588 C1589                  1                       0
   1596 C1597                  1                       0
   1598 C1599                  1                       0
   1608 C1609                  1                       0
   1616 C1617                  1                       0
   1629 C1630                  1                       0
   1636 C1637                  1                       0
   1637 C1638                  1                       0
   1639 C1640                  1                       0
   1641 C1642                  1                       0
   1645 C1646                  1                       0
   1651 C1652                  1                       0
   1653 C1654                  1                       0
   1655 C1656                  1                       0
   1659 C1660                  1                       0
   1662 C1663                  1                       0
   1664 C1665                  1                       0
   1665 C1666                  1                       0
   1675 C1676                  1                       0
   1678 C1679                  1                       0
   1681 C1682                  1                       0
   1682 C1683                  1                       0
   1683 C1684                  1                       0
   1684 C1685                  1                       0
   1685 C1686                  1                       0
   1701 C1702                  1                       0
   1703 C1704                  1                       0
   1704 C1705                  1                       0
   1707 C1708                  1                       0
   1708 C1709                  1                       0
   1709 C1710                  1                       0
   1710 C1711                  1                       0
   1711 C1712                  1                       0
   1728 C1729                  1                       0
   1729 C1730                  1                       0
   1730 C1731                  1                       0
   1733 C1734                  1                       0
   1736 C1737                  1                       0
   1739 C1740                  1                       0
   1752 C1753                  1                       0
   1753 C1754                  1                       0
   1755 C1756                  1                       0
   1756 C1757                  1                       0
   1759 C1760                  1                       0
   1762 C1763                  1                       0
   1763 C1764                  1                       0
   1775 C1776                  1                       0
   1779 C1780                  1                       0
   1781 C1782                  1                       0
   1784 C1785                  1                       0
   1787 C1788                  1                       0
   1788 C1789                  1                       0
   1800 C1801                  1                       0
   1801 C1802                  1                       0
   1805 C1806                  1                       0
   1806 C1807                  1                       0
   1807 C1808                  1                       0
   1813 C1814                  1                       0
   1814 C1815                  1                       0
   1825 C1826                  1                       0
   1830 C1831                  1                       0
   1832 C1833                  1                       0
   1833 C1834                  1                       0
   1834 C1835                  1                       0
   1855 C1856                  1                       0
   1856 C1857                  1                       0
   1857 C1858                  1                       0
   1858 C1859                  1                       0
   1859 C1860                  1                       0
   1875 C1876                  1                       0
   1877 C1878                  1                       0
   1880 C1881                  1                       0
   1882 C1883                  1                       0
   1883 C1884                  1                       0
   1901 C1902                  1                       0
   1904 C1905                  1                       0
   1905 C1906                  1                       0
   1906 C1907                  1                       0
   1908 C1909                  1                       0
   1909 C1910                  1                       0
   1922 C1923                  1                       0
   1930 C1931                  3                   77500
   1931 C1932                  1                       0
   1932 C1933                  2                       0
   1933 C1934                  2                       0
   1934 C1935                  1                       0
   1935 C1936                  1                       0
   1936 C1937                  4                       0
   1937 C1938                  4                       0
   1938 C1939                 13                    7500
   1939 C1940                 11                    7500
   1940 C1941                 11                    7500
   1941 C1942                 13                    7500
   1942 C1943                 13                    7500
