Optimal - objective value 15.00000000
      0 C0001                  1                       1
      1 C0002                  1                       1
      3 C0004                  1                       1
      6 C0007                  1                       1
     12 C0013                  1                       1
     13 C0014                  1                       1
     14 C0015                  1                       1
     16 C0017                  1                       1
     17 C0018                  1                       1
     18 C0019                  1                       1
     19 C0020                  1                       1
     20 C0021                  1                       1
     21 C0022                  1                       1
     22 C0023                  1                       1
     23 C0024                  1                       1
     25 C0026                  1                       0
     26 C0027                  1                       0
     32 C0033                  1                       0
     33 C0034                  1                       0
     34 C0035                  1                       0
     43 C0044                  1                       0
     44 C0045                  1                       0
     45 C0046                  1                       0
     46 C0047                  1                       0
     47 C0048                  1                       0
     50 C0051                  1                       0
     51 C0052                  1                       0
     53 C0054                  1                       0
     58 C0059                  1                       0
     59 C0060                  1                       0
     60 C0061                  1                       0
     62 C0063                  1                       0
     63 C0064                  1                       0
     90 C0091                  1                       0
     92 C0093                  1                       0
     94 C0095                  1                       0
     99 C0100                  1                       0
    100 C0101                  1                       0
    101 C0102                  1                       0
    144 C0145                  1                       0
    147 C0148                  1                       0
    148 C0149                  1                       0
    149 C0150                  1                       0
    150 C0151                  1                       0
    152 C0153                  1                       0
    266 C0267                  1                       0
    270 C0271                  1                       0
    272 C0273                  1                       0
    273 C0274                  1                       0
    274 C0275                  1                       0
    275 C0276                  1                       0
    276 C0277                  1                       0
    277 C0278                  1                       0
    279 C0280                  1                       0
    281 C0282                  1                       0
    282 C0283                  1                       0
    283 C0284                  1                       0
    284 C0285                  1                       0
    285 C0286                  1                       0
    286 C0287                  1                       0
    290 C0291                  1                       0
    293 C0294                  1                       0
    294 C0295                  1                       0
    296 C0297                  1                       0
    297 C0298                  1                       0
    300 C0301                  1                       0
    302 C0303                  1                       0
    304 C0305                  1                       0
    306 C0307                  1                       0
    307 C0308                  1                       0
    309 C0310                  1                       0
    314 C0315                  1                       0
    317 C0318                  1                       0
    318 C0319                  1                       0
    319 C0320                  1                       0
    320 C0321                  1                       0
    321 C0322                  1                       0
    346 C0347                  1                       0
    349 C0350                  1                       0
    350 C0351                  1                       0
    352 C0353                  1                       0
    355 C0356                  1                       0
    357 C0358                  1                       0
    360 C0361                  1                       0
    361 C0362                  1                       0
    365 C0366                  1                       0
    367 C0368                  1                       0
    368 C0369                  1                       0
    370 C0371                  1                       0
    373 C0374                  1                       0
    374 C0375                  1                       0
    376 C0377                  1                       0
    378 C0379                  1                       0
    380 C0381                  1                       0
    381 C0382                  1                       0
    382 C0383                  1                       0
    383 C0384                  1                       0
    384 C0385                  1                       0
    385 C0386                  1                       0
    387 C0388                  1                       0
    388 C0389                  1                       0
    389 C0390                  1                       0
    391 C0392                  1                       0
    393 C0394                  1                       0
    394 C0395                  1                       0
    395 C0396                  1                       0
    396 C0397                  1                       0
    397 C0398                  1                       0
    398 C0399                  1                       0
    404 C0405                  1                       0
    408 C0409                  1                       0
    412 C0413                  1                       0
    415 C0416                  1                       0
    420 C0421                  1                       0
    422 C0423                  1                       0
    427 C0428                  1                       0
    430 C0431                  1                       0
    431 C0432                  1                       0
    436 C0437                  1                       0
    439 C0440                  1                       0
    440 C0441                  1                       0
    442 C0443                  1                       0
    443 C0444                  1                       0
    444 C0445                  1                       0
    447 C0448                  1                       0
    448 C0449                  1                       0
    449 C0450                  1                       0
    451 C0452                  1                       0
    453 C0454                  1                       0
    455 C0456                  1                       0
    457 C0458                  1                       0
    469 C0470                  1                       0
    471 C0472                  1                       0
    476 C0477                  1                       0
    478 C0479                  1                       0
    484 C0485                  1                       0
    487 C0488                  1                       0
    489 C0490                  1                       0
    491 C0492                  1                       0
    493 C0494                  1                       0
    497 C0498                  1                       0
    501 C0502                  1                       0
    503 C0504                  1                       0
    515 C0516                  1                       0
    521 C0522                  1                       0
    526 C0527                  1                       0
    559 C0560                  1                       0
    570 C0571                  1                       0
    572 C0573                  1                       0
    580 C0581                  1                       0
    582 C0583                  1                       0
    587 C0588                  1                       0
    589 C0590                  1                       0
    592 C0593                  1                       0
    602 C0603                  1                       0
    608 C0609                  1                       0
    631 C0632                  1                       0
    645 C0646                  1                       0
    655 C0656                  1                       0
    657 C0658                  1                       0
    661 C0662                  1                       0
    664 C0665                  1                       0
    668 C0669                  1                       0
    672 C0673                  1                       0
    676 C0677                  1                       0
    682 C0683                  1                       0
    687 C0688                  1                       0
    692 C0693                  1                       0
    714 C0715                  1                       0
    717 C0718                  1                       0
    723 C0724                  1                       0
    739 C0740                  1                       0
    741 C0742                  1                       0
    745 C0746                  1                       0
    761 C0762                  1                       0
    769 C0770                  1                       0
    782 C0783                  1                       0
    790 C0791                  1                       0
    795 C0796                  1                       0
    799 C0800                  1                       0
    808 C0809                  1                       0
    814 C0815                  1                       0
    818 C0819                  1                       0
    827 C0828                  1                       0
    845 C0846                  1                       0
    849 C0850                  1                       0
    871 C0872                  1                       0
    904 C0905                  1                       0
    934 C0935                  1                       0
    940 C0941                  1                       0
    946 C0947                  1                       0
    956 C0957                  1                       0
    966 C0967                  1                       0
   1021 C1022                  1                       0
   1035 C1036                  1                       0
   1049 C1050                  1                       0
   1078 C1079                  1                       0
   1080 C1081                  1                       0
   1088 C1089                  1                       0
   1123 C1124                  1                       0
   1146 C1147                  1                       0
   1156 C1157                  1                       0
   1168 C1169                  1                       0
   1199 C1200                  1                       0
   1213 C1214                  1                       0
   1238 C1239                  1                       0
   1241 C1242                  1                       0
   1273 C1274                  1                       0
   1294 C1295                  1                       0
   1299 C1300                  1                       0
   1312 C1313                  1                       0
   1343 C1344                  1                       0
   1348 C1349                  1                       0
   1365 C1366                  1                       0
   1377 C1378                  1                       0
   1394 C1395                  1                       0
   1403 C1404                  1                       0
   1410 C1411                  1                       0
   1416 C1417                  1                       0
   1425 C1426                  1                       0
   1429 C1430                  1                       0
   1434 C1435                  1                       0
   1448 C1449                  1                       0
   1455 C1456                  1                       0
   1457 C1458                  1                       0
   1460 C1461                  1                       0
   1464 C1465                  1                       0
   1467 C1468                  1                       0
   1478 C1479                  1                       0
   1484 C1485                  1                       0
   1494 C1495                  1                       0
   1498 C1499                  1                       0
   1511 C1512                  1                       0
   1517 C1518                  1                       0
   1527 C1528                  1                       0
   1531 C1532                  1                       0
   1541 C1542                  1                       0
   1587 C1588                  1                       0
   1601 C1602                  1                       0
   1619 C1620                  1                       0
   1630 C1631                  1                       0
   1649 C1650                  1                       0
   1656 C1657                  1                       0
   1690 C1691                  1                       0
   1715 C1716                  1                       0
   1727 C1728                  1                       0
   1764 C1765                  1                       0
   1784 C1785                  1                       0
   1793 C1794                  1                       0
   1813 C1814                  1                       0
   1822 C1823                  1                       0
   1826 C1827                  1                       0
   1853 C1854                  1                       0
   1863 C1864                  1                       0
   1870 C1871                  1                       0
   1881 C1882                  1                       0
   1896 C1897                  1                       0
   1915 C1916                  1                       0
   1932 C1933                  1                       0
   2005 C2006                  1                       0
   2014 C2015                  1                       0
   2032 C2033                  1                       0
   2043 C2044                  1                       0
   2070 C2071                  1                       0
   2091 C2092                  1                       0
   2109 C2110                  1                       0
   2120 C2121                  1                       0
   2137 C2138                  1                       0
   2170 C2171                  1                       0
   2207 C2208                  1                       0
   2220 C2221                  1                       0
   2235 C2236                  1                       0
   2241 C2242                  1                       0
   2292 C2293                  1                       0
   2300 C2301                  1                       0
   2307 C2308                  1                       0
   2377 C2378                  1                       0
   2388 C2389                  1                       0
   2396 C2397                  1                       0
   2402 C2403                  1                       0
   2412 C2413                  1                       0
   2434 C2435                  1                       0
   2443 C2444                  1                       0
   2459 C2460                  1                       0
   2502 C2503                  1                       0
   2510 C2511                  1                       0
   2515 C2516                  1                       0
   2534 C2535                  1                       0
   2538 C2539                  1                       0
   2741 C2742                  1                       0
   2755 C2756                  1                       0
   2769 C2770                  1                       0
   2798 C2799                  1                       0
   2800 C2801                  1                       0
   2808 C2809                  1                       0
   3145 C3146                  1                       0
   3168 C3169                  1                       0
   3177 C3178                  1                       0
   3184 C3185                  1                       0
   3198 C3199                  1                       0
   3214 C3215                  1                       0
   3966 C3967                  1                       0
   3999 C4000                  1                       0
   4010 C4011                  1                       0
   4022 C4023                  1                       0
   4029 C4030                  1                       0
   4032 C4033                  1                       0
   4042 C4043                  1                       0
   4048 C4049                  1                       0
   4071 C4072                  1                       0
   4085 C4086                  1                       0
   4095 C4096                  1                       0
   4101 C4102                  1                       0
   4104 C4105                  1                       0
   4112 C4113                  1                       0
   4127 C4128                  1                       0
   4157 C4158                  1                       0
   4181 C4182                  1                       0
   4185 C4186                  1                       0
   4201 C4202                  1                       0
   4209 C4210                  1                       0
   4239 C4240                  1                       0
   4248 C4249                  1                       0
   4267 C4268                  1                       0
   4285 C4286                  1                       0
   4289 C4290                  1                       0
   4311 C4312                  1                       0
   4344 C4345                  1                       0
   4374 C4375                  1                       0
   4380 C4381                  1                       0
   4386 C4387                  1                       0
   4396 C4397                  1                       0
   4406 C4407                  1                       0
   4563 C4564                  1                       0
   4586 C4587                  1                       0
   4596 C4597                  1                       0
   4608 C4609                  1                       0
   4639 C4640                  1                       0
   4653 C4654                  1                       0
   4678 C4679                  1                       0
   4681 C4682                  1                       0
   4713 C4714                  1                       0
   4734 C4735                  1                       0
   4739 C4740                  1                       0
   4752 C4753                  1                       0
   4783 C4784                  1                       0
   4788 C4789                  1                       0
   4805 C4806                  1                       0
   4817 C4818                  1                       0
   4834 C4835                  1                       0
   4843 C4844                  1                       0
   4850 C4851                  1                       0
   4856 C4857                  1                       0
   4869 C4870                  1                       0
   4874 C4875                  1                       0
   4895 C4896                  1                       0
   4900 C4901                  1                       0
   4907 C4908                  1                       0
   4924 C4925                  1                       0
   4938 C4939                  1                       0
   4951 C4952                  1                       0
   4957 C4958                  1                       0
   4967 C4968                  1                       0
   4971 C4972                  1                       0
   4981 C4982                  1                       0
   5027 C5028                  1                       0
   5041 C5042                  1                       0
   5059 C5060                  1                       0
   5070 C5071                  1                       0
   5089 C5090                  1                       0
   5096 C5097                  1                       0
   5130 C5131                  1                       0
   5155 C5156                  1                       0
   5167 C5168                  1                       0
   5204 C5205                  1                       0
   5224 C5225                  1                       0
   5233 C5234                  1                       0
   5253 C5254                  1                       0
   5262 C5263                  1                       0
   5266 C5267                  1                       0
   5293 C5294                  1                       0
   5303 C5304                  1                       0
   5310 C5311                  1                       0
   5321 C5322                  1                       0
   5336 C5337                  1                       0
   5355 C5356                  1                       0
   5372 C5373                  1                       0
   5445 C5446                  1                       0
   5454 C5455                  1                       0
   5472 C5473                  1                       0
   5483 C5484                  1                       0
   5510 C5511                  1                       0
   5531 C5532                  1                       0
   5549 C5550                  1                       0
   5560 C5561                  1                       0
   5577 C5578                  1                       0
   5610 C5611                  1                       0
   5647 C5648                  1                       0
   5660 C5661                  1                       0
   5665 C5666                  1                       0
   5667 C5668                  1                       0
   5668 C5669                  1                       0
   5674 C5675                  1                       0
   5675 C5676                  1                       0
   5676 C5677                  1                       0
   5678 C5679                  1                       0
   5688 C5689                  1                       0
   5689 C5690                  1                       0
   5690 C5691                  1                       0
   5691 C5692                  1                       0
   5692 C5693                  1                       0
   5693 C5694                  1                       0
   5710 C5711                  1                       0
   5711 C5712                  1                       0
   5716 C5717                  1                       0
   5750 C5751                  1                       0
   5752 C5753                  1                       0
   5755 C5756                  1                       0
   5756 C5757                  1                       0
   5757 C5758                  1                       0
   5758 C5759                  1                       0
   5759 C5760                  1                       0
   5763 C5764                  1                       0
   5765 C5766                  1                       0
   5766 C5767                  1                       0
   5767 C5768                  1                       0
   5768 C5769                  1                       0
   5769 C5770                  1                       0
   5770 C5771                  1                       0
   5771 C5772                  1                       0
   5772 C5773                  1                       0
   5773 C5774                  1                       0
   5780 C5781                  1                       0
   5781 C5782                  1                       0
   5782 C5783                  1                       0
   5783 C5784                  1                       0
   5784 C5785                  1                       0
   5785 C5786                  1                       0
   5786 C5787                  1                       0
   5787 C5788                  1                       0
   5788 C5789                  1                       0
   5789 C5790                  1                       0
   5790 C5791                  1                       0
   5791 C5792                  1                       0
   5792 C5793                  1                       0
   5793 C5794                  1                       0
   5794 C5795                  1                       0
   5795 C5796                  1                       0
   5798 C5799                  1                       0
   5799 C5800                  1                       0
   5800 C5801                  1                       0
   5801 C5802                  1                       0
   5803 C5804                  1                       0
   5804 C5805                  1                       0
   5805 C5806                  1                       0
   5806 C5807                  1                       0
   5807 C5808                  1                       0
   5808 C5809                  1                       0
   5809 C5810                  1                       0
   5810 C5811                  1                       0
   5811 C5812                  1                       0
   5812 C5813                  1                       0
   5813 C5814                  1                       0
   5814 C5815                  1                       0
   5815 C5816                  1                       0
   5816 C5817                  1                       0
   5817 C5818                  1                       0
   5818 C5819                  1                       0
   5819 C5820                  1                       0
   5820 C5821                  1                       0
   5821 C5822                  1                       0
   5822 C5823                  1                       0
   5823 C5824                  1                       0
   5824 C5825                  1                       0
   5825 C5826                  1                       0
   5826 C5827                  1                       0
   5827 C5828                  1                       0
   5828 C5829                  1                       0
   5829 C5830                  1                       0
   5830 C5831                  1                       0
   5831 C5832                  1                       0
   5832 C5833                  1                       0
   5833 C5834                  1                       0
   5834 C5835                  1                       0
   5835 C5836                  1                       0
   5848 C5849                  1                       0
   5862 C5863                  1                       0
   5943 C5944                  1                       0
   5967 C5968                  1                       0
   5978 C5979                  1                       0
   5983 C5984                  1                       0
   5989 C5990                  1                       0
   5996 C5997                  1                       0
   6260 C6261                  1                       0
   6556 C6557                  1                       0
   8061 C8062                  1                       0
   8503 C8504                  1                       0
   8826 C8827                  1                       0
   8987 C8988                  1                       0
   9193 C9194                  1                       0
   9216 C9217                  1                       0
