Optimal - objective value 583780.00000000
      9 C0010                  1                  145945
     10 C0011                  1                  145945
     12 C0013                  1                  145945
     21 C0022                  1                  145945
     32 C0033                  1                       0
     54 C0055                  1                       0
     87 C0088                  1                       0
     98 C0099                  1                       0
    119 C0120                  1                       0
    142 C0143                  1                       0
    166 C0167                  1                       0
    188 C0189                  1                       0
    207 C0208                  1                       0
    241 C0242                  1                       0
    252 C0253                  1                       0
    276 C0277                  1                       0
    298 C0299                  1                       0
    317 C0318                  1                       0
    351 C0352                  1                       0
    364 C0365                  1                       0
    386 C0387                  1                       0
    406 C0407                  1                       0
    428 C0429                  1                       0
    449 C0450                  1                       0
    483 C0484                  1                       0
    505 C0506                  1                       0
    527 C0528                  1                       0
    537 C0538                  1                       0
    571 C0572                  1                       0
    581 C0582                  1                       0
    606 C0607                  1                       0
    626 C0627                  1                       0
    647 C0648                  1                       0
    681 C0682                  1                       0
    691 C0692                  1                       0
    714 C0715                  1                       0
    747 C0748                  1                       0
    758 C0759                  1                       0
    780 C0781                  1                       0
    813 C0814                  1                       0
    824 C0825                  1                       0
    845 C0846                  1                       0
    879 C0880                  1                       0
    892 C0893                  1                       0
    911 C0912                  1                       0
    945 C0946                  1                       0
    956 C0957                  1                       0
    977 C0978                  1                       0
   1002 C1003                  1                       0
   1021 C1022                  1                       0
   1046 C1047                  1                       0
   1077 C1078                  1                       0
   1099 C1100                  1                       0
   1110 C1111                  1                       0
   1132 C1133                  1                       0
   1153 C1154                  1                       0
   1175 C1176                  1                       0
   1197 C1198                  1                       0
   1220 C1221                  1                       0
   1242 C1243                  1                       0
   1266 C1267                  1                       0
   1286 C1287                  1                       0
   1307 C1308                  1                       0
   1329 C1330                  1                       0
   1363 C1364                  1                       0
   1374 C1375                  1                       0
   1407 C1408                  1                       0
   1420 C1421                  1                       0
   1451 C1452                  1                       0
   1473 C1474                  1                       0
   1484 C1485                  1                       0
   1517 C1518                  1                       0
   1530 C1531                  1                       0
   1561 C1562                  1                       0
   1583 C1584                  1                       0
   1594 C1595                  1                       0
   1618 C1619                  1                       0
   1637 C1638                  1                       0
   1671 C1672                  1                       0
   1681 C1682                  1                       0
   1715 C1716                  1                       0
   1726 C1727                  1                       0
   1748 C1749                  1                       0
   1769 C1770                  1                       0
   1791 C1792                  1                       0
   1813 C1814                  1                       0
   1847 C1848                  1                       0
   1860 C1861                  1                       0
   1880 C1881                  1                       0
   1901 C1902                  1                       0
   1935 C1936                  1                       0
   1946 C1947                  1                       0
   1968 C1969                  1                       0
   1990 C1991                  1                       0
   2011 C2012                  1                       0
   2034 C2035                  1                       0
   2067 C2068                  1                       0
   2077 C2078                  1                       0
   2102 C2103                  1                       0
   2291 C2292                  1                       0
   2292 C2293                  1                       0
   2294 C2295                  1                       0
   2303 C2304                  1                       0
   2723 C2724                  1                       0
   2724 C2725                  1                       0
   2726 C2727                  1                       0
   2735 C2736                  1                       0
   3378 C3379                  1                       0
   3379 C3380                  1                       0
   3381 C3382                  1                       0
   3390 C3391                  1                       0
   3606 C3607                  1                       0
   3607 C3608                  1                       0
   3609 C3610                  1                       0
   3618 C3619                  1                       0
   4043 C4044                  1                       0
   4044 C4045                  1                       0
   4046 C4047                  1                       0
   4055 C4056                  1                       0
   4510 C4511                  1                       0
   4511 C4512                  1                       0
   4513 C4514                  1                       0
   4522 C4523                  1                       0
   4987 C4988                  1                       0
   4988 C4989                  1                       0
   4990 C4991                  1                       0
   4999 C5000                  1                       0
   5398 C5399                  1                       0
   5399 C5400                  1                       0
   5401 C5402                  1                       0
   5410 C5411                  1                       0
   5760 C5761                  1                       0
   5761 C5762                  1                       0
   5763 C5764                  1                       0
   5772 C5773                  1                       0
   6446 C6447                  1                       0
   6447 C6448                  1                       0
   6449 C6450                  1                       0
   6458 C6459                  1                       0
   6656 C6657                  1                       0
   6657 C6658                  1                       0
   6659 C6660                  1                       0
   6668 C6669                  1                       0
   7148 C7149                  1                       0
   7149 C7150                  1                       0
   7151 C7152                  1                       0
   7160 C7161                  1                       0
   7600 C7601                  1                       0
   7601 C7602                  1                       0
   7603 C7604                  1                       0
   7612 C7613                  1                       0
   7991 C7992                  1                       0
   7992 C7993                  1                       0
   7994 C7995                  1                       0
   8003 C8004                  1                       0
   8620 C8621                  1                       0
   8621 C8622                  1                       0
   8623 C8624                  1                       0
   8631 C8632                  1                       0
   8869 C8870                  1                       0
   8870 C8871                  1                       0
   8872 C8873                  1                       0
   8881 C8882                  1                       0
   9272 C9273                  1                       0
   9273 C9274                  1                       0
   9275 C9276                  1                       0
   9284 C9285                  1                       0
   9632 C9633                  1                       0
   9633 C9634                  1                       0
   9635 C9636                  1                       0
   9644 C9645                  1                       0
  10079 C10080                 1                       0
  10080 C10081                 1                       0
  10082 C10083                 1                       0
  10091 C10092                 1                       0
  10521 C10522                 1                       0
  10522 C10523                 1                       0
  10524 C10525                 1                       0
  10533 C10534                 1                       0
  11201 C11202                 1                       0
  11202 C11203                 1                       0
  11204 C11205                 1                       0
  11213 C11214                 1                       0
  11591 C11592                 1                       0
  11592 C11593                 1                       0
  11594 C11595                 1                       0
  11603 C11604                 1                       0
  12025 C12026                 1                       0
  12026 C12027                 1                       0
  12028 C12029                 1                       0
  12037 C12038                 1                       0
  12215 C12216                 1                       0
  12216 C12217                 1                       0
  12218 C12219                 1                       0
  12227 C12228                 1                       0
  12881 C12882                 1                       0
  12882 C12883                 1                       0
  12884 C12885                 1                       0
  12893 C12894                 1                       0
  13072 C13073                 1                       0
  13073 C13074                 1                       0
  13075 C13076                 1                       0
  13082 C13083                 1                       0
  13561 C13562                 1                       0
  13562 C13563                 1                       0
  13564 C13565                 1                       0
  13573 C13574                 1                       0
  13941 C13942                 1                       0
  13942 C13943                 1                       0
  13944 C13945                 1                       0
  13953 C13954                 1                       0
  14365 C14366                 1                       0
  14366 C14367                 1                       0
  14368 C14369                 1                       0
  14377 C14378                 1                       0
  15007 C15008                 1                       0
  15008 C15009                 1                       0
  15010 C15011                 1                       0
  15019 C15020                 1                       0
  15212 C15213                 1                       0
  15213 C15214                 1                       0
  15215 C15216                 1                       0
  15224 C15225                 1                       0
  15671 C15672                 1                       0
  15672 C15673                 1                       0
  15674 C15675                 1                       0
  15681 C15682                 1                       0
  16305 C16306                 1                       0
  16306 C16307                 1                       0
  16307 C16308                 1                       0
  16316 C16317                 1                       0
  16497 C16498                 1                       0
  16498 C16499                 1                       0
  16500 C16501                 1                       0
  16509 C16510                 1                       0
  16922 C16923                 1                       0
  16923 C16924                 1                       0
  16925 C16926                 1                       0
  16934 C16935                 1                       0
  17576 C17577                 1                       0
  17577 C17578                 1                       0
  17579 C17580                 1                       0
  17588 C17589                 1                       0
  17779 C17780                 1                       0
  17780 C17781                 1                       0
  17782 C17783                 1                       0
  17790 C17791                 1                       0
  18188 C18189                 1                       0
  18189 C18190                 1                       0
  18191 C18192                 1                       0
  18200 C18201                 1                       0
  18817 C18818                 1                       0
  18818 C18819                 1                       0
  18820 C18821                 1                       0
  18828 C18829                 1                       0
  19072 C19073                 1                       0
  19073 C19074                 1                       0
  19075 C19076                 1                       0
  19084 C19085                 1                       0
  19462 C19463                 1                       0
  19463 C19464                 1                       0
  19465 C19466                 1                       0
  19474 C19475                 1                       0
  20124 C20125                 1                       0
  20125 C20126                 1                       0
  20127 C20128                 1                       0
  20136 C20137                 1                       0
  20348 C20349                 1                       0
  20349 C20350                 1                       0
  20351 C20352                 1                       0
  20360 C20361                 1                       0
  20785 C20786                 1                       0
  20786 C20787                 1                       0
  20788 C20789                 1                       0
  20797 C20798                 1                       0
  21271 C21272                 1                       0
  21272 C21273                 1                       0
  21274 C21275                 1                       0
  21283 C21284                 1                       0
  21635 C21636                 1                       0
  21636 C21637                 1                       0
  21638 C21639                 1                       0
  21647 C21648                 1                       0
  22137 C22138                 1                       0
  22138 C22139                 1                       0
  22140 C22141                 1                       0
  22149 C22150                 1                       0
  22720 C22721                 1                       0
  22721 C22722                 1                       0
  22723 C22724                 1                       0
  22732 C22733                 1                       0
  23147 C23148                 1                       0
  23148 C23149                 1                       0
  23150 C23151                 1                       0
  23159 C23160                 1                       0
  23356 C23357                 1                       0
  23357 C23358                 1                       0
  23359 C23360                 1                       0
  23368 C23369                 1                       0
  23791 C23792                 1                       0
  23792 C23793                 1                       0
  23794 C23795                 1                       0
  23803 C23804                 1                       0
  24196 C24197                 1                       0
  24197 C24198                 1                       0
  24199 C24200                 1                       0
  24208 C24209                 1                       0
  24634 C24635                 1                       0
  24635 C24636                 1                       0
  24637 C24638                 1                       0
  24646 C24647                 1                       0
  25084 C25085                 1                       0
  25085 C25086                 1                       0
  25087 C25088                 1                       0
  25096 C25097                 1                       0
  25547 C25548                 1                       0
  25548 C25549                 1                       0
  25550 C25551                 1                       0
  25559 C25560                 1                       0
  25990 C25991                 1                       0
  25991 C25992                 1                       0
  25993 C25994                 1                       0
  26002 C26003                 1                       0
  26476 C26477                 1                       0
  26477 C26478                 1                       0
  26479 C26480                 1                       0
  26488 C26489                 1                       0
  26883 C26884                 1                       0
  26884 C26885                 1                       0
  26886 C26887                 1                       0
  26895 C26896                 1                       0
  27321 C27322                 1                       0
  27322 C27323                 1                       0
  27324 C27325                 1                       0
  27333 C27334                 1                       0
  27778 C27779                 1                       0
  27779 C27780                 1                       0
  27781 C27782                 1                       0
  27790 C27791                 1                       0
  28453 C28454                 1                       0
  28454 C28455                 1                       0
  28456 C28457                 1                       0
  28465 C28466                 1                       0
  28679 C28680                 1                       0
  28680 C28681                 1                       0
  28682 C28683                 1                       0
  28690 C28691                 1                       0
  29299 C29300                 1                       0
  29300 C29301                 1                       0
  29302 C29303                 1                       0
  29310 C29311                 1                       0
  29539 C29540                 1                       0
  29540 C29541                 1                       0
  29542 C29543                 1                       0
  29550 C29551                 1                       0
  30113 C30114                 1                       0
  30114 C30115                 1                       0
  30116 C30117                 1                       0
  30125 C30126                 1                       0
  30557 C30558                 1                       0
  30558 C30559                 1                       0
  30560 C30561                 1                       0
  30569 C30570                 1                       0
  30764 C30765                 1                       0
  30765 C30766                 1                       0
  30767 C30768                 1                       0
  30776 C30777                 1                       0
  31433 C31434                 1                       0
  31434 C31435                 1                       0
  31436 C31437                 1                       0
  31445 C31446                 1                       0
  31705 C31706                 1                       0
  31706 C31707                 1                       0
  31708 C31709                 1                       0
  31717 C31718                 1                       0
  32343 C32344                 1                       0
  32344 C32345                 1                       0
  32346 C32347                 1                       0
  32355 C32356                 1                       0
  32773 C32774                 1                       0
  32774 C32775                 1                       0
  32776 C32777                 1                       0
  32785 C32786                 1                       0
  32988 C32989                 1                       0
  32989 C32990                 1                       0
  32991 C32992                 1                       0
  33000 C33001                 1                       0
  33458 C33459                 1                       0
  33459 C33460                 1                       0
  33461 C33462                 1                       0
  33469 C33470                 1                       0
  33822 C33823                 1                       0
  33823 C33824                 1                       0
  33825 C33826                 1                       0
  33834 C33835                 1                       0
  34440 C34441                 1                       0
  34441 C34442                 1                       0
  34443 C34444                 1                       0
  34451 C34452                 1                       0
  34646 C34647                 1                       0
  34647 C34648                 1                       0
  34649 C34650                 1                       0
  34658 C34659                 1                       0
  35282 C35283                 1                       0
  35283 C35284                 1                       0
  35285 C35286                 1                       0
  35293 C35294                 1                       0
  35494 C35495                 1                       0
  35495 C35496                 1                       0
  35497 C35498                 1                       0
  35506 C35507                 1                       0
  35916 C35917                 1                       0
  35917 C35918                 1                       0
  35919 C35920                 1                       0
  35925 C35926                 1                       0
  36315 C36316                 1                       0
  36316 C36317                 1                       0
  36318 C36319                 1                       0
  36327 C36328                 1                       0
  36745 C36746                 1                       0
  36746 C36747                 1                       0
  36748 C36749                 1                       0
  36756 C36757                 1                       0
  37187 C37188                 1                       0
  37188 C37189                 1                       0
  37190 C37191                 1                       0
  37199 C37200                 1                       0
  37840 C37841                 1                       0
  37841 C37842                 1                       0
  37843 C37844                 1                       0
  37852 C37853                 1                       0
  38086 C38087                 1                       0
  38087 C38088                 1                       0
  38089 C38090                 1                       0
  38098 C38099                 1                       0
  38455 C38456                 1                       0
  38456 C38457                 1                       0
  38458 C38459                 1                       0
  38467 C38468                 1                       0
  38886 C38887                 1                       0
  38887 C38888                 1                       0
  38889 C38890                 1                       0
  38898 C38899                 1                       0
  39517 C39518                 1                       0
  39518 C39519                 1                       0
  39520 C39521                 1                       0
  39528 C39529                 1                       0
  39724 C39725                 1                       0
  39725 C39726                 1                       0
  39727 C39728                 1                       0
  39736 C39737                 1                       0
  40158 C40159                 1                       0
  40159 C40160                 1                       0
  40161 C40162                 1                       0
  40170 C40171                 1                       0
  40568 C40569                 1                       0
  40569 C40570                 1                       0
  40571 C40572                 1                       0
  40580 C40581                 1                       0
  40986 C40987                 1                       0
  40987 C40988                 1                       0
  40989 C40990                 1                       0
  40998 C40999                 1                       0
  41422 C41423                 1                       0
  41423 C41424                 1                       0
  41425 C41426                 1                       0
  41433 C41434                 1                       0
  42065 C42066                 1                       0
  42066 C42067                 1                       0
  42068 C42069                 1                       0
  42077 C42078                 1                       0
  42277 C42278                 1                       0
  42278 C42279                 1                       0
  42280 C42281                 1                       0
  42289 C42290                 1                       0
  42787 C42788                 1                       0
  42788 C42789                 1                       0
  42790 C42791                 1                       0
  42799 C42800                 1                       0
