Stopped on time (no integer solution - continuous used) - objective value 0.00000000
   4754 C4755                0.5                       0
   4755 C4756                0.5                       0
   4757 C4758                0.5                       0
   4758 C4759                0.5                       0
   4761 C4762                0.5                       0
   4762 C4763                0.5                       0
   4777 C4778                0.5                       0
   4783 C4784         0.49079048                       0
   4788 C4789                0.5                       0
   4790 C4791                0.5                       0
   4791 C4792                0.5                       0
   4794 C4795                0.5                       0
   4795 C4796                0.5                       0
   4832 C4833                0.5                       0
   4835 C4836                0.5                       0
   4836 C4837                0.5                       0
   4886 C4887                0.5                       0
   4887 C4888                0.5                       0
   4888 C4889                0.5                       0
   4889 C4890                0.5                       0
   4890 C4891                0.5                       0
   4891 C4892                0.5                       0
   4892 C4893                0.5                       0
   4893 C4894                0.5                       0
   4894 C4895                0.5                       0
   4895 C4896                0.5                       0
   4896 C4897                0.5                       0
   4898 C4899                0.5                       0
   4921 C4922                0.5                       0
   4924 C4925                0.5                       0
   4925 C4926                0.5                       0
   4928 C4929                0.5                       0
   4929 C4930                0.5                       0
   4965 C4966                0.5                       0
   4976 C4977         0.49079048                       0
   5020 C5021                0.5                       0
   5023 C5024                0.5                       0
   5024 C5025                0.5                       0
   5027 C5028                0.5                       0
   5028 C5029                0.5                       0
   5031 C5032                0.5                       0
   5035 C5036                0.5                       0
   5042 C5043                0.5                       0
   5046 C5047                0.5                       0
   5065 C5066                0.5                       0
   5068 C5069                0.5                       0
   5076 C5077                0.5                       0
   5079 C5080                0.5                       0
   5087 C5088                0.5                       0
   5098 C5099                0.5                       0
   5109 C5110                0.5                       0
   5120 C5121                0.5                       0
   5131 C5132                0.5                       0
   5142 C5143                0.5                       0
   5161 C5162                0.5                       0
   5162 C5163                0.5                       0
   5163 C5164                0.5                       0
   5167 C5168                0.5                       0
   5172 C5173                0.5                       0
   5194 C5195                0.5                       0
   5197 C5198                0.5                       0
   5200 C5201                0.5                       0
   5205 C5206                0.5                       0
   5208 C5209                0.5                       0
   5211 C5212                0.5                       0
   5238 C5239                0.5                       0
   5240 C5241         0.49079048                       0
   5241 C5242                0.5                       0
   5249 C5250                0.5                       0
   5252 C5253                0.5                       0
   5283 C5284                0.5                       0
   5293 C5294                0.5                       0
   5294 C5295                0.5                       0
   5295 C5296                0.5                       0
   5296 C5297         0.00920952                       0
   5297 C5298         0.47783338                       0
   5298 C5299                0.5                       0
   5299 C5300                0.5                       0
   5300 C5301         0.00920952                       0
   5301 C5302         0.00920952                       0
   5302 C5303                0.5                       0
   5303 C5304                0.5                       0
   5328 C5329                0.5                       0
   5330 C5331         0.47783338                       0
   5331 C5332                0.5                       0
   5335 C5336         0.00920952                       0
   5339 C5340                0.5                       0
   5370 C5371         0.49079048                       0
   5372 C5373                0.5                       0
   5376 C5377                0.5                       0
   5379 C5380        0.001873788                       0
   5380 C5381        0.001873788                       0
   5383 C5384                0.5                       0
   5417 C5418                0.5                       0
   5418 C5419                0.5                       0
   5421 C5422         0.99079048                       0
   5422 C5423                0.5                       0
   5428 C5429         0.99079048                       0
   5429 C5430         0.52216662                       0
   5430 C5431                0.5                       0
   5432 C5433         0.99079048                       0
   5433 C5434         0.99079048                       0
   5434 C5435                0.5                       0
   5435 C5436                0.5                       0
   5439 C5440                0.5                       0
   5440 C5441                0.5                       0
   5443 C5444         0.99079048                       0
   5444 C5445                0.5                       0
   5450 C5451                0.5                       0
   5451 C5452                0.5                       0
   5454 C5455                0.5                       0
   5455 C5456                0.5                       0
   5473 C5474         0.47783338                       0
   5484 C5485                0.5                       0
   5487 C5488                0.5                       0
   5495 C5496                0.5                       0
   5496 C5497                0.5                       0
   5528 C5529         0.00920952                       0
   5532 C5533        0.001873788                       0
   5543 C5544        0.001873788                       0
   5557 C5558                0.5                       0
   5568 C5569                0.5                       0
   5569 C5570                0.5                       0
   5570 C5571                0.5                       0
   5574 C5575                0.5                       0
   5575 C5576         0.49079048                       0
   5579 C5580                0.5                       0
   5590 C5591                0.5                       0
   5601 C5602                0.5                       0
   5612 C5613                0.5                       0
   5615 C5616                0.5                       0
   5623 C5624                0.5                       0
   5626 C5627                0.5                       0
   5634 C5635                0.5                       0
   5645 C5646                0.5                       0
   5656 C5657                0.5                       0
   5659 C5660                0.5                       0
   5667 C5668                0.5                       0
   5670 C5671                0.5                       0
   5678 C5679                0.5                       0
   5685 C5686         0.49079048                       0
   5700 C5701                0.5                       0
   5701 C5702                0.5                       0
   5703 C5704                0.5                       0
   5704 C5705                0.5                       0
   5707 C5708                0.5                       0
   5708 C5709                0.5                       0
   5712 C5713                0.5                       0
   5723 C5724         0.00920952                       0
   5734 C5735         0.47783338                       0
   5737 C5738         0.47783338                       0
   5745 C5746                0.5                       0
   5748 C5749                0.5                       0
   5751 C5752                0.5                       0
   5756 C5757                0.5                       0
   5767 C5768         0.00920952                       0
   5778 C5779         0.00920952                       0
   5789 C5790                0.5                       0
   5792 C5793         0.00920952                       0
   5796 C5797        0.001873788                       0
   5800 C5801                0.5                       0
   5807 C5808        0.001873788                       0
   5813 C5814                0.5                       0
   5814 C5815                0.5                       0
   5818 C5819                0.5                       0
   5824 C5825         0.00920952                       0
   5825 C5826         0.47783338                       0
   5828 C5829         0.00920952                       0
   5829 C5830         0.00920952                       0
   5835 C5836                0.5                       0
   5836 C5837                0.5                       0
   5839 C5840         0.00920952                       0
   5840 C5841        0.001873788                       0
   5841 C5842                0.5                       0
   5846 C5847                0.5                       0
   5847 C5848                0.5                       0
   5850 C5851                0.5                       0
   5851 C5852                0.5                       0
   5858 C5859         0.47783338                       0
   5881 C5882                0.5                       0
   5884 C5885                0.5                       0
   5891 C5892                0.5                       0
   5892 C5893                0.5                       0
   5894 C5895                0.5                       0
   5895 C5896                0.5                       0
   5925 C5926                0.5                       0
   5929 C5930        0.001873788                       0
   5935 C5936                0.5                       0
   5936 C5937                0.5                       0
   5940 C5941                0.5                       0
   5947 C5948                0.5                       0
   5949 C5950         0.00920952                       0
   5951 C5952                0.5                       0
   5952 C5953                0.5                       0
   5958 C5959                0.5                       0
   5962 C5963                0.5                       0
   5963 C5964                0.5                       0
   5969 C5970                0.5                       0
   5972 C5973         0.49812621                       0
   5973 C5974                0.5                       0
   5974 C5975                0.5                       0
   5980 C5981                0.5                       0
   5984 C5985                0.5                       0
   5985 C5986                0.5                       0
   5991 C5992                0.5                       0
   5995 C5996         0.00920952                       0
   5996 C5997                0.5                       0
   6002 C6003                0.5                       0
   6006 C6007                0.5                       0
   6007 C6008                0.5                       0
   6025 C6026                0.5                       0
   6028 C6029                0.5                       0
   6029 C6030                0.5                       0
   6036 C6037                0.5                       0
   6039 C6040        0.001873788                       0
   6047 C6048                0.5                       0
   6050 C6051        0.001873788                       0
   6076 C6077                0.5                       0
   6080 C6081                0.5                       0
   6087 C6088                0.5                       0
   6091 C6092                0.5                       0
   6098 C6099                0.5                       0
   6101 C6102                0.5                       0
   6102 C6103                0.5                       0
   6106 C6107                0.5                       0
   6113 C6114                0.5                       0
   6121 C6122                0.5                       0
   6124 C6125                0.5                       0
   6132 C6133                0.5                       0
   6135 C6136                0.5                       0
   6146 C6147                0.5                       0
   6165 C6166                0.5                       0
   6169 C6170                0.5                       0
   6172 C6173        0.001873788                       0
   6176 C6177                0.5                       0
   6180 C6181                0.5                       0
   6183 C6184                0.5                       0
   6191 C6192                0.5                       0
   6202 C6203                0.5                       0
   6239 C6240                0.5                       0
   6240 C6241                0.5                       0
   6241 C6242                0.5                       0
   6242 C6243                0.5                       0
   6243 C6244                0.5                       0
   6244 C6245                0.5                       0
   6245 C6246                0.5                       0
   6246 C6247                0.5                       0
   6247 C6248                0.5                       0
   6248 C6249                0.5                       0
   6249 C6250                0.5                       0
   6272 C6273                0.5                       0
   6283 C6284                0.5                       0
   6284 C6285                0.5                       0
   6285 C6286                0.5                       0
   6287 C6288                0.5                       0
   6288 C6289                0.5                       0
   6316 C6317                0.5                       0
   6327 C6328                0.5                       0
   6343 C6344                0.5                       0
   6344 C6345                0.5                       0
   6347 C6348                0.5                       0
   6348 C6349                0.5                       0
   6355 C6356                0.5                       0
   6366 C6367                0.5                       0
   6371 C6372                0.5                       0
   6372 C6373                0.5                       0
   6373 C6374                0.5                       0
   6374 C6375                0.5                       0
   6375 C6376                0.5                       0
   6376 C6377                0.5                       0
   6377 C6378                0.5                       0
   6378 C6379                0.5                       0
   6379 C6380                0.5                       0
   6380 C6381                0.5                       0
   6381 C6382                0.5                       0
   6388 C6389                0.5                       0
   6399 C6400                0.5                       0
   6514 C6515                0.5                       0
   6515 C6516         0.99079048                       0
   6516 C6517                0.5                       0
   6517 C6518                0.5                       0
   6518 C6519         0.47783338                       0
   6519 C6520                0.5                       0
   6520 C6521                0.5                       0
   6523 C6524         0.00920952                       0
   6525 C6526                0.5                       0
   6526 C6527         0.52216662                       0
   6527 C6528                0.5                       0
   6528 C6529                0.5                       0
   6531 C6532                0.5                       0
   6537 C6538                0.5                       0
   6558 C6559         0.99079048                       0
   6559 C6560         0.99079048                       0
   6560 C6561         0.99079048                       0
   6561 C6562                0.5                       0
   6564 C6565                0.5                       0
   6567 C6568        0.001873788                       0
   6568 C6569        0.001873788                       0
   6569 C6570                0.5                       0
   6570 C6571         0.99079048                       0
   6571 C6572                0.5                       0
   6572 C6573                0.5                       0
   6581 C6582                0.5                       0
   6592 C6593                0.5                       0
   6606 C6607                0.5                       0
   6617 C6618         0.52216662                       0
   6622 C6623                0.5                       0
   6628 C6629                0.5                       0
   6639 C6640                0.5                       0
   6646 C6647                0.5                       0
   6647 C6648         0.00920952                       0
   6648 C6649                0.5                       0
   6649 C6650                0.5                       0
   6650 C6651         0.52216662                       0
   6652 C6653                0.5                       0
   6653 C6654         0.00920952                       0
   6654 C6655         0.00920952                       0
   6656 C6657                0.5                       0
   6684 C6685                0.5                       0
   6695 C6696         0.52216662                       0
   6697 C6698                0.5                       0
   6698 C6699        0.001873788                       0
   6706 C6707         0.52216662                       0
   6741 C6742         0.99079048                       0
   6742 C6743                0.5                       0
   6750 C6751                0.5                       0
   6752 C6753         0.99079048                       0
   6753 C6754         0.99079048                       0
   6755 C6756                0.5                       0
   6763 C6764         0.99079048                       0
   6764 C6765                0.5                       0
   6774 C6775                0.5                       0
   6775 C6776                0.5                       0
   6783 C6784                0.5                       0
   6785 C6786         0.99079048                       0
   6786 C6787         0.99079048                       0
   6787 C6788         0.99079048                       0
   6788 C6789                0.5                       0
   6796 C6797         0.52216662                       0
   6797 C6798         0.52216662                       0
   6807 C6808                0.5                       0
   6818 C6819                0.5                       0
   6841 C6842        0.001873788                       0
   6852 C6853        0.001873788                       0
   6863 C6864        0.001873788                       0
   6910 C6911                0.5                       0
   6911 C6912         0.00920952                       0
   6912 C6913                0.5                       0
   6913 C6914                0.5                       0
   6916 C6917                0.5                       0
   6920 C6921                0.5                       0
   6921 C6922                0.5                       0
   6922 C6923         0.47783338                       0
   6923 C6924                0.5                       0
   6924 C6925                0.5                       0
   6925 C6926         0.47783338                       0
   6926 C6927                0.5                       0
   6927 C6928                0.5                       0
   6930 C6931                0.5                       0
   6931 C6932                0.5                       0
   6955 C6956         0.00920952                       0
   6956 C6957         0.00920952                       0
   6957 C6958                0.5                       0
   6961 C6962                0.5                       0
   6965 C6966                0.5                       0
   6966 C6967         0.00920952                       0
   6967 C6968        0.001873788                       0
   6968 C6969                0.5                       0
   6971 C6972                0.5                       0
   6972 C6973                0.5                       0
   6974 C6975        0.001873788                       0
   6975 C6976                0.5                       0
   6978 C6979                0.5                       0
   7001 C7002                0.5                       0
   7012 C7013         0.00920952                       0
   7023 C7024                0.5                       0
   7034 C7035                0.5                       0
   7053 C7054                0.5                       0
   7054 C7055         0.52216662                       0
   7055 C7056                0.5                       0
   7056 C7057                0.5                       0
   7057 C7058         0.52216662                       0
   7059 C7060                0.5                       0
   7060 C7061         0.52216662                       0
   7061 C7062         0.52216662                       0
   7079 C7080                0.5                       0
   7082 C7083                0.5                       0
   7090 C7091         0.00920952                       0
   7101 C7102         0.00920952                       0
   7105 C7106        0.001873788                       0
   7109 C7110                0.5                       0
   7123 C7124                0.5                       0
   7138 C7139                0.5                       0
   7148 C7149         0.00920952                       0
   7149 C7150         0.00920952                       0
   7150 C7151                0.5                       0
   7159 C7160         0.00920952                       0
   7160 C7161        0.001873788                       0
   7161 C7162                0.5                       0
   7170 C7171                0.5                       0
   7171 C7172                0.5                       0
   7181 C7182         0.00920952                       0
   7182 C7183         0.00920952                       0
   7190 C7191                0.5                       0
   7192 C7193         0.47783338                       0
   7193 C7194         0.47783338                       0
   7194 C7195                0.5                       0
   7195 C7196                0.5                       0
   7204 C7205                0.5                       0
   7215 C7216                0.5                       0
   7226 C7227        0.001873788                       0
   7249 C7250        0.001873788                       0
   7260 C7261                0.5                       0
   7328 C7329                0.5                       0
   7329 C7330                0.5                       0
   7330 C7331                0.5                       0
   7331 C7332                0.5                       0
   7332 C7333                0.5                       0
   7333 C7334                0.5                       0
   7334 C7335                0.5                       0
   7335 C7336                0.5                       0
   7336 C7337                0.5                       0
   7350 C7351         0.00920952                       0
   7363 C7364         0.49812621                       0
   7372 C7373                0.5                       0
   7373 C7374                0.5                       0
   7374 C7375                0.5                       0
   7375 C7376                0.5                       0
   7376 C7377         0.00920952                       0
   7377 C7378                0.5                       0
   7379 C7380                0.5                       0
   7380 C7381        0.001873788                       0
   7381 C7382        0.001873788                       0
   7383 C7384                0.5                       0
   7384 C7385                0.5                       0
   7385 C7386                0.5                       0
   7386 C7387                0.5                       0
   7387 C7388                0.5                       0
   7388 C7389                0.5                       0
   7390 C7391                0.5                       0
   7401 C7402         0.00920952                       0
   7403 C7404                0.5                       0
   7414 C7415                0.5                       0
   7424 C7425         0.49812621                       0
   7425 C7426                0.5                       0
   7436 C7437                0.5                       0
   7447 C7448         0.00920952                       0
   7458 C7459                0.5                       0
   7461 C7462                0.5                       0
   7464 C7465                0.5                       0
   7465 C7466                0.5                       0
   7467 C7468                0.5                       0
   7468 C7469                0.5                       0
   7469 C7470                0.5                       0
   7470 C7471                0.5                       0
   7480 C7481                0.5                       0
   7491 C7492        0.001873788                       0
   7502 C7503        0.001873788                       0
   7523 C7524         0.49812621                       0
   7525 C7526                0.5                       0
   7536 C7537                0.5                       0
   7547 C7548                0.5                       0
   7558 C7559                0.5                       0
   7569 C7570                0.5                       0
   7580 C7581                0.5                       0
   7591 C7592                0.5                       0
   7592 C7593                0.5                       0
   7594 C7595                0.5                       0
   7595 C7596                0.5                       0
   7598 C7599                0.5                       0
   7601 C7602                0.5                       0
   7602 C7603                0.5                       0
   7613 C7614                0.5                       0
   7624 C7625         0.49812621                       0
   7646 C7647                0.5                       0
   7691 C7692                0.5                       0
   7692 C7693                0.5                       0
   7693 C7694                0.5                       0
   7694 C7695                0.5                       0
   7695 C7696                0.5                       0
   7698 C7699                0.5                       0
   7699 C7700                0.5                       0
   7726 C7727                0.5                       0
   7735 C7736                0.5                       0
   7736 C7737                0.5                       0
   7737 C7738                0.5                       0
   7738 C7739                0.5                       0
   7739 C7740                0.5                       0
   7740 C7741                0.5                       0
   7741 C7742                0.5                       0
   7742 C7743                0.5                       0
   7743 C7744                0.5                       0
   7744 C7745                0.5                       0
   7745 C7746                0.5                       0
   7781 C7782                0.5                       0
   7787 C7788        0.001873788                       0
   7788 C7789                0.5                       0
   7792 C7793                0.5                       0
   7803 C7804                0.5                       0
   7814 C7815                0.5                       0
   7837 C7838                0.5                       0
   7848 C7849                0.5                       0
   7856 C7857                0.5                       0
   7859 C7860                0.5                       0
   7867 C7868                0.5                       0
   7868 C7869                0.5                       0
   7869 C7870                0.5                       0
   7870 C7871                0.5                       0
   7871 C7872                0.5                       0
   7872 C7873                0.5                       0
   7881 C7882                0.5                       0
   7892 C7893                0.5                       0
   7900 C7901                0.5                       0
   7903 C7904                0.5                       0
   7911 C7912                0.5                       0
   7914 C7915                0.5                       0
   7927 C7928                0.5                       0
   7931 C7932                0.5                       0
   7932 C7933                0.5                       0
   7949 C7950                0.5                       0
   7954 C7955                0.5                       0
   7960 C7961                0.5                       0
   7964 C7965                0.5                       0
   7965 C7966                0.5                       0
   8005 C8006                0.5                       0
   8006 C8007                0.5                       0
   8007 C8008                0.5                       0
   8008 C8009                0.5                       0
   8009 C8010                0.5                       0
   8020 C8021        0.001873788                       0
   8031 C8032                0.5                       0
   8121 C8122                0.5                       0
   8124 C8125                0.5                       0
   8142 C8143         0.99079048                       0
   8143 C8144         0.99079048                       0
   8144 C8145         0.99079048                       0
   8145 C8146                0.5                       0
   8146 C8147         0.99079048                       0
   8147 C8148         0.52216662                       0
   8148 C8149                0.5                       0
   8149 C8150                0.5                       0
   8150 C8151        0.001873788                       0
   8151 C8152        0.001873788                       0
   8152 C8153        0.001873788                       0
   8153 C8154                0.5                       0
   8154 C8155         0.99079048                       0
   8155 C8156                0.5                       0
   8156 C8157                0.5                       0
   8157 C8158         0.99079048                       0
   8158 C8159         0.52216662                       0
   8168 C8169         0.99079048                       0
   8176 C8177                0.5                       0
   8179 C8180                0.5                       0
   8194 C8195                0.5                       0
   8202 C8203                0.5                       0
   8205 C8206         0.99079048                       0
   8207 C8208                0.5                       0
   8216 C8217                0.5                       0
   8227 C8228                0.5                       0
   8235 C8236                0.5                       0
   8238 C8239         0.99079048                       0
   8239 C8240         0.99079048                       0
   8240 C8241                0.5                       0
   8249 C8250         0.52216662                       0
   8274 C8275         0.00920952                       0
   8275 C8276         0.00920952                       0
   8276 C8277         0.00920952                       0
   8277 C8278                0.5                       0
   8278 C8279         0.00920952                       0
   8279 C8280         0.47783338                       0
   8280 C8281                0.5                       0
   8281 C8282                0.5                       0
   8282 C8283         0.99812621                       0
   8283 C8284         0.99812621                       0
   8284 C8285         0.99812621                       0
   8389 C8390                0.5                       0
   8407 C8408         0.00920952                       0
   8408 C8409         0.00920952                       0
   8409 C8410                0.5                       0
   8410 C8411         0.00920952                       0
   8411 C8412         0.47783338                       0
   8417 C8418                0.5                       0
   8418 C8419         0.00920952                       0
   8419 C8420        0.001873788                       0
   8420 C8421                0.5                       0
   8421 C8422         0.00920952                       0
   8422 C8423         0.47783338                       0
   8423 C8424                0.5                       0
   8424 C8425                0.5                       0
   8425 C8426        0.001873788                       0
   8426 C8427        0.001873788                       0
   8427 C8428                0.5                       0
   8429 C8430                0.5                       0
   8430 C8431                0.5                       0
   8433 C8434                0.5                       0
   8444 C8445                0.5                       0
   8457 C8458         0.00920952                       0
   8468 C8469         0.00920952                       0
   8479 C8480         0.00920952                       0
   8490 C8491                0.5                       0
   8501 C8502         0.00920952                       0
   8512 C8513         0.47783338                       0
   8517 C8518                0.5                       0
   8520 C8521                0.5                       0
   8523 C8524                0.5                       0
   8534 C8535                0.5                       0
   8549 C8550                0.5                       0
   8550 C8551         0.99079048                       0
   8551 C8552                0.5                       0
   8552 C8553                0.5                       0
   8553 C8554         0.99079048                       0
   8554 C8555         0.52216662                       0
   8557 C8558         0.99812621                       0
   8564 C8565         0.99079048                       0
   8568 C8569         0.99812621                       0
   8572 C8573                0.5                       0
   8575 C8576                0.5                       0
   8579 C8580         0.99812621                       0
   8598 C8599                0.5                       0
   8602 C8603                0.5                       0
   8603 C8604                0.5                       0
   8613 C8614                0.5                       0
   8631 C8632                0.5                       0
   8635 C8636         0.99079048                       0
   8636 C8637                0.5                       0
   8642 C8643                0.5                       0
   8646 C8647                0.5                       0
   8647 C8648                0.5                       0
   8670 C8671         0.00920952                       0
   8676 C8677                0.5                       0
   8677 C8678                0.5                       0
   8679 C8680         0.99812621                       0
   8680 C8681         0.99812621                       0
   8683 C8684         0.49812621                       0
   8687 C8688                0.5                       0
   8688 C8689                0.5                       0
   8690 C8691         0.99812621                       0
   8691 C8692                0.5                       0
   8730 C8731                0.5                       0
   8763 C8764                0.5                       0
   8774 C8775                0.5                       0
   8802 C8803         0.00920952                       0
   8808 C8809                0.5                       0
   8812 C8813         0.49812621                       0
   8815 C8816         0.49812621                       0
   8819 C8820                0.5                       0
   8824 C8825                0.5                       0
   8825 C8826                0.5                       0
   8826 C8827                0.5                       0
   8827 C8828                0.5                       0
   8828 C8829         0.00920952                       0
   8829 C8830                0.5                       0
   8830 C8831                0.5                       0
   8831 C8832                0.5                       0
   8832 C8833        0.001873788                       0
   8833 C8834        0.001873788                       0
   8834 C8835                0.5                       0
   8841 C8842                0.5                       0
   8853 C8854         0.00920952                       0
   8876 C8877         0.49812621                       0
   8913 C8914                0.5                       0
   8916 C8917                0.5                       0
   8917 C8918                0.5                       0
   8919 C8920                0.5                       0
   8920 C8921                0.5                       0
   8930 C8931                0.5                       0
   8931 C8932                0.5                       0
   8957 C8958                0.5                       0
   8958 C8959                0.5                       0
   8960 C8961         0.99079048                       0
   8961 C8962                0.5                       0
   8964 C8965         0.99812621                       0
   8965 C8966         0.99812621                       0
   8968 C8969                0.5                       0
   8971 C8972                0.5                       0
   8972 C8973                0.5                       0
   8975 C8976         0.99812621                       0
   8976 C8977                0.5                       0
   8999 C9000                0.5                       0
   9032 C9033                0.5                       0
   9043 C9044                0.5                       0
   9054 C9055                0.5                       0
   9073 C9074                0.5                       0
   9076 C9077                0.5                       0
   9084 C9085                0.5                       0
   9087 C9088                0.5                       0
   9088 C9089                0.5                       0
   9091 C9092                0.5                       0
   9094 C9095                0.5                       0
   9095 C9096                0.5                       0
   9098 C9099                0.5                       0
   9115 C9116                0.5                       0
   9137 C9138                0.5                       0
   9148 C9149                0.5                       0
   9193 C9194                0.5                       0
   9226 C9227                0.5                       0
   9231 C9232                0.5                       0
   9232 C9233                0.5                       0
   9233 C9234                0.5                       0
   9234 C9235                0.5                       0
   9235 C9236                0.5                       0
   9236 C9237                0.5                       0
   9237 C9238                0.5                       0
   9238 C9239                0.5                       0
   9239 C9240         0.49812621                       0
   9241 C9242                0.5                       0
   9308 C9309                0.5                       0
   9310 C9311                0.5                       0
   9311 C9312                0.5                       0
   9314 C9315                0.5                       0
   9337 C9338                0.5                       0
   9348 C9349                0.5                       0
   9352 C9353                0.5                       0
   9355 C9356                0.5                       0
   9359 C9360                0.5                       0
   9363 C9364                0.5                       0
   9365 C9366                0.5                       0
   9366 C9367                0.5                       0
   9370 C9371                0.5                       0
   9371 C9372        0.001873788                       0
   9372 C9373                0.5                       0
   9383 C9384                0.5                       0
   9416 C9417                0.5                       0
   9449 C9450                0.5                       0
   9458 C9459                0.5                       0
   9459 C9460                0.5                       0
   9460 C9461                0.5                       0
   9496 C9497                0.5                       0
   9499 C9500                0.5                       0
   9500 C9501                0.5                       0
   9501 C9502                0.5                       0
   9503 C9504                0.5                       0
   9504 C9505                0.5                       0
   9505 C9506                0.5                       0
   9506 C9507                0.5                       0
   9507 C9508                0.5                       0
   9509 C9510                0.5                       0
   9510 C9511                0.5                       0
   9513 C9514                0.5                       0
   9514 C9515                0.5                       0
   9515 C9516                0.5                       0
   9529 C9530                0.5                       0
   9540 C9541                0.5                       0
   9542 C9543                0.5                       0
   9543 C9544                0.5                       0
   9546 C9547                0.5                       0
   9584 C9585                0.5                       0
   9587 C9588                0.5                       0
   9638 C9639                0.5                       0
   9639 C9640                0.5                       0
   9640 C9641                0.5                       0
   9641 C9642                0.5                       0
   9642 C9643                0.5                       0
   9643 C9644                0.5                       0
   9644 C9645                0.5                       0
   9645 C9646                0.5                       0
   9646 C9647                0.5                       0
   9647 C9648                0.5                       0
   9648 C9649                0.5                       0
   9650 C9651                0.5                       0
   9673 C9674                0.5                       0
   9676 C9677                0.5                       0
   9677 C9678                0.5                       0
   9679 C9680                0.5                       0
   9680 C9681                0.5                       0
   9681 C9682                0.5                       0
   9717 C9718                0.5                       0
   9772 C9773                0.5                       0
   9775 C9776                0.5                       0
   9776 C9777                0.5                       0
   9780 C9781                0.5                       0
   9783 C9784                0.5                       0
   9787 C9788                0.5                       0
   9794 C9795                0.5                       0
   9798 C9799                0.5                       0
   9817 C9818                0.5                       0
   9820 C9821                0.5                       0
   9828 C9829                0.5                       0
   9839 C9840                0.5                       0
   9850 C9851                0.5                       0
   9861 C9862                0.5                       0
   9872 C9873                0.5                       0
   9883 C9884                0.5                       0
   9894 C9895                0.5                       0
   9913 C9914                0.5                       0
   9914 C9915                0.5                       0
   9915 C9916                0.5                       0
   9919 C9920                0.5                       0
   9924 C9925                0.5                       0
   9946 C9947                0.5                       0
   9949 C9950                0.5                       0
   9952 C9953                0.5                       0
   9957 C9958                0.5                       0
   9960 C9961                0.5                       0
   9990 C9991                0.5                       0
   9993 C9994                0.5                       0
  10001 C10002               0.5                       0
  10012 C10013               0.5                       0
  10035 C10036               0.5                       0
  10041 C10042        0.49079048                       0
  10045 C10046               0.5                       0
  10046 C10047               0.5                       0
  10047 C10048               0.5                       0
  10048 C10049        0.99079048                       0
  10049 C10050        0.52216662                       0
  10050 C10051               0.5                       0
  10051 C10052               0.5                       0
  10052 C10053        0.99079048                       0
  10053 C10054        0.99079048                       0
  10054 C10055               0.5                       0
  10055 C10056               0.5                       0
  10080 C10081               0.5                       0
  10082 C10083        0.52216662                       0
  10083 C10084       0.001873788                       0
  10087 C10088        0.99079048                       0
  10088 C10089               0.5                       0
  10124 C10125        0.00920952                       0
  10128 C10129               0.5                       0
  10143 C10144               0.5                       0
  10169 C10170               0.5                       0
  10170 C10171               0.5                       0
  10173 C10174        0.00920952                       0
  10174 C10175               0.5                       0
  10175 C10176               0.5                       0
  10180 C10181        0.00920952                       0
  10181 C10182        0.47783338                       0
  10182 C10183               0.5                       0
  10184 C10185        0.00920952                       0
  10185 C10186        0.00920952                       0
  10186 C10187               0.5                       0
  10187 C10188               0.5                       0
  10191 C10192               0.5                       0
  10195 C10196        0.00920952                       0
  10202 C10203               0.5                       0
  10203 C10204               0.5                       0
  10206 C10207               0.5                       0
  10225 C10226        0.52216662                       0
  10236 C10237       0.001873788                       0
  10239 C10240               0.5                       0
  10247 C10248               0.5                       0
  10280 C10281        0.99079048                       0
  10291 C10292               0.5                       0
  10296 C10297               0.5                       0
  10309 C10310               0.5                       0
  10320 C10321               0.5                       0
  10321 C10322               0.5                       0
  10322 C10323               0.5                       0
  10326 C10327               0.5                       0
  10331 C10332               0.5                       0
  10342 C10343               0.5                       0
  10353 C10354               0.5                       0
  10364 C10365               0.5                       0
  10367 C10368               0.5                       0
  10375 C10376               0.5                       0
  10378 C10379               0.5                       0
  10386 C10387               0.5                       0
  10397 C10398               0.5                       0
  10400 C10401               0.5                       0
  10408 C10409               0.5                       0
  10411 C10412               0.5                       0
  10419 C10420               0.5                       0
  10422 C10423               0.5                       0
  10430 C10431               0.5                       0
  10452 C10453               0.5                       0
  10453 C10454               0.5                       0
  10455 C10456               0.5                       0
  10459 C10460        0.00920952                       0
  10464 C10465               0.5                       0
  10475 C10476        0.99079048                       0
  10486 C10487        0.52216662                       0
  10489 C10490        0.52216662                       0
  10497 C10498               0.5                       0
  10500 C10501       0.001873788                       0
  10503 C10504               0.5                       0
  10508 C10509               0.5                       0
  10518 C10519        0.49079048                       0
  10519 C10520        0.99079048                       0
  10530 C10531        0.99079048                       0
  10541 C10542               0.5                       0
  10544 C10545        0.99079048                       0
  10552 C10553               0.5                       0
  10555 C10556               0.5                       0
  10560 C10561               0.5                       0
  10565 C10566               0.5                       0
  10566 C10567               0.5                       0
  10569 C10570        0.99079048                       0
  10570 C10571               0.5                       0
  10576 C10577        0.99079048                       0
  10577 C10578        0.52216662                       0
  10580 C10581        0.99079048                       0
  10581 C10582        0.99079048                       0
  10587 C10588               0.5                       0
  10588 C10589               0.5                       0
  10591 C10592        0.99079048                       0
  10592 C10593        0.99812621                       0
  10593 C10594               0.5                       0
  10598 C10599               0.5                       0
  10599 C10600               0.5                       0
  10602 C10603               0.5                       0
  10603 C10604               0.5                       0
  10610 C10611        0.52216662                       0
  10632 C10633        0.49812621                       0
  10633 C10634               0.5                       0
  10636 C10637               0.5                       0
  10643 C10644               0.5                       0
  10644 C10645               0.5                       0
  10646 C10647               0.5                       0
  10647 C10648               0.5                       0
  10677 C10678               0.5                       0
  10680 C10681        0.99812621                       0
  10681 C10682        0.99812621                       0
  10688 C10689               0.5                       0
  10691 C10692        0.99812621                       0
  10699 C10700               0.5                       0
  10703 C10704               0.5                       0
  10704 C10705               0.5                       0
  10710 C10711               0.5                       0
  10714 C10715               0.5                       0
  10715 C10716               0.5                       0
  10720 C10721               0.5                       0
  10721 C10722               0.5                       0
  10724 C10725       0.001873788                       0
  10725 C10726               0.5                       0
  10726 C10727               0.5                       0
  10732 C10733               0.5                       0
  10735 C10736               0.5                       0
  10736 C10737               0.5                       0
  10737 C10738               0.5                       0
  10743 C10744               0.5                       0
  10747 C10748        0.99079048                       0
  10748 C10749               0.5                       0
  10754 C10755               0.5                       0
  10758 C10759               0.5                       0
  10759 C10760               0.5                       0
  10777 C10778               0.5                       0
  10780 C10781               0.5                       0
  10781 C10782               0.5                       0
  10788 C10789               0.5                       0
  10791 C10792        0.99812621                       0
  10792 C10793        0.50187379                       0
  10799 C10800               0.5                       0
  10802 C10803        0.99812621                       0
  10803 C10804               0.5                       0
  10828 C10829               0.5                       0
  10832 C10833               0.5                       0
  10839 C10840               0.5                       0
  10843 C10844               0.5                       0
  10850 C10851               0.5                       0
  10853 C10854               0.5                       0
  10854 C10855               0.5                       0
  10858 C10859               0.5                       0
  10865 C10866               0.5                       0
  10873 C10874               0.5                       0
  10876 C10877               0.5                       0
  10884 C10885               0.5                       0
  10887 C10888               0.5                       0
  10898 C10899               0.5                       0
  10917 C10918               0.5                       0
  10921 C10922               0.5                       0
  10924 C10925        0.49625242                       0
  10928 C10929               0.5                       0
  10932 C10933               0.5                       0
  10943 C10944               0.5                       0
  10954 C10955               0.5                       0
  10991 C10992               0.5                       0
  10992 C10993               0.5                       0
  10993 C10994               0.5                       0
  10994 C10995               0.5                       0
  10995 C10996               0.5                       0
  10996 C10997               0.5                       0
  10997 C10998               0.5                       0
  10998 C10999               0.5                       0
  10999 C11000               0.5                       0
  11000 C11001               0.5                       0
  11001 C11002               0.5                       0
  11024 C11025               0.5                       0
  11035 C11036               0.5                       0
  11036 C11037               0.5                       0
  11037 C11038               0.5                       0
  11039 C11040               0.5                       0
  11079 C11080               0.5                       0
  11095 C11096               0.5                       0
  11096 C11097               0.5                       0
  11100 C11101               0.5                       0
  11107 C11108               0.5                       0
  11118 C11119               0.5                       0
  11123 C11124               0.5                       0
  11124 C11125               0.5                       0
  11125 C11126               0.5                       0
  11126 C11127               0.5                       0
  11127 C11128               0.5                       0
  11128 C11129               0.5                       0
  11129 C11130               0.5                       0
  11130 C11131               0.5                       0
  11131 C11132               0.5                       0
  11132 C11133               0.5                       0
  11133 C11134               0.5                       0
  11140 C11141               0.5                       0
  11266 C11267               0.5                       0
  11267 C11268        0.00920952                       0
  11268 C11269               0.5                       0
  11269 C11270               0.5                       0
  11270 C11271        0.52216662                       0
  11271 C11272       0.001873788                       0
  11272 C11273               0.5                       0
  11275 C11276        0.99079048                       0
  11276 C11277               0.5                       0
  11277 C11278               0.5                       0
  11278 C11279        0.47783338                       0
  11280 C11281               0.5                       0
  11289 C11290               0.5                       0
  11310 C11311        0.00920952                       0
  11311 C11312        0.00920952                       0
  11312 C11313        0.00920952                       0
  11313 C11314               0.5                       0
  11316 C11317               0.5                       0
  11321 C11322               0.5                       0
  11322 C11323        0.00920952                       0
  11331 C11332               0.5                       0
  11332 C11333               0.5                       0
  11333 C11334               0.5                       0
  11344 C11345               0.5                       0
  11358 C11359               0.5                       0
  11363 C11364               0.5                       0
  11369 C11370        0.47783338                       0
  11370 C11371               0.5                       0
  11374 C11375               0.5                       0
  11375 C11376               0.5                       0
  11391 C11392               0.5                       0
  11398 C11399               0.5                       0
  11400 C11401               0.5                       0
  11401 C11402               0.5                       0
  11402 C11403        0.47783338                       0
  11403 C11404        0.99812621                       0
  11404 C11405               0.5                       0
  11405 C11406        0.99079048                       0
  11406 C11407        0.99079048                       0
  11407 C11408        0.00920952                       0
  11408 C11409               0.5                       0
  11447 C11448        0.47783338                       0
  11449 C11450               0.5                       0
  11450 C11451        0.99812621                       0
  11451 C11452        0.99812621                       0
  11452 C11453        0.99812621                       0
  11458 C11459        0.47783338                       0
  11462 C11463        0.99812621                       0
  11493 C11494        0.00920952                       0
  11494 C11495               0.5                       0
  11504 C11505        0.00920952                       0
  11505 C11506        0.00920952                       0
  11515 C11516        0.00920952                       0
  11526 C11527               0.5                       0
  11531 C11532        0.99079048                       0
  11537 C11538        0.00920952                       0
  11538 C11539        0.00920952                       0
  11548 C11549        0.47783338                       0
  11549 C11550        0.47783338                       0
  11559 C11560               0.5                       0
  11570 C11571               0.5                       0
  11593 C11594        0.99812621                       0
  11604 C11605        0.99812621                       0
  11605 C11606        0.99812621                       0
  11615 C11616        0.99812621                       0
  11616 C11617               0.5                       0
  11662 C11663               0.5                       0
  11663 C11664        0.99079048                       0
  11664 C11665               0.5                       0
  11665 C11666               0.5                       0
  11667 C11668        0.49812621                       0
  11668 C11669               0.5                       0
  11673 C11674               0.5                       0
  11674 C11675        0.52216662                       0
  11675 C11676               0.5                       0
  11676 C11677               0.5                       0
  11677 C11678        0.52216662                       0
  11678 C11679               0.5                       0
  11679 C11680               0.5                       0
  11682 C11683               0.5                       0
  11683 C11684               0.5                       0
  11706 C11707        0.99079048                       0
  11707 C11708        0.99079048                       0
  11708 C11709        0.99079048                       0
  11709 C11710               0.5                       0
  11713 C11714               0.5                       0
  11715 C11716        0.99812621                       0
  11716 C11717        0.99812621                       0
  11717 C11718               0.5                       0
  11718 C11719        0.99079048                       0
  11719 C11720        0.99812621                       0
  11720 C11721               0.5                       0
  11723 C11724               0.5                       0
  11724 C11725               0.5                       0
  11726 C11727        0.99812621                       0
  11730 C11731               0.5                       0
  11753 C11754               0.5                       0
  11786 C11787               0.5                       0
  11805 C11806               0.5                       0
  11806 C11807        0.47783338                       0
  11808 C11809               0.5                       0
  11809 C11810        0.47783338                       0
  11812 C11813        0.47783338                       0
  11813 C11814        0.47783338                       0
  11817 C11818               0.5                       0
  11820 C11821        0.99812621                       0
  11831 C11832               0.5                       0
  11834 C11835               0.5                       0
  11842 C11843        0.99079048                       0
  11853 C11854        0.99079048                       0
  11857 C11858        0.99812621                       0
  11860 C11861               0.5                       0
  11861 C11862               0.5                       0
  11864 C11865        0.00920952                       0
  11868 C11869        0.99812621                       0
  11869 C11870        0.99812621                       0
  11872 C11873               0.5                       0
  11875 C11876               0.5                       0
  11879 C11880        0.99812621                       0
  11889 C11890        0.99079048                       0
  11890 C11891               0.5                       0
  11891 C11892               0.5                       0
  11896 C11897        0.99079048                       0
  11898 C11899               0.5                       0
  11900 C11901        0.99079048                       0
  11901 C11902        0.99079048                       0
  11902 C11903               0.5                       0
  11903 C11904               0.5                       0
  11907 C11908               0.5                       0
  11911 C11912        0.99079048                       0
  11912 C11913        0.99812621                       0
  11913 C11914               0.5                       0
  11922 C11923               0.5                       0
  11923 C11924               0.5                       0
  11928 C11929               0.5                       0
  11931 C11932               0.5                       0
  11933 C11934        0.99079048                       0
  11934 C11935        0.99079048                       0
  11935 C11936        0.00920952                       0
  11936 C11937               0.5                       0
  11939 C11940               0.5                       0
  11942 C11943               0.5                       0
  11943 C11944               0.5                       0
  11944 C11945        0.52216662                       0
  11945 C11946        0.52216662                       0
  11946 C11947               0.5                       0
  11947 C11948               0.5                       0
  11956 C11957               0.5                       0
  11967 C11968               0.5                       0
  11978 C11979        0.99812621                       0
  12071 C12072               0.5                       0
  12080 C12081               0.5                       0
  12081 C12082               0.5                       0
  12082 C12083               0.5                       0
  12083 C12084               0.5                       0
  12084 C12085               0.5                       0
  12085 C12086               0.5                       0
  12086 C12087               0.5                       0
  12087 C12088               0.5                       0
  12088 C12089               0.5                       0
  12115 C12116       0.001873788                       0
  12116 C12117               0.5                       0
  12124 C12125               0.5                       0
  12125 C12126               0.5                       0
  12126 C12127               0.5                       0
  12127 C12128               0.5                       0
  12128 C12129        0.99079048                       0
  12129 C12130               0.5                       0
  12131 C12132               0.5                       0
  12132 C12133        0.99812621                       0
  12133 C12134        0.99812621                       0
  12135 C12136               0.5                       0
  12136 C12137               0.5                       0
  12137 C12138               0.5                       0
  12138 C12139               0.5                       0
  12139 C12140               0.5                       0
  12140 C12141               0.5                       0
  12142 C12143               0.5                       0
  12143 C12144        0.50187379                       0
  12144 C12145               0.5                       0
  12155 C12156               0.5                       0
  12166 C12167               0.5                       0
  12172 C12173               0.5                       0
  12176 C12177       0.001873788                       0
  12177 C12178               0.5                       0
  12187 C12188               0.5                       0
  12188 C12189               0.5                       0
  12199 C12200        0.99079048                       0
  12210 C12211               0.5                       0
  12213 C12214               0.5                       0
  12216 C12217               0.5                       0
  12217 C12218               0.5                       0
  12219 C12220               0.5                       0
  12220 C12221               0.5                       0
  12221 C12222               0.5                       0
  12222 C12223               0.5                       0
  12232 C12233               0.5                       0
  12243 C12244        0.99812621                       0
  12254 C12255        0.99812621                       0
  12277 C12278               0.5                       0
  12288 C12289               0.5                       0
  12299 C12300               0.5                       0
  12310 C12311               0.5                       0
  12321 C12322               0.5                       0
  12332 C12333               0.5                       0
  12343 C12344               0.5                       0
  12344 C12345               0.5                       0
  12346 C12347               0.5                       0
  12347 C12348               0.5                       0
  12350 C12351               0.5                       0
  12353 C12354               0.5                       0
  12354 C12355               0.5                       0
  12365 C12366               0.5                       0
  12376 C12377        0.50187379                       0
  12387 C12388               0.5                       0
  12398 C12399               0.5                       0
  12443 C12444               0.5                       0
  12444 C12445               0.5                       0
  12445 C12446               0.5                       0
  12446 C12447               0.5                       0
  12447 C12448               0.5                       0
  12450 C12451               0.5                       0
  12451 C12452               0.5                       0
  12478 C12479               0.5                       0
  12487 C12488               0.5                       0
  12488 C12489               0.5                       0
  12489 C12490               0.5                       0
  12490 C12491               0.5                       0
  12491 C12492               0.5                       0
  12492 C12493               0.5                       0
  12493 C12494               0.5                       0
  12494 C12495               0.5                       0
  12495 C12496               0.5                       0
  12496 C12497               0.5                       0
  12497 C12498               0.5                       0
  12533 C12534               0.5                       0
  12539 C12540        0.49625242                       0
  12544 C12545               0.5                       0
  12555 C12556               0.5                       0
  12566 C12567               0.5                       0
  12589 C12590               0.5                       0
  12600 C12601               0.5                       0
  12608 C12609               0.5                       0
  12611 C12612               0.5                       0
  12619 C12620               0.5                       0
  12620 C12621               0.5                       0
  12621 C12622               0.5                       0
  12622 C12623               0.5                       0
  12623 C12624               0.5                       0
  12633 C12634               0.5                       0
  12644 C12645               0.5                       0
  12655 C12656               0.5                       0
  12663 C12664               0.5                       0
  12666 C12667               0.5                       0
  12679 C12680               0.5                       0
  12684 C12685               0.5                       0
  12701 C12702               0.5                       0
  12706 C12707               0.5                       0
  12712 C12713               0.5                       0
  12716 C12717               0.5                       0
  12717 C12718               0.5                       0
  12756 C12757               0.5                       0
  12757 C12758               0.5                       0
  12758 C12759               0.5                       0
  12759 C12760               0.5                       0
  12760 C12761               0.5                       0
  12761 C12762               0.5                       0
  12772 C12773        0.49625242                       0
  12820 C12821        0.99079048                       0
  12831 C12832               0.5                       0
  12894 C12895        0.00920952                       0
  12895 C12896        0.00920952                       0
  12896 C12897        0.00920952                       0
  12897 C12898               0.5                       0
  12898 C12899        0.00920952                       0
  12899 C12900        0.47783338                       0
  12900 C12901               0.5                       0
  12901 C12902               0.5                       0
  12902 C12903        0.99812621                       0
  12903 C12904        0.99812621                       0
  12904 C12905        0.99812621                       0
  12905 C12906               0.5                       0
  12906 C12907        0.00920952                       0
  12909 C12910        0.00920952                       0
  12910 C12911        0.47783338                       0
  12914 C12915        0.99812621                       0
  12915 C12916               0.5                       0
  12946 C12947               0.5                       0
  12957 C12958        0.00920952                       0
  12983 C12984        0.99079048                       0
  12990 C12991        0.00920952                       0
  13001 C13002        0.47783338                       0
  13026 C13027        0.99079048                       0
  13027 C13028        0.99079048                       0
  13028 C13029        0.99079048                       0
  13029 C13030               0.5                       0
  13030 C13031        0.99079048                       0
  13031 C13032        0.52216662                       0
  13032 C13033               0.5                       0
  13033 C13034               0.5                       0
  13034 C13035       0.001873788                       0
  13035 C13036       0.001873788                       0
  13036 C13037       0.001873788                       0
  13057 C13058        0.99812621                       0
  13068 C13069               0.5                       0
  13096 C13097               0.5                       0
  13115 C13116        0.99079048                       0
  13116 C13117               0.5                       0
  13137 C13138               0.5                       0
  13140 C13141               0.5                       0
  13141 C13142               0.5                       0
  13152 C13153               0.5                       0
  13158 C13159        0.99079048                       0
  13159 C13160        0.99079048                       0
  13160 C13161        0.99079048                       0
  13161 C13162               0.5                       0
  13162 C13163        0.99079048                       0
  13163 C13164        0.52216662                       0
  13169 C13170               0.5                       0
  13170 C13171        0.99079048                       0
  13171 C13172        0.99812621                       0
  13172 C13173               0.5                       0
  13173 C13174        0.99079048                       0
  13174 C13175        0.52216662                       0
  13175 C13176               0.5                       0
  13176 C13177               0.5                       0
  13177 C13178        0.99812621                       0
  13180 C13181               0.5                       0
  13181 C13182               0.5                       0
  13182 C13183               0.5                       0
  13184 C13185        0.00920952                       0
  13185 C13186               0.5                       0
  13192 C13193               0.5                       0
  13195 C13196               0.5                       0
  13196 C13197               0.5                       0
  13209 C13210        0.99079048                       0
  13216 C13217        0.99079048                       0
  13220 C13221        0.99079048                       0
  13227 C13228               0.5                       0
  13231 C13232        0.99079048                       0
  13242 C13243               0.5                       0
  13253 C13254        0.99079048                       0
  13264 C13265        0.52216662                       0
  13275 C13276               0.5                       0
  13286 C13287               0.5                       0
  13301 C13302               0.5                       0
  13302 C13303        0.00920952                       0
  13305 C13306        0.00920952                       0
  13306 C13307        0.47783338                       0
  13309 C13310       0.001873788                       0
  13310 C13311        0.99812621                       0
  13311 C13312               0.5                       0
  13320 C13321       0.001873788                       0
  13331 C13332       0.001873788                       0
  13343 C13344               0.5                       0
  13350 C13351               0.5                       0
  13354 C13355               0.5                       0
  13355 C13356               0.5                       0
  13365 C13366               0.5                       0
  13383 C13384               0.5                       0
  13387 C13388        0.00920952                       0
  13388 C13389               0.5                       0
  13391 C13392               0.5                       0
  13394 C13395               0.5                       0
  13395 C13396               0.5                       0
  13398 C13399               0.5                       0
  13399 C13400               0.5                       0
  13428 C13429               0.5                       0
  13429 C13430               0.5                       0
  13431 C13432       0.001873788                       0
  13432 C13433       0.001873788                       0
  13435 C13436       0.001873788                       0
  13436 C13437               0.5                       0
  13439 C13440               0.5                       0
  13440 C13441               0.5                       0
  13442 C13443       0.001873788                       0
  13443 C13444               0.5                       0
  13482 C13483               0.5                       0
  13515 C13516               0.5                       0
  13523 C13524               0.5                       0
  13526 C13527               0.5                       0
  13560 C13561               0.5                       0
  13567 C13568       0.001873788                       0
  13568 C13569               0.5                       0
  13571 C13572               0.5                       0
  13576 C13577               0.5                       0
  13577 C13578               0.5                       0
  13578 C13579               0.5                       0
  13579 C13580               0.5                       0
  13580 C13581        0.99079048                       0
  13581 C13582               0.5                       0
  13582 C13583               0.5                       0
  13583 C13584               0.5                       0
  13584 C13585        0.99812621                       0
  13585 C13586        0.99812621                       0
  13586 C13587               0.5                       0
  13593 C13594               0.5                       0
  13624 C13625               0.5                       0
  13628 C13629       0.001873788                       0
  13639 C13640               0.5                       0
  13665 C13666               0.5                       0
  13668 C13669               0.5                       0
  13669 C13670               0.5                       0
  13671 C13672               0.5                       0
  13672 C13673               0.5                       0
  13680 C13681               0.5                       0
  13682 C13683               0.5                       0
  13683 C13684               0.5                       0
  13708 C13709               0.5                       0
  13709 C13710               0.5                       0
  13710 C13711               0.5                       0
  13712 C13713        0.00920952                       0
  13713 C13714               0.5                       0
  13716 C13717       0.001873788                       0
  13717 C13718       0.001873788                       0
  13720 C13721               0.5                       0
  13723 C13724               0.5                       0
  13724 C13725               0.5                       0
  13727 C13728       0.001873788                       0
  13728 C13729               0.5                       0
  13751 C13752               0.5                       0
  13784 C13785               0.5                       0
  13791 C13792               0.5                       0
  13795 C13796               0.5                       0
  13806 C13807               0.5                       0
  13825 C13826               0.5                       0
  13828 C13829       0.001873788                       0
  13836 C13837               0.5                       0
  13839 C13840               0.5                       0
  13843 C13844               0.5                       0
  13846 C13847               0.5                       0
  13847 C13848               0.5                       0
  13850 C13851               0.5                       0
  13867 C13868               0.5                       0
  13889 C13890               0.5                       0
  13900 C13901               0.5                       0
  13945 C13946               0.5                       0
  13978 C13979               0.5                       0
  13983 C13984               0.5                       0
  13984 C13985               0.5                       0
  13985 C13986               0.5                       0
  13986 C13987               0.5                       0
  13987 C13988               0.5                       0
  13988 C13989               0.5                       0
  13989 C13990               0.5                       0
  13990 C13991               0.5                       0
  13991 C13992        0.50187379                       0
  13992 C13993               0.5                       0
  13993 C13994               0.5                       0
  14055 C14056               0.5                       0
  14060 C14061               0.5                       0
  14062 C14063               0.5                       0
  14063 C14064               0.5                       0
  14066 C14067               0.5                       0
  14089 C14090               0.5                       0
  14100 C14101               0.5                       0
  14107 C14108               0.5                       0
  14111 C14112               0.5                       0
  14115 C14116               0.5                       0
  14117 C14118               0.5                       0
  14118 C14119               0.5                       0
  14122 C14123               0.5                       0
  14123 C14124        0.49625242                       0
  14168 C14169               0.5                       0
  14201 C14202               0.5                       0
  14208 C14209               0.5                       0
  14210 C14211               0.5                       0
  14211 C14212               0.5                       0
  14212 C14213               0.5                       0
  14248 C14249               0.5                       0
  14251 C14252               0.5                       0
  14252 C14253               0.5                       0
  14253 C14254               0.5                       0
  14255 C14256       0.001873788                       0
  14256 C14257               0.5                       0
  14257 C14258               0.5                       0
  14258 C14259               0.5                       0
  14259 C14260               0.5                       0
  14260 C14261               0.5                       0
  14261 C14262               0.5                       0
  14262 C14263               0.5                       0
  14263 C14264        0.99079048                       0
  14264 C14265               0.5                       0
  14265 C14266               0.5                       0
  14266 C14267               0.5                       0
  14267 C14268               0.5                       0
  14268 C14269               0.5                       0
  14269 C14270               0.5                       0
  14270 C14271               0.5                       0
  14271 C14272        0.99079048                       0
  14272 C14273        0.52216662                       0
  14273 C14274        0.99079048                       0
  14274 C14275               0.5                       0
  14275 C14276        0.52216662                       0
  14276 C14277               0.5                       0
  14277 C14278               0.5                       0
  14278 C14279               0.5                       0
  14279 C14280               0.5                       0
  14280 C14281               0.5                       0
  14281 C14282               0.5                       0
  14282 C14283               0.5                       0
  14283 C14284        0.99079048                       0
  14284 C14285        0.99812621                       0
  14285 C14286               0.5                       0
  14286 C14287        0.99812621                       0
  14287 C14288        0.99812621                       0
  14288 C14289               0.5                       0
  14289 C14290        0.99812621                       0
  14290 C14291               0.5                       0
  14291 C14292               0.5                       0
  14292 C14293               0.5                       0
  14293 C14294               0.5                       0
  14296 C14297                 1                       0
  14304 C14305                 1                       0
  14308 C14309                 1                       0
  14317 C14318                 1                       0
  14325 C14326                 1                       0
  14334 C14335                 1                       0
  14339 C14340                 1                       0
  14346 C14347                 1                       0
  14355 C14356                 1                       0
  14363 C14364                 1                       0
  14366 C14367                 1                       0
  14371 C14372                 1                       0
  14380 C14381                 1                       0
  14390 C14391                 1                       0
  14396 C14397        0.50200196                       0
  14397 C14398        0.49799804                       0
  14403 C14404                 1                       0
  14411 C14412                 1                       0
  14417 C14418        0.50200196                       0
  14418 C14419        0.49799804                       0
  14422 C14423        0.34588152                       0
  14426 C14427        0.65411848                       0
  14433 C14434                 1                       0
  14437 C14438        0.23824787                       0
  14440 C14441        0.76175213                       0
  14447 C14448                 1                       0
  14450 C14451                 1                       0
  14457 C14458                 1                       0
  14467 C14468                 1                       0
  14473 C14474                 1                       0
  14482 C14483                 1                       0
  14485 C14486        0.34588152                       0
  14489 C14490        0.65411848                       0
  14496 C14497                 1                       0
  14501 C14502        0.93380192                       0
  14503 C14504       0.066198076                       0
  14507 C14508        0.23824787                       0
  14510 C14511        0.76175213                       0
  14515 C14516        0.93380192                       0
  14517 C14518       0.066198076                       0
  14524 C14525                 1                       0
  14531 C14532                 1                       0
  14537 C14538                 1                       0
  14545 C14546                 1                       0
