Stopped on time (no integer solution - continuous used) - objective value 87802.73259438
      0 C0001         0.22177608                       0
      1 C0002         0.11472982                       0
      2 C0003        0.012811929                       0
     18 C0019         0.21605962                       0
     21 C0022        0.031152962                       0
     22 C0023        0.059687204                       0
     23 C0024        0.075078249                       0
     24 C0025         0.01170702                       0
     41 C0042         0.02909335                       0
     51 C0052     -1.4171931e-07                       0
     52 C0053      1.4171931e-07                       0
     56 C0057        0.032993262                       0
     57 C0058        0.075078249                       0
     60 C0061        0.004623653                       0
     77 C0078        0.004623653                       0
     85 C0086      1.4171931e-07                       0
     86 C0087     -1.4171931e-07                       0
    108 C0109        0.014437285                       0
    125 C0126        0.031152962                       0
    129 C0130        0.016720822                       0
    165 C0166       0.0074735161                       0
    181 C0182         0.04080037                       0
    211 C0212       0.0068552047                       0
    212 C0213       0.0056673108                       0
    213 C0214        0.020312738                       0
    215 C0216         0.07565391                       0
    217 C0218        0.054190519                       0
    218 C0219        0.011389322                       0
    219 C0220       0.0025416276                       0
    226 C0227     -6.3773689e-07                       0
    227 C0228       0.0068552047                       0
    228 C0229       0.0068552047                       0
    233 C0234        0.054190519                       0
    234 C0235        0.010526525                       0
    236 C0237       0.0006530426                       0
    237 C0238      0.00016717511                       0
    238 C0239      6.1222744e-05                       0
    240 C0241      2.9205837e-06                       0
    241 C0242      2.8788628e-07                       0
    242 C0243      6.3773689e-07                       0
    244 C0245        0.014898303                       0
    247 C0248         0.10968327                       0
    248 C0249         0.21936655                       0
    254 C0255      6.1222744e-05                       0
    257 C0258      2.8788628e-07                       0
    276 C0277        0.054841637                       0
    283 C0284      0.00016717511                       0
    286 C0287      2.9205837e-06                       0
    287 C0288      2.8788628e-07                       0
    288 C0289      6.3773689e-07                       0
    302 C0303      2.8788628e-07                       0
    313 C0314       0.0006530426                       0
    318 C0319     -5.7577256e-07                       0
    323 C0324        0.054841637                       0
    328 C0329       0.0016080625                       0
    332 C0333      1.3531931e-05                       0
    341 C0342         0.21936655                       0
    348 C0349      1.3531931e-05                       0
    372 C0373        0.034029365                       0
    386 C0387          0.0345289                       0
    399 C0400      6.3773689e-07                       0
    401 C0402        0.075922051                       0
    403 C0404         0.10332106                       0
    404 C0405         0.08869801                       0
    407 C0408        0.025003617                       0
    421 C0422        0.026784045                       0
    422 C0423         0.10652249                       0
    423 C0424         0.10423987                       0
    432 C0433      1.4171908e-07                       0
    433 C0434     -1.4171931e-07                       0
    451 C0452        0.075922051                       0
    452 C0453         0.01534885                       0
    488 C0489        0.016341895                       0
    504 C0505        0.014376927                       0
    567 C0568        0.075922051                       0
    574 C0575        0.025003617                       0
    582 C0583     -1.4171931e-07                       0
    583 C0584      1.4171931e-07                       0
    586 C0587         0.01534885                       0
    588 C0589         0.23124462                       0
    601 C0602       0.0030715188                       0
    602 C0603       0.0061430375                       0
    603 C0604        0.012286075                       0
    605 C0606          0.0491443                       0
    606 C0607        0.098288601                       0
    608 C0609         0.08452551                       0
    610 C0611       0.0039182556                       0
    611 C0612       0.0010724145                       0
    616 C0617      7.0859655e-07                       0
    617 C0618       0.0030715188                       0
    619 C0620       0.0092145563                       0
    620 C0621         0.02457215                       0
    627 C0628       0.0010724145                       0
    629 C0630      4.9798113e-05                       0
    636 C0637         0.02457215                       0
    645 C0646      4.9798113e-05                       0
    646 C0647      1.3087869e-05                       0
    648 C0649      1.1337545e-06                       0
    657 C0658        0.021624862                       0
    658 C0659       0.0021824967                       0
    663 C0664      4.2159983e-06                       0
    682 C0683       0.0061430375                       0
    683 C0684       0.0030715188                       0
    686 C0687        0.098288601                       0
    687 C0688         0.19504176                       0
    694 C0695      1.3087869e-05                       0
    695 C0696      4.2159983e-06                       0
    696 C0697      1.1337545e-06                       0
    715 C0716          0.0491443                       0
    718 C0719         0.08452551                       0
    722 C0723      0.00018702779                       0
    732 C0733         0.19504176                       0
    734 C0735        0.021624862                       0
    753 C0754      5.6250173e-05                       0
    767 C0768       0.0017357589                       0
    769 C0770      0.00024327796                       0
    789 C0790     -7.0859655e-07                       0
    790 C0791         0.20872517                       0
    791 C0792        0.049015495                       0
    808 C0809         0.18729454                       0
    809 C0810        0.049015495                       0
    810 C0811         0.02143063                       0
    811 C0812         0.10105144                       0
    812 C0813       0.0034756144                       0
    814 C0815        0.029173831                       0
    815 C0816        0.061214388                       0
    817 C0818       0.0012754633                       0
    818 C0819       0.0014215382                       0
    819 C0820      0.00094233574                       0
    820 C0821      0.00020659827                       0
    822 C0823      3.9598734e-06                       0
    825 C0826       3.597744e-08                       0
    828 C0829        0.010324359                       0
    837 C0838      0.00020659827                       0
    838 C0839      2.2986766e-05                       0
    841 C0842      3.4645952e-07                       0
    851 C0852        0.012421658                       0
    858 C0859      6.8236063e-06                       0
    860 C0861       7.794562e-07                       0
    869 C0870        0.012421658                       0
    870 C0871       0.0012754633                       0
    877 C0878      3.4645952e-07                       0
    883 C0884       0.0065543058                       0
    885 C0886        0.029173831                       0
    886 C0887         0.04315876                       0
    889 C0890       0.0014215382                       0
    892 C0893      2.2986766e-05                       0
    895 C0896      3.4645952e-07                       0
    902 C0903        0.014167097                       0
    908 C0909      0.00094233574                       0
    929 C0930      3.9598734e-06                       0
    931 C0932     -6.9291904e-07                       0
    932 C0933     -8.1543364e-07                       0
    955 C0956        0.014167097                       0
    957 C0958        0.018055629                       0
    970 C0971          0.1113758                       0
    971 C0972         0.01002992                       0
    983 C0984      3.4645952e-07                       0
   1002 C1003        0.069498756                       0
   1003 C1004        0.046781594                       0
   1004 C1005        0.061852594                       0
   1012 C1013        0.005765554                       0
   1015 C1016      0.00011408191                       0
   1020 C1021        0.069498756                       0
   1030 C1031       0.0038560426                       0
   1031 C1032      0.00095475571                       0
   1044 C1045        0.037888093                       0
   1048 C1049      0.00095475571                       0
   1049 C1050      0.00043818525                       0
   1053 C1054     -1.4171931e-07                       0
   1056 C1057        0.097978318                       0
   1058 C1059        0.039408979                       0
   1063 C1064         0.01737033                       0
   1078 C1079         0.12622095                       0
   1079 C1080        0.065617509                       0
   1081 C1082        0.024931264                       0
   1082 C1083        0.017788714                       0
   1085 C1086      0.00043818525                       0
   1087 C1088      1.1835318e-05                       0
   1090 C1091      2.8343862e-07                       0
   1093 C1094        0.016312846                       0
   1107 C1108      8.9384929e-07                       0
   1108 C1109      1.4171931e-07                       0
   1111 C1112        0.039408979                       0
   1116 C1117       0.0075609342                       0
   1121 C1122      9.0411276e-05                       0
   1122 C1123      1.1835318e-05                       0
   1123 C1124      1.1386362e-05                       0
   1125 C1126     -1.4171931e-07                       0
   1165 C1166        0.050444765                       0
   1181 C1182         0.02629648                       0
   1183 C1184        0.085971829                       0
   1184 C1185        0.017533773                       0
   1186 C1187        0.017788714                       0
   1193 C1194      1.0355686e-06                       0
   1196 C1197        0.051196724                       0
   1219 C1220       0.0070161809                       0
   1220 C1221         0.01065197                       0
   1226 C1227      2.0738571e-05                       0
   1228 C1229     -4.9492236e-07                       0
   1229 C1230      5.6687724e-07                       0
   1231 C1232         0.12982796                       0
   1236 C1237       0.0070161809                       0
   1240 C1241      0.00051259861                       0
   1242 C1243       2.219616e-06                       0
   1244 C1245      1.8403688e-06                       0
   1246 C1247      2.4746118e-07                       0
   1248 C1249       0.0030715188                       0
   1252 C1253        0.045157633                       0
   1262 C1263      2.4746118e-07                       0
   1275 C1276      7.4754675e-05                       0
   1279 C1280      2.4746118e-07                       0
   1284 C1285        0.068125109                       0
   1289 C1290       0.0042099067                       0
   1291 C1292      0.00051259861                       0
   1292 C1293      7.4754675e-05                       0
   1295 C1296       1.840369e-06                       0
   1296 C1297      2.4746118e-07                       0
   1298 C1299       0.0030715188                       0
   1300 C1301        0.080451068                       0
   1301 C1302         0.01442904                       0
   1302 C1303        0.015258302                       0
   1310 C1311       2.219616e-06                       0
   1322 C1323       0.0042099067                       0
   1327 C1328      2.0738571e-05                       0
   1329 C1330      2.4746118e-07                       0
   1366 C1367        0.082554149                       0
   1367 C1368        0.015258302                       0
   1368 C1369        0.093455982                       0
   1385 C1386        0.013969405                       0
   1397 C1398       0.0030715188                       0
   1398 C1399         0.12675644                       0
   1399 C1400         0.27121311                       0
   1413 C1414     -8.1433842e-07                       0
   1431 C1432        0.027147088                       0
   1432 C1433         0.14301008                       0
   1433 C1434        0.060730754                       0
   1434 C1435          0.0632434                       0
   1441 C1442      0.00052545761                       0
   1443 C1444      1.7007288e-05                       0
   1445 C1446      3.6575654e-06                       0
   1449 C1450        0.017379261                       0
   1460 C1461      1.7007288e-05                       0
   1463 C1464      3.8172992e-07                       0
   1465 C1466        0.013573544                       0
   1468 C1469        0.060730754                       0
   1481 C1482      3.8172992e-07                       0
   1492 C1493       0.0014233057                       0
   1499 C1500      3.8172992e-07                       0
   1505 C1506        0.036094966                       0
   1510 C1511       0.0014233057                       0
   1515 C1516      1.9886797e-06                       0
   1516 C1517      3.6575654e-06                       0
   1542 C1543        0.033778169                       0
   1578 C1579        0.019087336                       0
   1596 C1597        0.013043278                       0
   1597 C1598        0.001647555                       0
   1598 C1599       0.0065902199                       0
   1601 C1602      0.00052545761                       0
   1604 C1605      1.9886797e-06                       0
   1606 C1607     -3.8172992e-07                       0
   1608 C1609        0.013573544                       0
   1609 C1610         0.36079564                       0
   1610 C1611         0.12563082                       0
   1628 C1629        0.046297118                       0
   1631 C1632        0.030961012                       0
   1632 C1633        0.026383041                       0
   1638 C1639      4.0820982e-05                       0
   1644 C1645        0.085109187                       0
   1650 C1651       0.0079881658                       0
   1653 C1654      0.00033006533                       0
   1665 C1666        0.073320384                       0
   1673 C1674      2.0593001e-05                       0
   1680 C1681         0.19967221                       0
   1681 C1682        0.020754633                       0
   1690 C1691      2.0593001e-05                       0
   1702 C1703       0.0052033549                       0
   1703 C1704       0.0014140011                       0
   1709 C1710      1.2794585e-06                       0
   1713 C1714        0.046297118                       0
   1715 C1716        0.009797177                       0
   1719 C1720       0.0052033549                       0
   1720 C1721       0.0014140011                       0
   1721 C1722      0.00033006533                       0
   1735 C1736       0.0079881658                       0
   1745 C1746        0.060637371                       0
   1748 C1749         0.19967221                       0
   1757 C1758      4.0820982e-05                       0
   1760 C1761      1.2794585e-06                       0
   1761 C1762      9.5715296e-07                       0
   1762 C1763        0.060637371                       0
   1763 C1764        0.085109187                       0
   1782 C1783        0.025355423                       0
   1826 C1827     -9.5715296e-07                       0
   1827 C1828       0.0057164587                       0
   1828 C1829         0.39365918                       0
   1829 C1830         0.43462256                       0
   1830 C1831         0.37231663                       0
   1831 C1832         0.26519888                       0
   1832 C1833         0.11504238                       0
   1833 C1834        0.033441644                       0
   1834 C1835       0.0092473061                       0
   1848 C1849        0.012256657                       0
   1849 C1850        0.091628345                       0
   1850 C1851        0.033441644                       0
   1851 C1852       0.0092473061                       0
   1861 C1862         0.12754175                       0
   1862 C1863        0.012811929                       0
   1864 C1865         0.10711775                       0
   1866 C1867        0.056855683                       0
   1867 C1868        0.033441644                       0
   1868 C1869       0.0092473061                       0
   1877 C1878     -2.8343862e-07                       0
   1879 C1880        0.041131228                       0
   1882 C1883        0.024194338                       0
   1893 C1894        0.012811929                       0
   1895 C1896         0.10711775                       0
   1897 C1898         0.40629347                       0
   1898 C1899         0.72321954                       0
   1899 C1900         0.91677425                       0
   1900 C1901                  1                       0
   1901 C1902                  1                       0
   1902 C1903                  1                       0
   1903 C1904                  1                       0
   1904 C1905                  1                       0
   1905 C1906                  1                       0
   1906 C1907                  1                       0
   1907 C1908                  1                       0
   1908 C1909          1.0000003                       0
   1909 C1910          0.5621643                       0
   1910 C1911         0.44743449                       0
   1911 C1912         0.43462256                       0
   1912 C1913         0.37231663                       0
   1913 C1914         0.26519888                       0
   1914 C1915         0.11504238                       0
   1915 C1916        0.033441644                       0
   1916 C1917       0.0092473061                       0
   1926 C1927       0.0061430375                       0
   1930 C1931        0.033441644                       0
   1931 C1932       0.0092473061                       0
   1944 C1945          0.1501565                       0
   1947 C1948       0.0092473061                       0
   1957 C1958         0.11472982                       0
   1962 C1963         0.11504238                       0
   1963 C1964        0.033441644                       0
   1964 C1965       0.0092473061                       0
   1974 C1975         0.18984767                       0
   1975 C1976        0.075117852                       0
   1976 C1977        0.062305923                       0
   1978 C1979         0.25025185                       0
   1979 C1980         0.10009535                       0
   1980 C1981        0.018494612                       0
   1981 C1982       0.0092473061                       0
   1991 C1992        0.045352691                       0
   1992 C1993        0.062305923                       0
   2008 C2009        0.012811929                       0
   2011 C2012        0.056937229                       0
   2013 C2014        0.033441644                       0
   2014 C2015       0.0092473061                       0
   2027 C2028         0.06805873                       0
   2031 C2032      0.00086279662                       0
   2032 C2033       0.0017963617                       0
   2033 C2034       0.0004902765                       0
   2034 C2035      0.00015592629                       0
   2035 C2036      3.3480803e-05                       0
   2036 C2037        6.41694e-06                       0
   2037 C2038      5.7577256e-07                       0
   2039 C2040        0.013710409                       0
   2055 C2056       0.0023757876                       0
   2069 C2070         0.98628959                       0
   2070 C2071         0.95886877                       0
   2071 C2072         0.90402713                       0
   2072 C2073         0.79434386                       0
   2073 C2074         0.57497731                       0
   2074 C2075         0.13624421                       0
   2075 C2076        0.027863175                       0
   2076 C2077       0.0059473273                       0
   2077 C2078       0.0017976372                       0
   2078 C2079      0.00049155198                       0
   2079 C2080      0.00015720176                       0
   2080 C2081      3.4756277e-05                       0
   2081 C2082      7.6924138e-06                       0
   2082 C2083      1.8512463e-06                       0
   2083 C2084      1.2754738e-06                       0
   2116 C2117        0.043001263                       0
   2121 C2122       0.0041496901                       0
   2124 C2125      0.00015707784                       0
   2125 C2126      3.4632348e-05                       0
   2126 C2127      7.5684851e-06                       0
   2127 C2128      1.7273177e-06                       0
   2136 C2137      0.00093356508                       0
   2139 C2140      0.00012244549                       0
   2147 C2148         0.13759741                       0
   2148 C2149        0.086488504                       0
   2149 C2150         0.74923285                       0
   2150 C2151         0.91641175                       0
   2151 C2152         0.97621324                       0
   2152 C2153         0.99150592                       0
   2153 C2154         0.99803634                       0
   2154 C2155         0.99894471                       0
   2155 C2156         0.99980183                       0
   2156 C2157         0.99996421                       0
   2157 C2158         0.99999342                       0
   2158 C2159         0.99999745                       0
   2164 C2165        0.086662814                       0
   2165 C2166        0.027863175                       0
   2166 C2167       0.0059473273                       0
   2167 C2168       0.0017976372                       0
   2168 C2169      0.00049155198                       0
   2169 C2170      0.00015720176                       0
   2170 C2171      3.4756277e-05                       0
   2171 C2172      7.6924138e-06                       0
   2172 C2173      1.8512463e-06                       0
   2173 C2174      1.2754738e-06                       0
   2182 C2183       0.0013060852                       0
   2184 C2185      0.00014950935                       0
   2185 C2186      2.7063863e-05                       0
   2190 C2191         0.03875544                       0
   2191 C2192        0.052971603                       0
   2193 C2194         0.33853419                       0
   2194 C2195        0.027860128                       0
   2195 C2196        0.027861899                       0
   2196 C2197       0.0059460518                       0
   2197 C2198       0.0017963617                       0
   2198 C2199       0.0004902765                       0
   2199 C2200      0.00015592629                       0
   2200 C2201      3.3480803e-05                       0
   2201 C2202        6.41694e-06                       0
   2202 C2203      5.7577256e-07                       0
   2205 C2206        0.063049693                       0
   2206 C2207        0.032351993                       0
   2207 C2208         0.16933066                       0
   2221 C2222          0.0306977                       0
   2225 C2226        0.092145563                       0
   2226 C2227         0.59994214                       0
   2227 C2228                  1                       0
   2228 C2229                  1                       0
   2229 C2230                  1                       0
   2230 C2231                  1                       0
   2231 C2232                  1                       0
   2232 C2233                  1                       0
   2233 C2234                  1                       0
   2234 C2235                  1                       0
   2235 C2236          1.0000003                       0
   2239 C2240         0.17298451                       0
   2241 C2242        0.087593253                       0
   2242 C2243        0.050007233                       0
   2256 C2257         0.17058899                       0
   2257 C2258        0.050007233                       0
   2267 C2268         0.92407795                       0
   2268 C2269         0.77223385                       0
   2269 C2270         0.74153615                       0
   2270 C2271         0.63821509                       0
   2271 C2272         0.29148841                       0
   2272 C2273         0.17058899                       0
   2273 C2274        0.050007233                       0
   2285 C2286          0.1227908                       0
   2286 C2287        0.019469742                       0
   2287 C2288         0.25880462                       0
   2288 C2289         0.13790521                       0
   2289 C2290        0.050007233                       0
   2302 C2303        0.092145563                       0
   2315 C2316         0.13401876                       0
   2316 C2317         0.10332106                       0
   2318 C2319         0.12089942                       0
   2320 C2321        0.050007233                       0
   2335 C2336         0.17058899                       0
   2336 C2337        0.050007233                       0
   2350 C2351         0.12089942                       0
   2352 C2353        0.050007233                       0
   2362 C2363        0.075922051                       0
   2377 C2378     -2.8343862e-07                       0
   2382 C2383         0.11576257                       0
   2383 C2384         0.17058899                       0
   2384 C2385        0.050007233                       0
   2405 C2406      9.9596227e-05                       0
   2408 C2409      8.5031586e-07                       0
   2446 C2447       0.0056163467                       0
   2447 C2448       0.0056163467                       0
   2448 C2449        0.002144829                       0
   2451 C2452      2.6175739e-05                       0
   2470 C2471        0.018429113                       0
   2484 C2485         0.99385696                       0
   2485 C2486         0.98157089                       0
   2486 C2487         0.95699874                       0
   2487 C2488         0.90785444                       0
   2488 C2489         0.80956584                       0
   2489 C2490         0.61298863                       0
   2490 C2491         0.22290511                       0
   2491 C2492        0.053854092                       0
   2492 C2493        0.010604368                       0
   2493 C2494       0.0027678564                       0
   2494 C2495      0.00062302739                       0
   2495 C2496      0.00013647147                       0
   2496 C2497      3.6875244e-05                       0
   2497 C2498      1.0699505e-05                       0
   2498 C2499       2.267509e-06                       0
   2501 C2502        0.043001263                       0
   2509 C2510      0.00021209657                       0
   2510 C2511      9.9596227e-05                       0
   2512 C2513      8.4332071e-06                       0
   2514 C2515       0.0061430375                       0
   2517 C2518        0.043001263                       0
   2518 C2519         0.19043416                       0
   2524 C2525      0.00053070821                       0
   2525 C2526      4.4152292e-05                       0
   2528 C2529       2.267509e-06                       0
   2532 C2533          0.0491443                       0
   2535 C2536         0.55419204                       0
   2536 C2537         0.88667774                       0
   2537 C2538         0.96881219                       0
   2538 C2539         0.99232173                       0
   2539 C2540         0.99801341                       0
   2540 C2541         0.99948598                       0
   2541 C2542         0.99987617                       0
   2542 C2543         0.99997244                       0
   2543 C2544         0.99999461                       0
   2552 C2553       0.0043649934                       0
   2556 C2557      2.6175739e-05                       0
   2564 C2565         0.38701137                       0
   2565 C2566         0.22290285                       0
   2566 C2567        0.053851824                       0
   2567 C2568          0.0106021                       0
   2568 C2569       0.0027655889                       0
   2569 C2570      0.00062075988                       0
   2570 C2571      0.00013420396                       0
   2571 C2572      3.4607736e-05                       0
   2572 C2573      8.4319971e-06                       0
   2574 C2575         0.02143063                       0
   2575 C2576         0.02143063                       0
   2577 C2578         0.02005984                       0
   2581 C2582        0.032535188                       0
   2582 C2583       0.0076918712                       0
   2583 C2584       0.0051409445                       0
   2584 C2585        0.002297868                       0
   2585 C2586      0.00041319653                       0
   2587 C2588      1.5436272e-05                       0
   2588 C2589      7.5165254e-06                       0
   2589 C2590      6.9291904e-07                       0
   2593 C2594         0.03375733                       0
   2594 C2595        0.013108612                       0
   2607 C2608      -7.195488e-08                       0
   2608 C2609         0.13968154                       0
   2609 C2610         0.42975881                       0
   2610 C2611         0.40832818                       0
   2611 C2612         0.20622529                       0
   2612 C2613         0.18616545                       0
   2613 C2614         0.15783125                       0
   2614 C2615         0.14727209                       0
   2615 C2616        0.024843317                       0
   2628 C2629         0.13990701                       0
   2629 C2630        0.081559352                       0
   2630 C2631         0.76255337                       0
   2631 C2632         0.95874898                       0
   2632 C2633         0.97121146                       0
   2633 C2634         0.98781075                       0
   2634 C2635         0.99723411                       0
   2635 C2636         0.99971329                       0
   2636 C2637         0.99992772                       0
   2637 C2638         0.99995258                       0
   2638 C2639         0.99999352                       0
   2639 C2640         0.99999844                       0
   2640 C2641         0.02143063                       0
   2642 C2643         0.10877761                       0
   2643 C2644         0.08871777                       0
   2644 C2645        0.062147531                       0
   2645 C2646       0.0037998703                       0
   2656 C2657        0.098030991                       0
   2659 C2660       0.0069512288                       0
   2662 C2663        0.060954574                       0
   2663 C2664        0.024843317                       0
   2674 C2675        0.018429113                       0
   2677 C2678         0.12242878                       0
   2679 C2680       0.0025509267                       0
   2681 C2682      0.00045917007                       0
   2682 C2683      0.00045917007                       0
   2683 C2684      4.5973533e-05                       0
   2689 C2690        0.033042925                       0
   2690 C2691         0.21902369                       0
   2691 C2692         0.24170233                       0
   2692 C2693         0.21336813                       0
   2693 C2694         0.15502047                       0
   2694 C2695        0.032591695                       0
   2695 C2696        0.007748378                       0
   2696 C2697       0.0051974513                       0
   2697 C2698       0.0023543748                       0
   2698 C2699       0.0004697033                       0
   2699 C2700      5.6506764e-05                       0
   2700 C2701      1.0533231e-05                       0
   2701 C2702      1.0533231e-05                       0
   2702 C2703      3.7096244e-06                       0
   2703 C2704      1.6308673e-06                       0
   2704 C2705        0.018124656                       0
   2706 C2707        0.040352893                       0
   2707 C2708         0.12559771                       0
   2708 C2709         0.24170723                       0
   2709 C2710         0.21337303                       0
   2710 C2711         0.15502537                       0
   2711 C2712        0.032596598                       0
   2712 C2713        0.007753281                       0
   2713 C2714       0.0052023543                       0
   2714 C2715       0.0023592778                       0
   2715 C2716      0.00047460634                       0
   2716 C2717      6.1409805e-05                       0
   2717 C2718      1.5436272e-05                       0
   2718 C2719      7.5165254e-06                       0
   2719 C2720      6.9291904e-07                       0
   2721 C2722         0.11875188                       0
   2722 C2723         0.02143063                       0
   2724 C2725         0.02005984                       0
   2727 C2728         0.11891412                       0
   2728 C2729        0.032596598                       0
   2729 C2730        0.007753281                       0
   2730 C2731       0.0052023543                       0
   2731 C2732       0.0023592778                       0
   2732 C2733      0.00047460634                       0
   2733 C2734      6.1409805e-05                       0
   2734 C2735      1.5436272e-05                       0
   2735 C2736      7.5165254e-06                       0
   2736 C2737      6.9291904e-07                       0
   2744 C2745        0.024843317                       0
   2746 C2747       0.0028430765                       0
   2751 C2752      6.8236063e-06                       0
   2754 C2755          0.6039803                       0
   2755 C2756          0.5059493                       0
   2756 C2757         0.48451868                       0
   2757 C2758         0.26176707                       0
   2758 C2759         0.24170723                       0
   2759 C2760         0.21337303                       0
   2760 C2761         0.15502537                       0
   2761 C2762        0.032596598                       0
   2762 C2763        0.007753281                       0
   2763 C2764       0.0052023543                       0
   2764 C2765       0.0023592778                       0
   2765 C2766      0.00047460634                       0
   2766 C2767      6.1409805e-05                       0
   2767 C2768      1.5436272e-05                       0
   2768 C2769      7.5165254e-06                       0
   2769 C2770      6.9291904e-07                       0
   2773 C2774        0.078817957                       0
   2776 C2777         0.29245116                       0
   2777 C2778         0.14086182                       0
   2778 C2779        0.085439957                       0
   2779 C2780        0.035577429                       0
   2781 C2782       0.0019095114                       0
   2784 C2785      2.3670635e-05                       0
   2786 C2787      2.0711372e-06                       0
   2787 C2788      2.8343862e-07                       0
   2789 C2790         0.07816544                       0
   2791 C2792         0.02629648                       0
   2794 C2795         0.10528439                       0
   2795 C2796        0.049862528                       0
   2804 C2805      2.8343862e-07                       0
   2812 C2813        0.049862528                       0
   2821 C2822      2.8343862e-07                       0
   2826 C2827        0.070543734                       0
   2827 C2828        0.015121868                       0
   2829 C2830        0.011531108                       0
   2830 C2831       0.0019095114                       0
   2833 C2834      2.3670635e-05                       0
   2835 C2836      2.0711372e-06                       0
   2836 C2837      2.8343862e-07                       0
   2837 C2838        0.027969083                       0
   2841 C2842        0.075776186                       0
   2842 C2843        0.055421866                       0
   2852 C2853     -2.8343862e-07                       0
   2853 C2854        0.045434324                       0
   2854 C2855        0.045539748                       0
   2859 C2860         0.10528439                       0
   2860 C2861        0.049862528                       0
   2874 C2875        0.034563744                       0
   2875 C2876         0.36052187                       0
   2876 C2877         0.77454396                       0
   2877 C2878             0.9409                       0
   2878 C2879         0.98709847                       0
   2879 C2880         0.99664602                       0
   2880 C2881         0.99904697                       0
   2881 C2882          0.9998176                       0
   2882 C2883         0.99994824                       0
   2883 C2884         0.99998757                       0
   2884 C2885         0.99999773                       0
   2887 C2888         0.28897535                       0
   2888 C2889         0.34156831                       0
   2889 C2890         0.16490259                       0
   2890 C2891         0.15048342                       0
   2891 C2892        0.095061553                       0
   2892 C2893        0.045199025                       0
   2893 C2894       0.0096215966                       0
   2896 C2897      0.00022816382                       0
   2897 C2898      2.3670635e-05                       0
   2899 C2900      2.0711372e-06                       0
   2900 C2901      2.8343862e-07                       0
   2901 C2902         0.86100249                       0
   2902 C2903         0.66504585                       0
   2903 C2904         0.58688041                       0
   2904 C2905         0.50806246                       0
   2905 C2906         0.48176598                       0
   2906 C2907         0.30510026                       0
   2907 C2908         0.15351092                       0
   2908 C2909        0.098089056                       0
   2909 C2910        0.048226528                       0
   2910 C2911          0.0126491                       0
   2911 C2912       0.0030275032                       0
   2912 C2913       0.0011179918                       0
   2913 C2914      0.00024162132                       0
   2914 C2915      3.7128135e-05                       0
   2915 C2916      1.3457499e-05                       0
   2916 C2917      2.0711372e-06                       0
   2917 C2918      2.8343862e-07                       0
   2919 C2920         0.18327988                       0
   2920 C2921         0.10511444                       0
   2921 C2922         0.02629648                       0
   2924 C2925         0.15351092                       0
   2925 C2926        0.098089056                       0
   2926 C2927        0.048226528                       0
   2927 C2928          0.0126491                       0
   2928 C2929       0.0030275032                       0
   2929 C2930       0.0011179918                       0
   2930 C2931      0.00024162132                       0
   2931 C2932      3.7128135e-05                       0
   2932 C2933      1.3457499e-05                       0
   2933 C2934      2.0711372e-06                       0
   2934 C2935      2.8343862e-07                       0
   2936 C2937         0.22918719                       0
   2937 C2938         0.15036924                       0
   2938 C2939         0.17666572                       0
   2940 C2941        0.020354321                       0
   2948 C2949      1.1386362e-05                       0
   2950 C2951      2.8343862e-07                       0
   2951 C2952        0.093563188                       0
   2956 C2957          0.1617698                       0
   2957 C2958        0.010180463                       0
   2958 C2959        0.098089056                       0
   2959 C2960        0.048226528                       0
   2960 C2961          0.0126491                       0
   2961 C2962       0.0030275032                       0
   2962 C2963       0.0011179918                       0
   2963 C2964      0.00024162132                       0
   2964 C2965      3.7128135e-05                       0
   2965 C2966      1.3457499e-05                       0
   2966 C2967      2.0711372e-06                       0
   2967 C2968      2.8343862e-07                       0
   2969 C2970         0.12461976                       0
   2970 C2971         0.39784301                       0
   2971 C2972         0.48738031                       0
   2972 C2973          0.4568637                       0
   2973 C2974         0.81351516                       0
   2974 C2975         0.83586069                       0
   2975 C2976         0.94238039                       0
   2976 C2977         0.99289927                       0
   2977 C2978         0.99289927                       0
   2978 C2979         0.99905046                       0
   2979 C2980           0.999798                       0
   2980 C2981         0.99981576                       0
   2981 C2982         0.99997799                       0
   2982 C2983          0.9999959                       0
   2983 C2984         0.99999887                       0
   2988 C2989         0.15258302                       0
   2999 C3000     -4.9492236e-07                       0
   3005 C3006        0.024684332                       0
   3006 C3007         0.01065197                       0
   3018 C3019        0.081574898                       0
   3019 C3020        0.051058294                       0
   3020 C3021        0.034129343                       0
   3021 C3022        0.020096981                       0
   3022 C3023       0.0094450105                       0
   3023 C3024       0.0010251972                       0
   3024 C3025       0.0010251972                       0
   3028 C3029       3.680738e-06                       0
   3033 C3034         0.02885808                       0
   3037 C3038         0.01065197                       0
   3052 C3053        0.024684332                       0
   3053 C3054         0.01065197                       0
   3068 C3069         0.01065197                       0
   3078 C3079         0.99385696                       0
   3079 C3080         0.73420104                       0
   3080 C3081         0.38253687                       0
   3081 C3082         0.21742857                       0
   3082 C3083         0.18691196                       0
   3083 C3084        0.034328944                       0
   3084 C3085        0.020296582                       0
   3085 C3086       0.0096446119                       0
   3086 C3087       0.0012247986                       0
   3087 C3088       0.0012247986                       0
   3088 C3089      0.00019960138                       0
   3089 C3090      5.0092035e-05                       0
   3090 C3091      4.5652803e-05                       0
   3091 C3092      4.1756603e-06                       0
   3092 C3093      4.9492236e-07                       0
   3099 C3100        0.034328944                       0
   3100 C3101        0.020296582                       0
   3101 C3102       0.0096446119                       0
   3102 C3103       0.0012247986                       0
   3103 C3104       0.0012247986                       0
   3104 C3105      0.00019960138                       0
   3105 C3106      5.0092035e-05                       0
   3106 C3107      4.5652803e-05                       0
   3107 C3108      4.1756603e-06                       0
   3108 C3109      4.9492236e-07                       0
   3111 C3112         0.14117919                       0
   3115 C3116        0.034328944                       0
   3116 C3117        0.020296582                       0
   3117 C3118       0.0096446119                       0
   3118 C3119       0.0012247986                       0
   3119 C3120       0.0012247986                       0
   3120 C3121      0.00019960138                       0
   3121 C3122      5.0092035e-05                       0
   3122 C3123      4.5652803e-05                       0
   3123 C3124      4.1756603e-06                       0
   3124 C3125      4.9492236e-07                       0
   3129 C3130        0.030516604                       0
   3132 C3133         0.02024649                       0
   3133 C3134       0.0095945199                       0
   3134 C3135       0.0011747066                       0
   3135 C3136       0.0011747066                       0
   3136 C3137      0.00014950935                       0
   3140 C3141      4.9492236e-07                       0
   3142 C3143       0.0061430375                       0
   3144 C3145         0.19076204                       0
   3145 C3146         0.18309962                       0
   3146 C3147         0.15258302                       0
   3148 C3149        0.020298211                       0
   3149 C3150       0.0096462406                       0
   3150 C3151       0.0012264273                       0
   3151 C3152       0.0012264273                       0
   3152 C3153      0.00020123006                       0
   3153 C3154      5.1720712e-05                       0
   3154 C3155      4.7281479e-05                       0
   3155 C3156      5.8043372e-06                       0
   3156 C3157      2.1235992e-06                       0
   3157 C3158      1.6286768e-06                       0
   3158 C3159         0.97285291                       0
   3159 C3160         0.58491019                       0
   3160 C3161         0.29889003                       0
   3161 C3162         0.17742852                       0
   3162 C3163        0.078090154                       0
   3163 C3164         0.02522465                       0
   3164 C3165        0.012181372                       0
   3165 C3166        0.010533817                       0
   3166 C3167       0.0039435972                       0
   3167 C3168       0.0010969857                       0
   3168 C3169       0.0010969857                       0
   3169 C3170      4.6070525e-05                       0
   3170 C3171      4.6070525e-05                       0
   3171 C3172       1.205595e-05                       0
   3172 C3173      8.0785907e-06                       0
   3173 C3174      7.6345985e-07                       0
   3178 C3179        0.038760348                       0
   3179 C3180        0.065908782                       0
   3180 C3181        0.013043278                       0
   3182 C3183       0.0065902199                       0
   3195 C3196        0.099338366                       0
   3197 C3198        0.021281053                       0
   3198 C3199       0.0082377748                       0
   3199 C3200       0.0065902199                       0
   3212 C3213        0.014690833                       0
   3213 C3214        0.001647555                       0
   3215 C3216       0.0039428338                       0
   3216 C3217       0.0010962223                       0
   3217 C3218       0.0010962223                       0
   3218 C3219      4.5307066e-05                       0
   3219 C3220      4.5307066e-05                       0
   3220 C3221       1.129249e-05                       0
   3221 C3222      7.3151309e-06                       0
   3225 C3226         0.12146151                       0
   3227 C3228        0.074146557                       0
   3228 C3229        0.021281053                       0
   3229 C3230       0.0082377748                       0
   3230 C3231       0.0065902199                       0
   3240 C3241        0.027147088                       0
   3244 C3245        0.052865504                       0
   3246 C3247       0.0082377748                       0
   3247 C3248       0.0065902199                       0
   3262 C3263       0.0065902199                       0
   3264 C3265       0.0010962223                       0
   3265 C3266       0.0010962223                       0
   3266 C3267      4.5307066e-05                       0
   3267 C3268      4.5307066e-05                       0
   3268 C3269       1.129249e-05                       0
   3269 C3270      7.3151309e-06                       0
   3276 C3277        0.014690833                       0
   3277 C3278        0.001647555                       0
   3279 C3280       0.0038975267                       0
   3280 C3281       0.0010509152                       0
   3281 C3282       0.0010509152                       0
   3289 C3290        0.081441265                       0
   3290 C3291         0.28075844                       0
   3291 C3292         0.15929693                       0
   3292 C3293        0.059958565                       0
   3293 C3294         0.02522465                       0
   3294 C3295        0.012181372                       0
   3295 C3296        0.010533817                       0
   3296 C3297       0.0039435972                       0
   3297 C3298       0.0010969857                       0
   3298 C3299       0.0010969857                       0
   3299 C3300      4.6070525e-05                       0
   3300 C3301      4.6070525e-05                       0
   3301 C3302       1.205595e-05                       0
   3302 C3303      8.0785907e-06                       0
   3303 C3304      7.6345985e-07                       0
   3308 C3309          0.1140292                       0
   3309 C3310        0.014690833                       0
   3311 C3312        0.012181372                       0
   3312 C3313        0.010533817                       0
   3313 C3314       0.0039435972                       0
   3314 C3315       0.0010969857                       0
   3315 C3316       0.0010969857                       0
   3316 C3317      4.6070525e-05                       0
   3317 C3318      4.6070525e-05                       0
   3318 C3319       1.205595e-05                       0
   3319 C3320      8.0785907e-06                       0
   3320 C3321      7.6345985e-07                       0
   3324 C3325         0.23371812                       0
   3325 C3326         0.57624945                       0
   3326 C3327           0.839339                       0
   3327 C3328         0.92326608                       0
   3328 C3329         0.92491363                       0
   3329 C3330         0.97638525                       0
   3330 C3331          0.9923687                       0
   3331 C3332          0.9923687                       0
   3332 C3333          0.9997251                       0
   3333 C3334          0.9997251                       0
   3334 C3335         0.99992919                       0
   3335 C3336         0.99995306                       0
   3336 C3337         0.99999695                       0
   3337 C3338                  1                       0
   3339 C3340         0.33364855                       0
   3340 C3341         0.29889003                       0
   3341 C3342         0.17742852                       0
   3342 C3343        0.078090154                       0
   3343 C3344         0.02522465                       0
   3344 C3345        0.012181372                       0
   3345 C3346        0.010533817                       0
   3346 C3347       0.0039435972                       0
   3347 C3348       0.0010969857                       0
   3348 C3349       0.0010969857                       0
   3349 C3350      4.6070525e-05                       0
   3350 C3351      4.6070525e-05                       0
   3351 C3352       1.205595e-05                       0
   3352 C3353      8.0785907e-06                       0
   3353 C3354      7.6345985e-07                       0
   3359 C3360        0.042359373                       0
   3361 C3362        0.026383041                       0
   3362 C3363         0.01040671                       0
   3376 C3377        0.026383041                       0
   3388 C3389        0.092594236                       0
   3390 C3391        0.055907233                       0
   3392 C3393        0.042359373                       0
   3393 C3394        0.015976332                       0
   3403 C3404        0.013710409                       0
   3405 C3406        0.014397967                       0
   3407 C3408        0.042359373                       0
   3408 C3409        0.015976332                       0
   3410 C3411       0.0035723337                       0
   3411 C3412      0.00074433154                       0
   3412 C3413      8.4200881e-05                       0
   3413 C3414      8.4200881e-05                       0
   3414 C3415       2.558917e-06                       0
   3415 C3416       2.558917e-06                       0
   3416 C3417       2.558917e-06                       0
   3419 C3420        0.092594236                       0
   3421 C3422         0.18521017                       0
   3422 C3423         0.12930294                       0
   3423 C3424        0.025021546                       0
   3424 C3425        0.015976332                       0
   3437 C3438         0.18295365                       0
   3438 C3439         0.14664077                       0
   3439 C3440        0.042359373                       0
   3440 C3441        0.015976332                       0
   3458 C3459      0.00074177262                       0
   3459 C3460      8.1641964e-05                       0
   3460 C3461      8.1641964e-05                       0
   3466 C3467        0.092594236                       0
   3469 C3470         0.29308402                       0
   3470 C3471         0.65237657                       0
   3471 C3472         0.78972347                       0
   3472 C3473         0.93351046                       0
   3473 C3474         0.98197167                       0
   3474 C3475         0.99536991                       0
   3475 C3476          0.9993307                       0
   3476 C3477          0.9993307                       0
   3477 C3478         0.99982055                       0
   3478 C3479         0.99998529                       0
   3479 C3480         0.99998529                       0
   3480 C3481         0.99999809                       0
   3483 C3484          0.2070429                       0
   3484 C3485         0.21656823                       0
   3485 C3486           0.160661                       0
   3486 C3487        0.056379602                       0
   3487 C3488        0.029996561                       0
   3488 C3489        0.014020229                       0
   3489 C3490       0.0036135197                       0
   3490 C3491      0.00078551754                       0
   3491 C3492      0.00012538688                       0
   3492 C3493      0.00012538688                       0
   3493 C3494      4.3744918e-05                       0
   3494 C3495       2.558917e-06                       0
   3495 C3496       2.558917e-06                       0
   3497 C3498        0.028771195                       0
   3499 C3500         0.17704445                       0
   3500 C3501        0.072487284                       0
   3501 C3502        0.067290897                       0
   3503 C3504        0.029996561                       0
   3504 C3505        0.014020229                       0
   3505 C3506       0.0036135197                       0
   3506 C3507      0.00078551754                       0
   3507 C3508      0.00012538688                       0
   3508 C3509      0.00012538688                       0
   3509 C3510      4.3744918e-05                       0
   3510 C3511       2.558917e-06                       0
   3511 C3512       2.558917e-06                       0
   3513 C3514         0.87872526                       0
   3514 C3515         0.70850688                       0
   3515 C3516         0.61591265                       0
   3516 C3517         0.21656823                       0
   3517 C3518           0.160661                       0
   3518 C3519        0.056379602                       0
   3519 C3520        0.029996561                       0
   3520 C3521        0.014020229                       0
   3521 C3522       0.0036135197                       0
   3522 C3523      0.00078551754                       0
   3523 C3524      0.00012538688                       0
   3524 C3525      0.00012538688                       0
   3525 C3526      4.3744918e-05                       0
   3526 C3527       2.558917e-06                       0
   3527 C3528       2.558917e-06                       0
   3529 C3530        0.092503546                       0
   3532 C3533        0.055907233                       0
   3534 C3535        0.056381517                       0
   3535 C3536        0.029998475                       0
   3536 C3537        0.014022144                       0
   3537 C3538        0.003615434                       0
   3538 C3539      0.00078743184                       0
   3539 C3540      0.00012730119                       0
   3540 C3541      0.00012730119                       0
   3541 C3542      4.5659224e-05                       0
   3542 C3543      4.4732229e-06                       0
   3543 C3544      4.4732229e-06                       0
   3544 C3545      1.9143059e-06                       0
   3564 C3565         0.07816544                       0
   3568 C3569          0.1790892                       0
   3570 C3571         0.40838755                       0
   3571 C3572         0.33435781                       0
   3581 C3582         0.26722329                       0
   3582 C3583         0.17534744                       0
   3583 C3584         0.16278748                       0
   3584 C3585         0.40735741                       0
   3585 C3586         0.49322263                       0
   3586 C3587         0.31413343                       0
   3587 C3588         0.23445476                       0
   3588 C3589        0.061116075                       0
   3624 C3625        0.013710409                       0
   3635 C3636         0.36638835                       0
   3636 C3637         0.38009876                       0
   3637 C3638         0.47082416                       0
   3638 C3639         0.22625423                       0
   3639 C3640         0.14038901                       0
   3640 C3641         0.14038901                       0
   3641 C3642         0.39915689                       0
   3642 C3643         0.15039761                       0
   3678 C3679        0.003070881                       0
   3679 C3680       0.0030721565                       0
   3690 C3691        0.013710409                       0
   3691 C3692         0.33043515                       0
   3692 C3693        0.085865219                       0
   3695 C3696         0.25876787                       0
   3696 C3697         0.36331747                       0
   3707 C3708         0.30859955                       0
   3710 C3711        0.028830414                       0
   3715 C3716          0.3282135                       0
   3716 C3717         0.25076836                       0
   3717 C3718        0.062692089                       0
   3718 C3719        0.015673022                       0
   3719 C3720       0.0039182556                       0
   3720 C3721       0.0009795639                       0
   3721 C3722      0.00024489097                       0
   3722 C3723      6.1222744e-05                       0
   3723 C3724      1.5305687e-05                       0
   3724 C3725      3.8264214e-06                       0
   3743 C3744        0.057788801                       0
   3744 C3745         0.35267794                       0
   3745 C3746        0.035953206                       0
   3746 C3747         0.25169272                       0
   3747 C3748         0.36638835                       0
   3748 C3749         0.36638835                       0
   3749 C3750         0.10762048                       0
   3799 C3800         0.10443581                       0
   3800 C3801         0.49322263                       0
   3801 C3802         0.49322263                       0
   3802 C3803         0.49322263                       0
   3803 C3804         0.12683428                       0
   3804 C3805         0.23752564                       0
   3805 C3806         0.16717891                       0
   3834 C3835        0.013710409                       0
   3851 C3852         0.63361165                       0
   3852 C3853         0.61990124                       0
   3853 C3854         0.52917584                       0
   3854 C3855         0.14038901                       0
   3855 C3856         0.14038901                       0
   3856 C3857         0.14038901                       0
   3857 C3858         0.50677737                       0
   3858 C3859         0.39608601                       0
   3859 C3860         0.16717891                       0
   3888 C3889       0.0061430375                       0
   3905 C3906       0.0061430375                       0
   3906 C3907         0.26108025                       0
   3907 C3908         0.16278748                       0
   3911 C3912         0.36638835                       0
   3912 C3913         0.25569699                       0
   3959 C3960         0.36024532                       0
   3960 C3961        0.099165062                       0
   3961 C3962         0.20360087                       0
   3962 C3963         0.36638835                       0
   3963 C3964         0.36638835                       0
   3964 C3965         0.36638835                       0
   3966 C3967         0.11069136                       0
   3967 C3968         0.33128565                       0
   3968 C3969         0.25076836                       0
   3969 C3970        0.062692089                       0
   3970 C3971        0.015673022                       0
   3971 C3972       0.0039182556                       0
   3972 C3973       0.0009795639                       0
   3973 C3974      0.00024489097                       0
   3974 C3975      6.1222744e-05                       0
   3975 C3976      1.5305687e-05                       0
   3976 C3977      3.8264214e-06                       0
   3977 C3978                  1              -307.20653
   3978 C3979                  1              -190.83403
   3979 C3980                  1              -165.83403
   3980 C3981                  1              -140.83403
   3981 C3982                  1              -115.83403
   3982 C3983                  1               -90.83403
   3983 C3984                  1               -65.83403
   3984 C3985                  1               -40.83403
   3985 C3986         0.66564346                       0
   3986 C3987         0.25076836                       0
   3987 C3988        0.062692089                       0
   3988 C3989        0.015673022                       0
   3989 C3990       0.0039182556                       0
   3990 C3991       0.0009795639                       0
   3991 C3992      0.00024489097                       0
   3992 C3993      6.1222744e-05                       0
   3993 C3994      1.5305686e-05                       0
   3994 C3995      3.8264214e-06                       0
   3995 C3996          1.3663884                       0
   3996 C3997          1.3663884                       0
   3997 C3998          1.3663884                       0
   3998 C3999          1.3663884                       0
   3999 C4000          1.3663884                       0
   4000 C4001          1.3663884                       0
   4001 C4002          1.3663884                       0
   4002 C4003          1.3663884                       0
   4003 C4004         0.99692912                       0
   4004 C4005         0.50153672                       0
   4005 C4006         0.12538418                       0
   4006 C4007        0.031346045                       0
   4007 C4008       0.0078365112                       0
   4008 C4009       0.0019591278                       0
   4009 C4010      0.00048978195                       0
   4010 C4011      0.00012244549                       0
   4011 C4012      3.0611373e-05                       0
   4012 C4013      7.6528427e-06                       0
   4013 C4014          1.3663884                       0
   4014 C4015          1.3663884                       0
   4015 C4016          1.3663884                       0
   4016 C4017          1.3663884                       0
   4017 C4018          1.3663884                       0
   4018 C4019          1.3663884                       0
   4019 C4020          1.3663884                       0
   4020 C4021          1.3663884                       0
   4021 C4022         0.99692912                       0
   4022 C4023         0.50153672                       0
   4023 C4024         0.12538418                       0
   4024 C4025        0.031346045                       0
   4025 C4026       0.0078365112                       0
   4026 C4027       0.0019591278                       0
   4027 C4028      0.00048978195                       0
   4028 C4029      0.00012244549                       0
   4029 C4030      3.0611373e-05                       0
   4030 C4031      7.6528427e-06                       0
   4031 C4032           1.993857                       0
   4032 C4033          1.7327767                       0
   4033 C4034          1.7327767                       0
   4034 C4035          1.5067774                       0
   4035 C4036          1.5067774                       0
   4036 C4037          1.5067774                       0
   4037 C4038          1.5067774                       0
   4038 C4039          1.5067774                       0
   4039 C4040           1.164108                       0
   4040 C4041         0.50153672                       0
   4041 C4042         0.12538418                       0
   4042 C4043        0.031346045                       0
   4043 C4044       0.0078365112                       0
   4044 C4045       0.0019591278                       0
   4045 C4046      0.00048978195                       0
   4046 C4047      0.00012244549                       0
   4047 C4048      3.0611372e-05                       0
   4048 C4049      7.6528427e-06                       0
   4049 C4050          1.7327767                       0
   4050 C4051          1.7327767                       0
   4051 C4052          1.5067774                       0
   4052 C4053          1.5067774                       0
   4053 C4054          1.5067774                       0
   4054 C4055          1.5067774                       0
   4055 C4056          1.5067774                       0
   4056 C4057           1.164108                       0
   4057 C4058         0.99385696                       0
   4058 C4059         0.50153672                       0
   4059 C4060         0.12538418                       0
   4060 C4061        0.031346045                       0
   4061 C4062       0.0078365112                       0
   4062 C4063       0.0019591278                       0
   4063 C4064      0.00048978195                       0
   4064 C4065      0.00012244549                       0
   4065 C4066      3.0611373e-05                       0
   4066 C4067      7.6528427e-06                       0
   4067 C4068                  3                       0
   4068 C4069          2.9801466                       0
   4069 C4070                  3                       0
   4070 C4071                  3                       0
   4071 C4072                  3                       0
   4072 C4073                  3                       0
   4073 C4074                  3                       0
   4074 C4075                  3                       0
   4075 C4076          1.9969304                       0
   4076 C4077         0.75230507                       0
   4077 C4078         0.18807627                       0
   4078 C4079        0.047019067                       0
   4079 C4080        0.011754767                       0
   4080 C4081       0.0029386917                       0
   4081 C4082      0.00073467292                       0
   4082 C4083      0.00018366823                       0
   4083 C4084      4.5917058e-05                       0
   4084 C4085      1.1479264e-05                       0
   4085 C4086          2.3828009                       0
   4086 C4087          2.9218346                       0
   4087 C4088                  3                       0
   4088 C4089          2.9423392                       0
   4089 C4090                  3                       0
   4090 C4091          2.8209108                       0
   4091 C4092                  3                       0
   4092 C4093          2.5748312                       0
   4093 C4094          1.0030734                       0
   4094 C4095         0.25076836                       0
   4095 C4096        0.062692089                       0
   4096 C4097        0.015673022                       0
   4097 C4098       0.0039182556                       0
   4098 C4099       0.0009795639                       0
   4099 C4100      0.00024489098                       0
   4100 C4101      6.1222744e-05                       0
   4101 C4102      1.5305686e-05                       0
   4102 C4103      3.8264214e-06                       0
   4121 C4122         0.63361165                       0
   4129 C4130         0.36945924                       0
   4130 C4131          0.4953924                       0
   4131 C4132         0.37615254                       0
   4132 C4133        0.094038134                       0
   4133 C4134        0.023509534                       0
   4134 C4135       0.0058773834                       0
   4135 C4136       0.0014693458                       0
   4136 C4137      0.00036733646                       0
   4137 C4138      9.1834115e-05                       0
   4138 C4139       2.295853e-05                       0
   4193 C4194       0.0061430375                       0
   4202 C4203         0.49232025                       0
   4203 C4204         0.37615254                       0
   4204 C4205        0.094038134                       0
   4205 C4206        0.023509534                       0
   4206 C4207       0.0058773834                       0
   4207 C4208       0.0014693458                       0
   4208 C4209      0.00036733646                       0
   4209 C4210      9.1834115e-05                       0
   4210 C4211       2.295853e-05                       0
   4229 C4230         0.26108025                       0
   4231 C4232         0.22599934                       0
   4236 C4237         0.34266934                       0
   4237 C4238         0.17025106                       0
   4247 C4248          1.6171991                       0
   4248 C4249          1.0781654                       0
   4249 C4250                  1                       0
   4250 C4251          1.0576608                       0
   4251 C4252                  1                       0
   4252 C4253          1.1790892                       0
   4253 C4254                  1                       0
   4254 C4255        0.087742696                       0
   4264 C4265                  1                       0
   4265 C4266          1.0198534                       0
   4266 C4267                  1                       0
   4267 C4268                  1                       0
   4268 C4269                  1                       0
   4269 C4270                  1                       0
   4270 C4271                  1                       0
   4271 C4272                  1                       0
   4272 C4273         0.66564346                       0
   4273 C4274         0.25076836                       0
   4274 C4275        0.062692089                       0
   4275 C4276        0.015673022                       0
   4276 C4277       0.0039182556                       0
   4277 C4278       0.0009795639                       0
   4278 C4279      0.00024489098                       0
   4279 C4280      6.1222744e-05                       0
   4280 C4281      1.5305685e-05                       0
   4281 C4282      3.8264214e-06                       0
   4282 C4283                  1                       0
   4283 C4284          1.0198534                       0
   4284 C4285                  1                       0
   4285 C4286                  1                       0
   4286 C4287                  1                       0
   4287 C4288                  1                       0
   4288 C4289                  1                       0
   4289 C4290                  1                       0
   4290 C4291         0.66564346                       0
   4291 C4292         0.25076836                       0
   4292 C4293        0.062692089                       0
   4293 C4294        0.015673022                       0
   4294 C4295       0.0039182556                       0
   4295 C4296       0.0009795639                       0
   4296 C4297      0.00024489098                       0
   4297 C4298      6.1222744e-05                       0
   4298 C4299      1.5305685e-05                       0
   4299 C4300      3.8264214e-06                       0
   4300 C4301          1.6171991                       0
   4301 C4302          1.0781654                       0
   4302 C4303                  1                       0
   4303 C4304          1.0576608                       0
   4304 C4305                  1                       0
   4305 C4306          1.1790892                       0
   4306 C4307                  1                       0
   4307 C4308          1.4251688                       0
   4308 C4309          1.6595004                       0
   4309 C4310         0.75230507                       0
   4310 C4311         0.18807627                       0
   4311 C4312        0.047019067                       0
   4312 C4313        0.011754767                       0
   4313 C4314       0.0029386917                       0
   4314 C4315      0.00073467292                       0
   4315 C4316      0.00018366823                       0
   4316 C4317      4.5917058e-05                       0
   4317 C4318      1.1479264e-05                       0
