Stopped on time - objective value 5.40059015
    132 C0133                  1                       0
    133 C0134                  1                       0
    135 C0136                  1                       0
    136 C0137                  1                       0
    137 C0138                  1                       0
    138 C0139                  1                       0
    139 C0140                  1                       0
    140 C0141                  1                       0
    141 C0142                  1                       0
    142 C0143                  1                       0
    166 C0167                  1                       0
    167 C0168                  1                       0
    168 C0169                  1                       0
    169 C0170                  1                       0
    170 C0171                  1                       0
    171 C0172                  1                       0
    172 C0173                  1                       0
    173 C0174                  1                       0
    174 C0175                  1                       0
    175 C0176                  1                       0
    180 C0181          0.9693125                       0
    181 C0182          0.9693125                       0
    191 C0192          0.9693125                       0
    202 C0203          0.9693125                       0
    229 C0230          0.9693125                       0
    230 C0231          0.9693125                       0
    240 C0241          0.9693125                       0
    250 C0251          0.9693125                       0
    251 C0252          0.9693125                       0
    261 C0262          0.9693125                       0
    266 C0267                  1                       0
    277 C0278                  1                       0
    288 C0289                  1                       0
    292 C0293              0.925                       0
    311 C0312                  1                       0
    322 C0323                  1                       0
    325 C0326              0.925                       0
    333 C0334                  1                       0
    343 C0344              0.925                       0
    344 C0345                  1                       0
    346 C0347              0.925                       0
    355 C0356                  1                       0
    366 C0367                  1                       0
    377 C0378                  1                       0
    388 C0389                  1                       0
    539 C0540                  1                       0
    540 C0541                  1                       0
    541 C0542                  1                       0
    543 C0544                  1                       0
    544 C0545                  1                       0
    545 C0546                  1                       0
    547 C0548                  1                       0
    548 C0549                  1                       0
    549 C0550                  1                       0
    572 C0573                  1                       0
    574 C0575                  1                       0
    575 C0576                  1                       0
    576 C0577                  1                       0
    577 C0578                  1                       0
    578 C0579                  1                       0
    580 C0581                  1                       0
    581 C0582                  1                       0
    582 C0583                  1                       0
    616 C0617                  1                       0
    618 C0619                  1                       0
    619 C0620                  1                       0
    621 C0622                  1                       0
    622 C0623                  1                       0
    623 C0624                  1                       0
    624 C0625                  1                       0
    625 C0626                  1                       0
    626 C0627                  1                       0
    663 C0664                  1                       0
    667 C0668                  1                       0
    672 C0673         0.98130906                       0
    674 C0675                  1                       0
    678 C0679                  1                       0
    683 C0684         0.98130906                       0
    685 C0686                  1                       0
    689 C0690                  1                       0
    696 C0697                  1                       0
    700 C0701                  1                       0
    719 C0720                  1                       0
    722 C0723                  1                       0
    730 C0731                  1                       0
    733 C0734                  1                       0
    741 C0742                  1                       0
    744 C0745                  1                       0
    763 C0764                  1                       0
    767 C0768                  1                       0
    774 C0775                  1                       0
    778 C0779                  1                       0
    785 C0786                  1                       0
    789 C0790                  1                       0
    803 C0804                  1                       0
    805 C0806                  1                       0
    814 C0815                  1                       0
    816 C0817                  1                       0
    836 C0837                  1                       0
    839 C0840                  1                       0
    840 C0841          0.9693125                       0
    841 C0842          0.9693125                       0
    847 C0848                  1                       0
    850 C0851                  1                       0
    851 C0852          0.9693125                       0
    858 C0859                  1                       0
    861 C0862                  1                       0
    862 C0863          0.9693125                       0
    869 C0870                  1                       0
    872 C0873                  1                       0
    880 C0881                  1                       0
    883 C0884                  1                       0
    889 C0890          0.9693125                       0
    890 C0891          0.9693125                       0
    891 C0892                  1                       0
    894 C0895                  1                       0
    900 C0901          0.9693125                       0
    902 C0903                  1                       0
    905 C0906                  1                       0
    910 C0911          0.9693125                       0
    911 C0912          0.9693125                       0
    913 C0914                  1                       0
    916 C0917                  1                       0
    921 C0922          0.9693125                       0
    924 C0925                  1                       0
    927 C0928                  1                       0
    931 C0932                  1                       0
    947 C0948                  1                       0
    949 C0950                  1                       0
    953 C0954                  1                       0
    958 C0959                  1                       0
    960 C0961                  1                       0
    964 C0965                  1                       0
    980 C0981                  1                       0
    983 C0984                  1                       0
    986 C0987                  1                       0
    991 C0992                  1                       0
    994 C0995                  1                       0
    997 C0998                  1                       0
   1002 C1003                  1                       0
   1005 C1006                  1                       0
   1008 C1009                  1                       0
   1024 C1025                  1                       0
   1027 C1028                  1                       0
   1031 C1032                  1                       0
   1035 C1036                  1                       0
   1038 C1039                  1                       0
   1042 C1043                  1                       0
   1046 C1047                  1                       0
   1049 C1050                  1                       0
   1053 C1054                  1                       0
   1192 C1193                  1                       0
   1193 C1194                  1                       0
   1194 C1195                  1                       0
   1196 C1197                  1                       0
   1197 C1198                  1                       0
   1198 C1199                  1                       0
   1203 C1204                  1                       0
   1204 C1205                  1                       0
   1205 C1206                  1                       0
   1207 C1208                  1                       0
   1208 C1209                  1                       0
   1209 C1210                  1                       0
   1214 C1215                  1                       0
   1215 C1216                  1                       0
   1216 C1217                  1                       0
   1218 C1219                  1                       0
   1219 C1220                  1                       0
   1220 C1221                  1                       0
   1225 C1226                  1                       0
   1226 C1227                  1                       0
   1227 C1228                  1                       0
   1229 C1230                  1                       0
   1230 C1231                  1                       0
   1231 C1232                  1                       0
   1236 C1237                  1                       0
   1237 C1238                  1                       0
   1238 C1239                  1                       0
   1240 C1241                  1                       0
   1241 C1242                  1                       0
   1242 C1243                  1                       0
   1274 C1275        0.033714675                       0
   1281 C1282                  1                       0
   1282 C1283                  1                       0
   1283 C1284                  1                       0
   1284 C1285                  1                       0
   1285 C1286                  1                       0
   1286 C1287                  1                       0
   1305 C1306        0.033714675                       0
   1480 C1481              0.925                       0
   1485 C1486                  1                       0
   1486 C1487                  1                       0
   1487 C1488                  1                       0
   1488 C1489                  1                       0
   1489 C1490                  1                       0
   1490 C1491                  1                       0
   1491 C1492                  1                       0
   1492 C1493                  1                       0
   1493 C1494                  1                       0
   1494 C1495                  1                       0
   1495 C1496                  1                       0
   1513 C1514              0.925                       0
   1531 C1532              0.925                       0
   1534 C1535              0.925                       0
   1728 C1729         0.98130906                       0
   1739 C1740         0.98130906                       0
   1760 C1761                  1                       0
   1761 C1762                  1                       0
   1762 C1763                  1                       0
   1763 C1764                  1                       0
   1764 C1765                  1                       0
   1765 C1766                  1                       0
   1766 C1767                  1                       0
   1768 C1769                  1                       0
   1769 C1770                  1                       0
   1770 C1771                  1                       0
   1804 C1805                  1                       0
   1805 C1806                  1                       0
   1806 C1807                  1                       0
   1807 C1808                  1                       0
   1809 C1810                  1                       0
   1810 C1811                  1                       0
   1811 C1812                  1                       0
   1812 C1813                  1                       0
   1813 C1814                  1                       0
   1814 C1815                  1                       0
   1987 C1988                  1                       0
   1998 C1999                  1                       0
   1999 C2000         0.97806474                       0
   2009 C2010                  1                       0
   2020 C2021                  1                       0
   2031 C2032                  1                       0
   2042 C2043                  1                       0
   2053 C2054                  1                       0
   2064 C2065                  1                       0
   2080 C2081         0.97806474                       0
   2087 C2088                  1                       0
   2098 C2099                  1                       0
   2109 C2110                  1                       0
   2431 C2432                  1                       0
   2432 C2433                  1                       0
   2433 C2434                  1                       0
   2434 C2435                  1                       0
   2435 C2436                  1                       0
   2436 C2437                  1                       0
   2437 C2438                  1                       0
   2438 C2439                  1                       0
   2439 C2440                  1                       0
   2440 C2441                  1                       0
   2441 C2442                  1                       0
   2563 C2564                  1                       0
   2564 C2565                  1                       0
   2565 C2566                  1                       0
   2566 C2567                  1                       0
   2567 C2568                  1                       0
   2570 C2571                  1                       0
   2574 C2575                  1                       0
   2575 C2576                  1                       0
   2576 C2577                  1                       0
   2577 C2578                  1                       0
   2578 C2579                  1                       0
   2581 C2582                  1                       0
   2585 C2586                  1                       0
   2586 C2587                  1                       0
   2587 C2588                  1                       0
   2588 C2589                  1                       0
   2589 C2590                  1                       0
   2592 C2593                  1                       0
   2594 C2595        0.033714675                       0
   2607 C2608                  1                       0
   2608 C2609                  1                       0
   2609 C2610                  1                       0
   2610 C2611                  1                       0
   2611 C2612                  1                       0
   2615 C2616                  1                       0
   2618 C2619                  1                       0
   2619 C2620                  1                       0
   2620 C2621                  1                       0
   2621 C2622                  1                       0
   2622 C2623                  1                       0
   2625 C2626        0.033714675                       0
   2626 C2627                  1                       0
   2629 C2630                  1                       0
   2630 C2631                  1                       0
   2631 C2632                  1                       0
   2632 C2633                  1                       0
   2633 C2634                  1                       0
   2637 C2638                  1                       0
   2776 C2777                  1                       0
   2778 C2779                  1                       0
   2780 C2781                  1                       0
   2781 C2782                  1                       0
   2782 C2783                  1                       0
   2787 C2788                  1                       0
   2789 C2790                  1                       0
   2791 C2792                  1                       0
   2792 C2793                  1                       0
   2793 C2794                  1                       0
   2798 C2799                  1                       0
   2800 C2801                  1                       0
   2802 C2803                  1                       0
   2803 C2804                  1                       0
   2804 C2805                  1                       0
   2809 C2810                  1                       0
   2811 C2812                  1                       0
   2813 C2814                  1                       0
   2814 C2815                  1                       0
   2815 C2816                  1                       0
   2820 C2821                  1                       0
   2822 C2823                  1                       0
   2824 C2825                  1                       0
   2825 C2826                  1                       0
   2826 C2827                  1                       0
   2843 C2844                  1                       0
   2844 C2845                  1                       0
   2846 C2847                  1                       0
   2847 C2848                  1                       0
   2848 C2849                  1                       0
   2865 C2866                  1                       0
   2867 C2868                  1                       0
   2868 C2869                  1                       0
   2869 C2870                  1                       0
   2870 C2871                  1                       0
   3209 C3210             0.9975                       0
   3245 C3246                  1                       0
   3246 C3247                  1                       0
   3247 C3248                  1                       0
   3248 C3249                  1                       0
   3249 C3250                  1                       0
   3250 C3251                  1                       0
   3251 C3252                  1                       0
   3252 C3253                  1                       0
   3253 C3254                  1                       0
   3254 C3255                  1                       0
   3255 C3256                  1                       0
   3270 C3271             0.9975                       0
   3319 C3320         0.97806474                       0
   3388 C3389                  1                       0
   3389 C3390                  1                       0
   3390 C3391                  1                       0
   3391 C3392                  1                       0
   3392 C3393                  1                       0
   3393 C3394                  1                       0
   3394 C3395                  1                       0
   3395 C3396                  1                       0
   3396 C3397                  1                       0
   3397 C3398                  1                       0
   3398 C3399                  1                       0
   3400 C3401         0.97806474                       0
   3568 C3569                  1                       0
   3579 C3580                  1                       0
   3590 C3591                  1                       0
   3601 C3602                  1                       0
   3612 C3613                  1                       0
   3635 C3636                  1                       0
   3646 C3647                  1                       0
   3657 C3658                  1                       0
   3668 C3669                  1                       0
   3679 C3680                  1                       0
   3690 C3691                  1                       0
   3883 C3884                  1                       0
   3884 C3885                  1                       0
   3885 C3886                  1                       0
   3886 C3887                  1                       0
   3887 C3888                  1                       0
   3888 C3889                  1                       0
   3889 C3890                  1                       0
   3890 C3891                  1                       0
   3892 C3893                  1                       0
   3893 C3894                  1                       0
   3927 C3928                  1                       0
   3928 C3929                  1                       0
   3929 C3930                  1                       0
   3930 C3931                  1                       0
   3931 C3932                  1                       0
   3933 C3934                  1                       0
   3934 C3935                  1                       0
   3935 C3936                  1                       0
   3936 C3937                  1                       0
   3937 C3938                  1                       0
   4096 C4097                  1                       0
   4100 C4101                  1                       0
   4107 C4108                  1                       0
   4111 C4112                  1                       0
   4118 C4119                  1                       0
   4122 C4123                  1                       0
   4129 C4130                  1                       0
   4133 C4134                  1                       0
   4140 C4141                  1                       0
   4144 C4145                  1                       0
   4163 C4164                  1                       0
   4166 C4167                  1                       0
   4174 C4175                  1                       0
   4177 C4178                  1                       0
   4185 C4186                  1                       0
   4188 C4189                  1                       0
   4207 C4208                  1                       0
   4211 C4212                  1                       0
   4218 C4219                  1                       0
   4222 C4223                  1                       0
   4279 C4280                  1                       0
   4280 C4281                  1                       0
   4281 C4282                  1                       0
   4282 C4283                  1                       0
   4283 C4284                  1                       0
   4284 C4285                  1                       0
   4285 C4286                  1                       0
   4286 C4287                  1                       0
   4289 C4290                  1                       0
   4323 C4324                  1                       0
   4324 C4325                  1                       0
   4325 C4326                  1                       0
   4326 C4327                  1                       0
   4327 C4328                  1                       0
   4329 C4330                  1                       0
   4330 C4331                  1                       0
   4331 C4332                  1                       0
   4333 C4334                  1                       0
   4334 C4335                  1                       0
   4335 C4336                  1                       0
   4336 C4337                  1                       0
   4337 C4338                  1                       0
   4338 C4339                  1                       0
   4340 C4341                  1                       0
   4341 C4342                  1                       0
   4342 C4343                  1                       0
   4344 C4345                  1                       0
   4411 C4412                  1                       0
   4412 C4413                  1                       0
   4413 C4414                  1                       0
   4414 C4415                  1                       0
   4415 C4416                  1                       0
   4416 C4417                  1                       0
   4418 C4419                  1                       0
   4433 C4434                  1                       0
   4434 C4435                  1                       0
   4435 C4436                  1                       0
   4436 C4437                  1                       0
   4437 C4438                  1                       0
   4439 C4440                  1                       0
   4440 C4441                  1                       0
   4455 C4456                  1                       0
   4456 C4457                  1                       0
   4457 C4458                  1                       0
   4458 C4459                  1                       0
   4459 C4460                  1                       0
   4461 C4462                  1                       0
   4463 C4464                  1                       0
   4466 C4467                  1                       0
   4467 C4468                  1                       0
   4468 C4469                  1                       0
   4469 C4470                  1                       0
   4470 C4471                  1                       0
   4472 C4473                  1                       0
   4474 C4475                  1                       0
   4477 C4478                  1                       0
   4478 C4479                  1                       0
   4479 C4480                  1                       0
   4480 C4481                  1                       0
   4481 C4482                  1                       0
   4483 C4484                  1                       0
   4485 C4486                  1                       0
   4494 C4495                  1                       0
   4505 C4506                  1                       0
   4516 C4517                  1                       0
   4527 C4528                  1                       0
   4529 C4530             0.9975                       0
   4538 C4539                  1                       0
   4549 C4550                  1                       0
   4560 C4561                  1                       0
   4583 C4584                  1                       0
   4590 C4591             0.9975                       0
   4594 C4595                  1                       0
   4605 C4606                  1                       0
   4616 C4617                  1                       0
   4624 C4625                  1                       0
   4628 C4629                  1                       0
   4629 C4630                  1                       0
   4635 C4636                  1                       0
   4639 C4640                  1                       0
   4640 C4641                  1                       0
   4646 C4647                  1                       0
   4650 C4651                  1                       0
   4651 C4652                  1                       0
   4657 C4658                  1                       0
   4661 C4662                  1                       0
   4662 C4663                  1                       0
   4668 C4669                  1                       0
   4672 C4673                  1                       0
   4673 C4674                  1                       0
   4691 C4692                  1                       0
   4694 C4695                  1                       0
   4695 C4696                  1                       0
   4702 C4703                  1                       0
   4705 C4706                  1                       0
   4706 C4707                  1                       0
   4713 C4714                  1                       0
   4716 C4717                  1                       0
   4717 C4718                  1                       0
   4746 C4747                  1                       0
   4750 C4751                  1                       0
   4751 C4752                  1                       0
   4752 C4753                  1                       0
   4753 C4754         0.93326929                       0
   4755 C4756         0.93326929                       0
   4756 C4757         0.98003957                       0
   4757 C4758         0.96628532                       0
   4758 C4759              0.075                       0
   4759 C4760         0.96316192                       0
   4760 C4761         0.98130906                       0
   4761 C4762         0.93326929                       0
   4762 C4763         0.93326929                       0
   4765 C4766         0.88829837                       0
   4775 C4776                  1                       0
   4786 C4787         0.93326929                       0
   4797 C4798        0.036838078                       0
   4808 C4809        0.018690937                       0
   4819 C4820        0.033714675                       0
   4830 C4831                  1                       0
   4831 C4832         0.05151881                       0
   4834 C4835         0.05151881                       0
   4837 C4838              0.925                       0
   4841 C4842        0.036838078                       0
   4863 C4864        0.021935263                       0
   4874 C4875        0.023184866                       0
   4882 C4883         0.93326929                       0
   4886 C4887                  1                       0
   4896 C4897                  1                       0
   4897 C4898        0.044970923                       0
   4898 C4899        0.036838078                       0
   4899 C4900        0.018690937                       0
   4901 C4902              0.075                       0
   4902 C4903        0.036838078                       0
   4904 C4905        0.021935263                       0
   4965 C4966              0.925                       0
   4968 C4969         0.05151881                       0
   4970 C4971              0.925                       0
   4971 C4972         0.05151881                       0
   4993 C4994         0.93326929                       0
   5012 C5013         0.05151881                       0
   5017 C5018        0.066730707                       0
   5019 C5020        0.066730707                       0
   5020 C5021        0.019960434                       0
   5021 C5022        0.033714675                       0
   5022 C5023              0.925                       0
   5023 C5024        0.036838078                       0
   5024 C5025        0.018690937                       0
   5025 C5026        0.066730707                       0
   5026 C5027        0.066730707                       0
   5032 C5033        0.033714675                       0
   5033 C5034              0.925                       0
   5037 C5038        0.023184866                       0
   5044 C5045         0.05151881                       0
   5066 C5067              0.925                       0
   5077 C5078         0.05151881                       0
   5111 C5112         0.05151881                       0
   5122 C5123              0.925                       0
   5133 C5134              0.925                       0
   5159 C5160                  1                       0
   5160 C5161                  1                       0
   5161 C5162         0.93326929                       0
   5162 C5163        0.036838078                       0
   5163 C5164        0.018690937                       0
   5164 C5165        0.033714675                       0
   5165 C5166                  1                       0
   5166 C5167        0.036838078                       0
   5168 C5169        0.021935263                       0
   5169 C5170        0.023184866                       0
   5170 C5171         0.93326929                       0
   5182 C5183         0.88829837                       0
   5192 C5193         0.93326929                       0
   5203 C5204         0.98003957                       0
   5209 C5210         0.05151881                       0
   5214 C5215         0.96628532                       0
   5225 C5226              0.075                       0
   5236 C5237         0.96316192                       0
   5247 C5248         0.98130906                       0
   5254 C5255              0.925                       0
   5257 C5258         0.93326929                       0
   5258 C5259         0.93326929                       0
   5269 C5270         0.93326929                       0
   5281 C5282         0.93326929                       0
   5283 C5284         0.93326929                       0
   5286 C5287              0.075                       0
   5287 C5288         0.96316192                       0
   5294 C5295         0.96316192                       0
   5298 C5299         0.96316192                       0
   5337 C5338         0.96316192                       0
   5359 C5360         0.05151881                       0
   5381 C5382         0.96316192                       0
   5382 C5383        0.044970923                       0
   5386 C5387        0.051815134                       0
   5389 C5390        0.066730707                       0
   5392 C5393        0.014534355                       0
   5416 C5417         0.98003957                       0
   5417 C5418         0.96628532                       0
   5420 C5421         0.98130906                       0
   5421 C5422         0.93326929                       0
   5422 C5423         0.93326929                       0
   5425 C5426         0.95502908                       0
   5427 C5428         0.98130906                       0
   5428 C5429         0.96628532                       0
   5431 C5432                  1                       0
   5432 C5433         0.97806474                       0
   5433 C5434         0.97681513                       0
   5438 C5439         0.96316192                       0
   5442 C5443         0.96316192                       0
   5443 C5444        0.014534355                       0
   5453 C5454        0.044970923                       0
   5494 C5495         0.05151881                       0
   5497 C5498         0.97681513                       0
   5542 C5543                  1                       0
   5567 C5568                  1                       0
   5572 C5573         0.05151881                       0
   5577 C5578                  1                       0
   5578 C5579        0.044970923                       0
   5589 C5590        0.036838078                       0
   5594 C5595              0.925                       0
   5600 C5601        0.018690937                       0
   5622 C5623              0.075                       0
   5633 C5634        0.036838078                       0
   5639 C5640         0.05151881                       0
   5655 C5656        0.021935263                       0
   5661 C5662              0.925                       0
   5672 C5673         0.05151881                       0
   5674 C5675         0.93326929                       0
   5698 C5699         0.93326929                       0
   5702 C5703         0.96316192                       0
   5706 C5707         0.96316192                       0
   5707 C5708        0.014534355                       0
   5717 C5718        0.044970923                       0
   5720 C5721         0.93326929                       0
   5721 C5722         0.96316192                       0
   5753 C5754              0.075                       0
   5761 C5762        0.051815134                       0
   5764 C5765         0.96316192                       0
   5765 C5766         0.96316192                       0
   5785 C5786        0.023184866                       0
   5806 C5807        0.066730707                       0
   5811 C5812                  1                       0
   5812 C5813        0.019960434                       0
   5815 C5816         0.96316192                       0
   5816 C5817        0.018690937                       0
   5822 C5823                  1                       0
   5823 C5824        0.018690937                       0
   5826 C5827                  1                       0
   5828 C5829        0.021935263                       0
   5833 C5834                  1                       0
   5834 C5835        0.036838078                       0
   5835 C5836         0.96628532                       0
   5837 C5838         0.95502908                       0
   5838 C5839        0.036838078                       0
   5839 C5840         0.98546565                       0
   5840 C5841         0.95502908                       0
   5842 C5843         0.95502908                       0
   5844 C5845                  1                       0
   5845 C5846                  1                       0
   5846 C5847         0.95502908                       0
   5848 C5849                  1                       0
   5849 C5850         0.95502908                       0
   5850 C5851        0.033714675                       0
   5869 C5870        0.006547887                       0
   5877 C5878        0.006547887                       0
   5879 C5880                  1                       0
   5882 C5883                  1                       0
   5889 C5890                  1                       0
   5890 C5891         0.95502908                       0
   5892 C5893                  1                       0
   5893 C5894        0.023184866                       0
   5894 C5895        0.033714675                       0
   5901 C5902                  1                       0
   5922 C5923        0.023184866                       0
   5923 C5924                  1                       0
   5927 C5928                  1                       0
   5933 C5934         0.94848119                       0
   5934 C5935                  1                       0
   5937 C5938         0.94848119                       0
   5969 C5970        0.044970923                       0
   6000 C6001                  1                       0
   6002 C6003         0.96628532                       0
   6004 C6005                  1                       0
   6005 C6006         0.05151881                       0
   6023 C6024                  1                       0
   6026 C6027         0.96628532                       0
   6027 C6028                  1                       0
   6045 C6046                  1                       0
   6048 C6049                  1                       0
   6049 C6050         0.05151881                       0
   6067 C6068         0.94848119                       0
   6074 C6075                  1                       0
   6078 C6079              0.075                       0
   6085 C6086                  1                       0
   6089 C6090              0.075                       0
   6094 C6095        0.066730707                       0
   6096 C6097                  1                       0
   6099 C6100        0.033714675                       0
   6100 C6101         0.94848119                       0
   6104 C6105        0.044970923                       0
   6116 C6117        0.066730707                       0
   6119 C6120                  1                       0
   6122 C6123              0.075                       0
   6125 C6126        0.023184866                       0
   6126 C6127         0.94848119                       0
   6127 C6128        0.019960434                       0
   6130 C6131                  1                       0
   6133 C6134         0.94848119                       0
   6134 C6135        0.033714675                       0
   6137 C6138         0.94848119                       0
   6141 C6142         0.94848119                       0
   6144 C6145                  1                       0
   6148 C6149         0.94848119                       0
   6163 C6164                  1                       0
   6167 C6168         0.94848119                       0
   6170 C6171         0.94848119                       0
   6171 C6172        0.018690937                       0
   6174 C6175                  1                       0
   6178 C6179              0.075                       0
   6181 C6182         0.94848119                       0
   6185 C6186        0.033714675                       0
   6189 C6190              0.075                       0
   6200 C6201                  1                       0
   6226 C6227        0.066730707                       0
   6248 C6249        0.066730707                       0
   6259 C6260        0.019960434                       0
   6270 C6271        0.033714675                       0
   6271 C6272        0.033714675                       0
   6281 C6282              0.925                       0
   6282 C6283              0.925                       0
   6283 C6284         0.05151881                       0
   6285 C6286              0.925                       0
   6286 C6287         0.05151881                       0
   6288 C6289         0.05151881                       0
   6289 C6290              0.925                       0
   6290 C6291              0.925                       0
   6291 C6292         0.05151881                       0
   6292 C6293        0.036838078                       0
   6303 C6304        0.018690937                       0
   6314 C6315        0.066730707                       0
   6325 C6326        0.066730707                       0
   6326 C6327        0.023184866                       0
   6337 C6338        0.066730707                       0
   6339 C6340        0.066730707                       0
   6340 C6341        0.019960434                       0
   6341 C6342        0.033714675                       0
   6342 C6343              0.925                       0
   6343 C6344        0.036838078                       0
   6344 C6345        0.018690937                       0
   6345 C6346        0.066730707                       0
   6346 C6347        0.066730707                       0
   6352 C6353        0.033714675                       0
   6353 C6354              0.925                       0
   6357 C6358        0.023184866                       0
   6364 C6365         0.05151881                       0
   6369 C6370                  1                       0
   6370 C6371                  1                       0
   6371 C6372                  1                       0
   6372 C6373                  1                       0
   6373 C6374                  1                       0
   6374 C6375                  1                       0
   6375 C6376                  1                       0
   6376 C6377                  1                       0
   6377 C6378                  1                       0
   6378 C6379                  1                       0
   6379 C6380                  1                       0
   6386 C6387              0.925                       0
   6397 C6398         0.05151881                       0
   6431 C6432         0.05151881                       0
   6442 C6443              0.925                       0
   6453 C6454              0.925                       0
   6502 C6503         0.95502908                       0
   6523 C6524         0.98003957                       0
   6524 C6525         0.98130906                       0
   6525 C6526         0.96316192                       0
   6529 C6530         0.05151881                       0
   6534 C6535         0.96628532                       0
   6535 C6536         0.96628532                       0
   6567 C6568         0.98130906                       0
   6568 C6569                  1                       0
   6569 C6570         0.96316192                       0
   6570 C6571        0.044970923                       0
   6574 C6575         0.97681513                       0
   6577 C6578         0.97681513                       0
   6578 C6579         0.93326929                       0
   6579 C6580         0.97806474                       0
   6580 C6581        0.014534355                       0
   6589 C6590         0.93326929                       0
   6590 C6591         0.97681513                       0
   6604 C6605         0.98003957                       0
   6608 C6609        0.004493929                       0
   6613 C6614         0.95502908                       0
   6615 C6616         0.98130906                       0
   6619 C6620         0.98003957                       0
   6626 C6627         0.96316192                       0
   6644 C6645                  1                       0
   6645 C6646                  1                       0
   6646 C6647                  1                       0
   6647 C6648                  1                       0
   6648 C6649                  1                       0
   6649 C6650        0.021935263                       0
   6650 C6651                  1                       0
   6651 C6652                  1                       0
   6652 C6653        0.023184866                       0
   6653 C6654        0.023184866                       0
   6654 C6655         0.94848119                       0
   6662 C6663         0.98003957                       0
   6682 C6683         0.05151881                       0
   6693 C6694         0.98003957                       0
   6702 C6703         0.93184421                       0
   6704 C6705                  1                       0
   6705 C6706        0.014534355                       0
   6737 C6738         0.96628532                       0
   6740 C6741         0.97681513                       0
   6741 C6742         0.93326929                       0
   6742 C6743         0.93326929                       0
   6748 C6749         0.96628532                       0
   6751 C6752        0.019960434                       0
   6752 C6753         0.97806474                       0
   6753 C6754         0.97681513                       0
   6762 C6763         0.96316192                       0
   6763 C6764        0.014534355                       0
   6773 C6774         0.97681513                       0
   6781 C6782         0.97806474                       0
   6784 C6785         0.97681513                       0
   6785 C6786         0.97681513                       0
   6786 C6787         0.05151881                       0
   6795 C6796                  1                       0
   6806 C6807        0.014534355                       0
   6817 C6818         0.97681513                       0
   6862 C6863                  1                       0
   6877 C6878         0.95502908                       0
   6902 C6903        0.006547887                       0
   6908 C6909                  1                       0
   6909 C6910                  1                       0
   6910 C6911                  1                       0
   6911 C6912                  1                       0
   6914 C6915                  1                       0
   6917 C6918        0.023184866                       0
   6918 C6919         0.94848119                       0
   6919 C6920        0.019960434                       0
   6920 C6921        0.018690937                       0
   6921 C6922        0.036838078                       0
   6922 C6923                  1                       0
   6924 C6925                  1                       0
   6925 C6926         0.95502908                       0
   6926 C6927                  1                       0
   6928 C6929                  1                       0
   6929 C6930                  1                       0
   6932 C6933         0.96628532                       0
   6933 C6934         0.95502908                       0
   6946 C6947        0.006547887                       0
   6952 C6953         0.96316192                       0
   6953 C6954                  1                       0
   6954 C6955         0.95502908                       0
   6955 C6956                  1                       0
   6959 C6960                  1                       0
   6962 C6963         0.94848119                       0
   6963 C6964        0.018690937                       0
   6965 C6966        0.036838078                       0
   6966 C6967         0.95502908                       0
   6969 C6970                  1                       0
   6970 C6971        0.023184866                       0
   6972 C6973                  1                       0
   6973 C6974        0.023184866                       0
   6975 C6976        0.021935263                       0
   6976 C6977         0.98546565                       0
   6977 C6978        0.033714675                       0
   6981 C6982        0.033714675                       0
   6987 C6988         0.95502908                       0
   6999 C7000                  1                       0
   7010 C7011                  1                       0
   7021 C7022                  1                       0
   7030 C7031         0.95502908                       0
   7032 C7033                  1                       0
   7037 C7038         0.93184421                       0
   7051 C7052         0.98003957                       0
   7052 C7053         0.98130906                       0
   7053 C7054         0.96316192                       0
   7055 C7056                  1                       0
   7057 C7058         0.05151881                       0
   7058 C7059         0.98003957                       0
   7059 C7060                  1                       0
   7066 C7067        0.021935263                       0
   7070 C7071        0.014534355                       0
   7077 C7078                  1                       0
   7088 C7089                  1                       0
   7089 C7090         0.98003957                       0
   7095 C7096        0.004493929                       0
   7096 C7097         0.98003957                       0
   7099 C7100        0.023184866                       0
   7110 C7111        0.023184866                       0
   7121 C7122         0.94848119                       0
   7135 C7136         0.96316192                       0
   7136 C7137        0.023184866                       0
   7146 C7147                  1                       0
   7147 C7148         0.98003957                       0
   7148 C7149        0.021935263                       0
   7155 C7156         0.96628532                       0
   7157 C7158         0.95502908                       0
   7158 C7159        0.036838078                       0
   7159 C7160         0.98546565                       0
   7160 C7161         0.95502908                       0
   7166 C7167         0.94848119                       0
   7168 C7169                  1                       0
   7169 C7170        0.023184866                       0
   7170 C7171        0.033714675                       0
   7177 C7178        0.021935263                       0
   7179 C7180                  1                       0
   7180 C7181        0.023184866                       0
   7202 C7203         0.98546565                       0
   7212 C7213                  1                       0
   7213 C7214        0.023184866                       0
   7214 C7215        0.033714675                       0
   7247 C7248                  1                       0
   7257 C7258         0.94848119                       0
   7331 C7332                  1                       0
   7332 C7333                  1                       0
   7334 C7335                  1                       0
   7336 C7337         0.94848119                       0
   7350 C7351        0.044970923                       0
   7353 C7354         0.96628532                       0
   7375 C7376                  1                       0
   7377 C7378         0.96628532                       0
   7379 C7380                  1                       0
   7386 C7387         0.05151881                       0
   7388 C7389                  1                       0
   7390 C7391         0.05151881                       0
   7401 C7402        0.066730707                       0
   7421 C7422        0.044970923                       0
   7434 C7435         0.96628532                       0
   7445 C7446        0.023184866                       0
   7454 C7455         0.96628532                       0
   7456 C7457                  1                       0
   7458 C7459         0.96628532                       0
   7459 C7460         0.96628532                       0
   7460 C7461         0.96628532                       0
   7461 C7462         0.94848119                       0
   7462 C7463                  1                       0
   7465 C7466                  1                       0
   7467 C7468                  1                       0
   7468 C7469         0.05151881                       0
   7478 C7479         0.96628532                       0
   7479 C7480        0.027701596                       0
   7500 C7501                  1                       0
   7523 C7524                  1                       0
   7589 C7590         0.05151881                       0
   7590 C7591        0.033714675                       0
   7591 C7592        0.033714675                       0
   7592 C7593        0.033714675                       0
   7593 C7594         0.05151881                       0
   7611 C7612          0.9722984                       0
   7633 C7634         0.05151881                       0
   7634 C7635        0.066730707                       0
   7637 C7638         0.96628532                       0
   7638 C7639        0.023184866                       0
   7644 C7645                  1                       0
   7657 C7658        0.066730707                       0
   7659 C7660        0.066730707                       0
   7660 C7661        0.019960434                       0
   7664 C7665        0.018690937                       0
   7689 C7690                  1                       0
   7690 C7691                  1                       0
   7691 C7692                  1                       0
   7692 C7693                  1                       0
   7693 C7694                  1                       0
   7694 C7695         0.94848119                       0
   7696 C7697                  1                       0
   7697 C7698                  1                       0
   7698 C7699        0.033714675                       0
   7724 C7725        0.033714675                       0
   7733 C7734              0.075                       0
   7734 C7735              0.075                       0
   7735 C7736         0.94848119                       0
   7737 C7738              0.075                       0
   7738 C7739         0.94848119                       0
   7739 C7740                  1                       0
   7740 C7741         0.94848119                       0
   7741 C7742              0.075                       0
   7742 C7743              0.075                       0
   7743 C7744         0.94848119                       0
   7749 C7750        0.033714675                       0
   7770 C7771        0.023184866                       0
   7779 C7780        0.044970923                       0
   7781 C7782         0.94848119                       0
   7782 C7783         0.94848119                       0
   7783 C7784         0.94848119                       0
   7785 C7786         0.94848119                       0
   7786 C7787         0.94848119                       0
   7790 C7791                  1                       0
   7801 C7802                  1                       0
   7810 C7811        0.066730707                       0
   7812 C7813                  1                       0
   7832 C7833        0.066730707                       0
   7835 C7836                  1                       0
   7843 C7844        0.019960434                       0
   7846 C7847                  1                       0
   7854 C7855        0.033714675                       0
   7855 C7856        0.033714675                       0
   7857 C7858                  1                       0
   7865 C7866              0.925                       0
   7866 C7867              0.925                       0
   7867 C7868         0.05151881                       0
   7868 C7869                  1                       0
   7869 C7870              0.925                       0
   7870 C7871         0.05151881                       0
   7872 C7873         0.05151881                       0
   7873 C7874              0.925                       0
   7874 C7875              0.925                       0
   7875 C7876         0.05151881                       0
   7876 C7877        0.036838078                       0
   7879 C7880                  1                       0
   7887 C7888        0.018690937                       0
   7890 C7891                  1                       0
   7898 C7899        0.066730707                       0
   7901 C7902                  1                       0
   7909 C7910        0.066730707                       0
   7910 C7911        0.023184866                       0
   7912 C7913                  1                       0
   7925 C7926        0.033714675                       0
   7927 C7928        0.036838078                       0
   7929 C7930        0.066730707                       0
   7930 C7931        0.066730707                       0
   7936 C7937        0.033714675                       0
   7941 C7942        0.023184866                       0
   7947 C7948        0.033714675                       0
   7952 C7953        0.044970923                       0
   7958 C7959         0.05151881                       0
   7962 C7963         0.96628532                       0
   7963 C7964                  1                       0
   7973 C7974        0.023184866                       0
   7974 C7975         0.94848119                       0
   7982 C7983        0.033714675                       0
   7985 C7986         0.94848119                       0
   7996 C7997         0.94848119                       0
   8018 C8019         0.94848119                       0
   8029 C8030         0.94848119                       0
   8118 C8119         0.96628532                       0
   8119 C8120         0.96628532                       0
   8122 C8123         0.97806474                       0
   8151 C8152         0.97681513                       0
   8152 C8153        0.019960434                       0
   8153 C8154         0.96316192                       0
   8154 C8155         0.97681513                       0
   8155 C8156         0.97681513                       0
   8156 C8157                  1                       0
   8157 C8158        0.014534355                       0
   8158 C8159         0.97681513                       0
   8161 C8162         0.97681513                       0
   8162 C8163         0.93326929                       0
   8163 C8164         0.97806474                       0
   8164 C8165        0.014534355                       0
   8166 C8167         0.97681513                       0
   8173 C8174         0.93326929                       0
   8174 C8175         0.97681513                       0
   8177 C8178         0.05151881                       0
   8189 C8190         0.96628532                       0
   8192 C8193         0.97681513                       0
   8193 C8194         0.93326929                       0
   8194 C8195         0.93326929                       0
   8200 C8201         0.96628532                       0
   8203 C8204        0.019960434                       0
   8204 C8205         0.97806474                       0
   8205 C8206         0.97681513                       0
   8214 C8215         0.96316192                       0
   8215 C8216        0.014534355                       0
   8225 C8226         0.97681513                       0
   8233 C8234         0.97806474                       0
   8236 C8237         0.97681513                       0
   8237 C8238         0.97681513                       0
   8238 C8239         0.05151881                       0
   8247 C8248                  1                       0
   8258 C8259        0.014534355                       0
   8269 C8270         0.97681513                       0
   8272 C8273                  1                       0
   8273 C8274                  1                       0
   8274 C8275                  1                       0
   8275 C8276                  1                       0
   8276 C8277                  1                       0
   8277 C8278                  1                       0
   8278 C8279                  1                       0
   8279 C8280                  1                       0
   8280 C8281                  1                       0
   8281 C8282                  1                       0
   8282 C8283                  1                       0
   8314 C8315                  1                       0
   8384 C8385         0.96628532                       0
   8385 C8386         0.94848119                       0
   8386 C8387        0.021935263                       0
   8404 C8405         0.96316192                       0
   8405 C8406                  1                       0
   8406 C8407         0.95502908                       0
   8407 C8408                  1                       0
   8408 C8409                  1                       0
   8411 C8412                  1                       0
   8414 C8415         0.94848119                       0
   8415 C8416        0.023184866                       0
   8416 C8417         0.98003957                       0
   8417 C8418        0.036838078                       0
   8418 C8419        0.023184866                       0
   8419 C8420        0.023184866                       0
   8421 C8422         0.98546565                       0
   8422 C8423        0.023184866                       0
   8424 C8425                  1                       0
   8425 C8426        0.023184866                       0
   8427 C8428        0.021935263                       0
   8428 C8429         0.98546565                       0
   8429 C8430        0.033714675                       0
   8433 C8434        0.033714675                       0
   8439 C8440         0.95502908                       0
   8455 C8456                  1                       0
   8466 C8467                  1                       0
   8477 C8478                  1                       0
   8488 C8489                  1                       0
   8499 C8500                  1                       0
   8510 C8511                  1                       0
   8514 C8515         0.96628532                       0
   8515 C8516         0.96628532                       0
   8518 C8519         0.97806474                       0
   8521 C8522                  1                       0
   8532 C8533                  1                       0
   8547 C8548         0.97681513                       0
   8548 C8549        0.019960434                       0
   8549 C8550         0.96316192                       0
   8550 C8551         0.97681513                       0
   8551 C8552         0.97681513                       0
   8552 C8553                  1                       0
   8553 C8554        0.014534355                       0
   8554 C8555         0.97681513                       0
   8555 C8556                  1                       0
   8557 C8558         0.97681513                       0
   8558 C8559         0.93326929                       0
   8559 C8560         0.97806474                       0
   8560 C8561        0.014534355                       0
   8562 C8563         0.97681513                       0
   8566 C8567                  1                       0
   8569 C8570         0.93326929                       0
   8570 C8571         0.97681513                       0
   8573 C8574         0.05151881                       0
   8577 C8578                  1                       0
   8585 C8586         0.96628532                       0
   8589 C8590         0.93326929                       0
   8590 C8591         0.93326929                       0
   8596 C8597         0.96628532                       0
   8600 C8601                  1                       0
   8601 C8602         0.97681513                       0
   8607 C8608         0.96628532                       0
   8611 C8612                  1                       0
   8612 C8613         0.95502908                       0
   8618 C8619         0.94848119                       0
   8622 C8623        0.033714675                       0
   8629 C8630                  1                       0
   8633 C8634         0.97681513                       0
   8634 C8635         0.05151881                       0
   8666 C8667        0.033714675                       0
   8668 C8669        0.036838078                       0
   8670 C8671        0.044970923                       0
   8673 C8674                  1                       0
   8674 C8675                  1                       0
   8677 C8678                  1                       0
   8678 C8679         0.05151881                       0
   8717 C8718         0.96628532                       0
   8728 C8729         0.96628532                       0
   8739 C8740         0.96628532                       0
   8750 C8751         0.94848119                       0
   8761 C8762                  1                       0
   8802 C8803        0.044970923                       0
   8805 C8806         0.96628532                       0
   8806 C8807                  1                       0
   8822 C8823        0.066730707                       0
   8825 C8826         0.96628532                       0
   8826 C8827        0.023184866                       0
   8827 C8828                  1                       0
   8828 C8829                  1                       0
   8829 C8830         0.96628532                       0
   8831 C8832                  1                       0
   8832 C8833                  1                       0
   8839 C8840         0.05151881                       0
   8840 C8841        0.027701596                       0
   8851 C8852        0.036838078                       0
   8873 C8874        0.044970923                       0
   8906 C8907                  1                       0
   8910 C8911         0.96628532                       0
   8911 C8912         0.96628532                       0
   8912 C8913         0.96628532                       0
   8913 C8914         0.94848119                       0
   8914 C8915                  1                       0
   8917 C8918                  1                       0
   8954 C8955         0.93326929                       0
   8955 C8956                  1                       0
   8956 C8957                  1                       0
   8957 C8958        0.033714675                       0
   8958 C8959         0.97681513                       0
   8961 C8962        0.033714675                       0
   8962 C8963                  1                       0
   8965 C8966         0.93326929                       0
   8966 C8967         0.97681513                       0
   8967 C8968         0.95502908                       0
   8969 C8970         0.05151881                       0
   8973 C8974         0.05151881                       0
   8986 C8987         0.93326929                       0
   8997 C8998         0.97681513                       0
   9008 C9009         0.95502908                       0
   9030 C9031         0.05151881                       0
   9052 C9053         0.05151881                       0
   9063 C9064        0.027701596                       0
   9064 C9065        0.036838078                       0
   9069 C9070        0.033714675                       0
   9074 C9075         0.05151881                       0
   9113 C9114        0.033714675                       0
   9117 C9118        0.066730707                       0
   9124 C9125        0.033714675                       0
   9135 C9136        0.033714675                       0
   9146 C9147         0.05151881                       0
   9150 C9151         0.96628532                       0
   9161 C9162        0.023184866                       0
   9234 C9235         0.05151881                       0
   9236 C9237          0.9722984                       0
   9238 C9239         0.05151881                       0
   9239 C9240                  1                       0
   9306 C9307        0.033714675                       0
   9307 C9308        0.033714675                       0
   9308 C9309        0.033714675                       0
   9309 C9310         0.05151881                       0
   9328 C9329        0.036838078                       0
   9333 C9334        0.033714675                       0
   9350 C9351        0.066730707                       0
   9353 C9354         0.96628532                       0
   9354 C9355        0.023184866                       0
   9361 C9362        0.066730707                       0
   9362 C9363        0.023184866                       0
   9363 C9364        0.044970923                       0
   9364 C9365                  1                       0
   9365 C9366         0.94848119                       0
   9366 C9367         0.94848119                       0
   9367 C9368         0.94848119                       0
   9369 C9370         0.94848119                       0
   9370 C9371         0.94848119                       0
   9379 C9380        0.036838078                       0
   9434 C9435        0.033714675                       0
   9493 C9494         0.93326929                       0
   9494 C9495         0.97681513                       0
   9495 C9496         0.95502908                       0
   9497 C9498         0.05151881                       0
   9499 C9500         0.05151881                       0
   9500 C9501        0.027701596                       0
   9501 C9502         0.05151881                       0
   9570 C9571        0.030687502                       0
   9571 C9572        0.030687502                       0
   9573 C9574        0.030687502                       0
   9574 C9575        0.030687502                       0
   9575 C9576        0.030687502                       0
   9576 C9577        0.030687502                       0
   9577 C9578        0.030687502                       0
   9578 C9579        0.030687502                       0
   9579 C9580        0.030687502                       0
   9580 C9581        0.030687502                       0
   9600 C9601        0.030687502                       0
   9601 C9602        0.030687502                       0
   9602 C9603        0.030687502                       0
   9603 C9604        0.030687502                       0
   9604 C9605        0.030687502                       0
   9605 C9606        0.030687502                       0
   9606 C9607        0.030687502                       0
   9607 C9608        0.030687502                       0
   9638 C9639              0.075                       0
   9648 C9649              0.075                       0
   9657 C9658              0.075                       0
   9779 C9780        0.036838078                       0
   9780 C9781        0.036838078                       0
   9782 C9783        0.036838078                       0
   9783 C9784        0.036838078                       0
   9784 C9785        0.036838078                       0
   9786 C9787        0.036838078                       0
   9787 C9788        0.036838078                       0
   9788 C9789        0.036838078                       0
   9806 C9807        0.036838078                       0
   9807 C9808        0.036838078                       0
   9808 C9809        0.036838078                       0
   9810 C9811        0.036838078                       0
   9811 C9812        0.036838078                       0
   9812 C9813        0.036838078                       0
   9828 C9829        0.036838078                       0
   9829 C9830        0.036838078                       0
   9830 C9831        0.036838078                       0
   9837 C9838        0.018690937                       0
   9841 C9842        0.018690937                       0
   9847 C9848        0.018690937                       0
   9851 C9852        0.018690937                       0
   9856 C9857        0.018690937                       0
   9860 C9861        0.018690937                       0
   9864 C9865        0.018690937                       0
   9868 C9869        0.018690937                       0
   9881 C9882        0.018690937                       0
   9886 C9887        0.018690937                       0
   9890 C9891        0.018690937                       0
   9912 C9913        0.030687502                       0
   9921 C9922        0.030687502                       0
   9966 C9967        0.036838078                       0
   9969 C9970        0.036838078                       0
   9973 C9974        0.036838078                       0
   9988 C9989        0.036838078                       0
   9992 C9993        0.036838078                       0
   9996 C9997        0.036838078                       0
  10000 C10001       0.036838078                       0
  10013 C10014       0.036838078                       0
  10018 C10019       0.036838078                       0
  10022 C10023       0.036838078                       0
  10102 C10103       0.018331859                       0
  10103 C10104       0.018331859                       0
  10104 C10105       0.018331859                       0
  10106 C10107       0.018331859                       0
  10107 C10108       0.018331859                       0
  10108 C10109       0.018331859                       0
  10112 C10113       0.018331859                       0
  10113 C10114       0.018331859                       0
  10114 C10115       0.018331859                       0
  10116 C10117       0.018331859                       0
  10117 C10118       0.018331859                       0
  10118 C10119       0.018331859                       0
  10121 C10122       0.018331859                       0
  10122 C10123       0.018331859                       0
  10123 C10124       0.018331859                       0
  10125 C10126       0.018331859                       0
  10126 C10127       0.018331859                       0
  10127 C10128       0.018331859                       0
  10129 C10130       0.018331859                       0
  10130 C10131       0.018331859                       0
  10131 C10132       0.018331859                       0
  10133 C10134       0.018331859                       0
  10134 C10135       0.018331859                       0
  10135 C10136       0.018331859                       0
  10136 C10137       0.018331859                       0
  10137 C10138       0.018331859                       0
  10138 C10139       0.018331859                       0
  10140 C10141       0.018331859                       0
  10141 C10142       0.018331859                       0
  10142 C10143       0.018331859                       0
  10158 C10159       0.018331859                       0
  10159 C10160       0.018331859                       0
  10160 C10161       0.018331859                       0
  10260 C10261             0.075                       0
  10261 C10262             0.075                       0
  10262 C10263             0.075                       0
  10263 C10264             0.075                       0
  10264 C10265             0.075                       0
  10265 C10266             0.075                       0
  10266 C10267             0.075                       0
  10267 C10268             0.075                       0
  10400 C10401       0.018690937                       0
  10401 C10402       0.018690937                       0
  10402 C10403       0.018690937                       0
  10404 C10405       0.018690937                       0
  10405 C10406       0.018690937                       0
  10406 C10407       0.018690937                       0
  10422 C10423       0.018690937                       0
  10423 C10424       0.018690937                       0
  10424 C10425       0.018690937                       0
  10501 C10502       0.021935263                       0
  10511 C10512       0.021935263                       0
  10520 C10521       0.021935263                       0
  10528 C10529       0.021935263                       0
  10535 C10536       0.021935263                       0
  10541 C10542       0.021935263                       0
  10546 C10547       0.021935263                       0
  10550 C10551       0.021935263                       0
  10737 C10738       0.014534355                       0
  10738 C10739       0.014534355                       0
  10739 C10740       0.014534355                       0
  10740 C10741       0.014534355                       0
  10741 C10742       0.014534355                       0
  10742 C10743       0.014534355                       0
  10805 C10806       0.018331859                       0
  10810 C10811       0.018331859                       0
  10814 C10815       0.018331859                       0
  10894 C10895       0.027701596                       0
  10896 C10897       0.027701596                       0
  10898 C10899       0.027701596                       0
  10899 C10900       0.027701596                       0
  10900 C10901       0.027701596                       0
  10904 C10905       0.027701596                       0
  10906 C10907       0.027701596                       0
  10908 C10909       0.027701596                       0
  10909 C10910       0.027701596                       0
  10910 C10911       0.027701596                       0
  10913 C10914       0.027701596                       0
  10915 C10916       0.027701596                       0
  10917 C10918       0.027701596                       0
  10918 C10919       0.027701596                       0
  10919 C10920       0.027701596                       0
  10921 C10922       0.027701596                       0
  10923 C10924       0.027701596                       0
  10925 C10926       0.027701596                       0
  10926 C10927       0.027701596                       0
  10927 C10928       0.027701596                       0
  10928 C10929       0.027701596                       0
  10930 C10931       0.027701596                       0
  10932 C10933       0.027701596                       0
  10933 C10934       0.027701596                       0
  10934 C10935       0.027701596                       0
  10941 C10942       0.027701596                       0
  10943 C10944       0.027701596                       0
  10944 C10945       0.027701596                       0
  10945 C10946       0.027701596                       0
  10950 C10951       0.027701596                       0
  10951 C10952       0.027701596                       0
  10952 C10953       0.027701596                       0
  11144 C11145            0.0025                       0
  11145 C11146            0.0025                       0
  11146 C11147            0.0025                       0
  11147 C11148            0.0025                       0
  11214 C11215       0.021935263                       0
  11215 C11216       0.021935263                       0
  11216 C11217       0.021935263                       0
  11290 C11291       0.014534355                       0
  11300 C11301       0.014534355                       0
  11309 C11310       0.014534355                       0
  11317 C11318       0.014534355                       0
  11324 C11325       0.014534355                       0
  11463 C11464       0.023660152                       0
  11464 C11465       0.023660152                       0
  11465 C11466       0.023660152                       0
  11467 C11468       0.023660152                       0
  11468 C11469       0.023660152                       0
  11481 C11482       0.023660152                       0
  11482 C11483       0.023660152                       0
  11554 C11555       0.023660152                       0
  11558 C11559       0.023660152                       0
  11564 C11565       0.023660152                       0
  11568 C11569       0.023660152                       0
  11573 C11574       0.023660152                       0
  11577 C11578       0.023660152                       0
  11581 C11582       0.023660152                       0
  11585 C11586       0.023660152                       0
  11588 C11589       0.023660152                       0
  11592 C11593       0.023660152                       0
  11603 C11604       0.023660152                       0
  11607 C11608       0.023660152                       0
  11610 C11611       0.023660152                       0
  11661 C11662       0.002297098                       0
  11662 C11663       0.002297098                       0
  11663 C11664       0.002297098                       0
  11666 C11667       0.002297098                       0
  11680 C11681       0.002297098                       0
  11681 C11682       0.002297098                       0
  11727 C11728       0.027701596                       0
  11729 C11730       0.027701596                       0
  11738 C11739       0.027701596                       0
  11754 C11755            0.0025                       0
  11764 C11765            0.0025                       0
  11773 C11774            0.0025                       0
  11781 C11782            0.0025                       0
  11788 C11789            0.0025                       0
  11794 C11795            0.0025                       0
  11799 C11800            0.0025                       0
  11818 C11819       0.002297098                       0
  11822 C11823       0.002297098                       0
  11823 C11824       0.002297098                       0
  11828 C11829       0.002297098                       0
  11832 C11833       0.002297098                       0
  11833 C11834       0.002297098                       0
  11837 C11838       0.002297098                       0
  11841 C11842       0.002297098                       0
  11842 C11843       0.002297098                       0
  11845 C11846       0.002297098                       0
  11849 C11850       0.002297098                       0
  11850 C11851       0.002297098                       0
  11852 C11853       0.002297098                       0
  11856 C11857       0.002297098                       0
  11857 C11858       0.002297098                       0
  11867 C11868       0.002297098                       0
  11868 C11869       0.002297098                       0
  11871 C11872       0.002297098                       0
  11872 C11873       0.002297098                       0
  11874 C11875       0.002297098                       0
  11875 C11876       0.002297098                       0
  11880 C11881       0.066730707                       0
  11884 C11885       0.046770273                       0
  11885 C11886       0.033016032                       0
  11887 C11888       0.029892629                       0
  11888 C11889        0.04803977                       0
  11948 C11949       0.030687502                       0
  11957 C11958       0.030687502                       0
  12089 C12090       0.066730707                       0
  12094 C12095       0.066730707                       0
  12228 C12229       0.018690937                       0
  12411 C12412       0.044970923                       0
  12415 C12416       0.008132845                       0
  12421 C12422       0.044970923                       0
  12425 C12426       0.044970923                       0
  12430 C12431       0.044970923                       0
  12432 C12433       0.011256248                       0
  12436 C12437       0.044970923                       0
  12438 C12439       0.044970923                       0
  12439 C12440       0.044970923                       0
  12442 C12443       0.044970923                       0
  12461 C12462       0.044970923                       0
  12464 C12465       0.044970923                       0
  12519 C12520       0.018331859                       0
  12523 C12524       0.018331859                       0
  12533 C12534       0.018331859                       0
  12537 C12538       0.018331859                       0
  12542 C12543        0.05151881                       0
  12552 C12553        0.05151881                       0
  12561 C12562        0.05151881                       0
  12591 C12592        0.05151881                       0
  12702 C12703       0.016650195                       0
  12703 C12704       0.016650195                       0
  12704 C12705       0.016650195                       0
  12705 C12706       0.016650195                       0
  12706 C12707       0.016650195                       0
  12707 C12708       0.016650195                       0
  12708 C12709       0.016650195                       0
  12709 C12710       0.016650195                       0
  12818 C12819       0.001269497                       0
  12842 C12843       0.019960434                       0
  12844 C12845       0.019960434                       0
  12845 C12846       0.019960434                       0
  12918 C12919       0.021935263                       0
  12976 C12977       0.044970923                       0
  12981 C12982       0.044970923                       0
  12983 C12984       0.044970923                       0
  12985 C12986       0.044970923                       0
  12986 C12987       0.044970923                       0
  12999 C13000       0.044970923                       0
  13005 C13006       0.019960434                       0
  13015 C13016       0.019960434                       0
  13024 C13025       0.019960434                       0
  13032 C13033       0.019960434                       0
  13050 C13051       0.019960434                       0
  13085 C13086       0.014534355                       0
  13102 C13103       0.014534355                       0
  13109 C13110       0.014534355                       0
  13124 C13125       0.014534355                       0
  13185 C13186       0.018331859                       0
  13187 C13188       0.018331859                       0
  13249 C13250       0.033714675                       0
  13252 C13253       0.033714675                       0
  13254 C13255       0.033714675                       0
  13263 C13264       0.033714675                       0
  13331 C13332       0.027701596                       0
  13362 C13363        0.05151881                       0
  13363 C13364        0.05151881                       0
  13366 C13367        0.05151881                       0
  13367 C13368        0.05151881                       0
  13400 C13401       0.016650195                       0
  13410 C13411       0.016650195                       0
  13419 C13420       0.016650195                       0
  13501 C13502            0.0025                       0
  13615 C13616       0.001249603                       0
  13635 C13636       0.001249603                       0
  13640 C13641       0.023184866                       0
  13644 C13645       0.023184866                       0
  13656 C13657       0.023184866                       0
  13657 C13658       0.023184866                       0
  13658 C13659       0.023184866                       0
  13725 C13726       0.014534355                       0
  13735 C13736       0.023184866                       0
  13745 C13746       0.023184866                       0
  13754 C13755       0.023184866                       0
  13762 C13763       0.023184866                       0
  13769 C13770       0.023184866                       0
  13775 C13776       0.023184866                       0
  13780 C13781       0.023184866                       0
  13784 C13785       0.023184866                       0
  13813 C13814       0.023660152                       0
  13814 C13815       0.000475286                       0
  13822 C13823       0.023660152                       0
  13833 C13834       0.023660152                       0
  13837 C13838       0.000475286                       0
  13838 C13839       0.023660152                       0
  13855 C13856       0.023660152                       0
  13899 C13900       0.033714675                       0
  13925 C13926       0.033714675                       0
  13973 C13974       0.023660152                       0
  13978 C13979       0.023660152                       0
  14257 C14258                 1                       0
  14258 C14259                 1                       0
  14260 C14261                 1                       0
  14261 C14262                 1                       0
  14262 C14263                 1                       0
  14263 C14264                 1                       0
  14265 C14266                 1                       0
  14267 C14268                 1                       0
  14269 C14270                 1                       0
  14271 C14272                 1                       0
  14274 C14275                 1                       0
  14275 C14276                 1                       0
  14277 C14278                 1                       0
  14280 C14281                 1                       0
  14281 C14282                 1                       0
  14283 C14284                 1                       0
  14285 C14286                 1                       0
  14287 C14288                 1                       0
  14288 C14289                 1                       0
  14289 C14290                 1                       0
  14290 C14291                 1                       0
  14291 C14292                 1                       0
  14293 C14294                 1                       0
  14300 C14301                 1              0.55237504
  14307 C14308                 1                   0.225
  14314 C14315                 1                       0
  14320 C14321                 1              0.62624733
  14327 C14328                 1              0.20560031
  14335 C14336                 1             0.061375004
  14341 C14342                 1              0.36838078
  14349 C14350                 1                       0
  14356 C14357                 1              0.60495135
  14363 C14364                 1                       0
  14370 C14371                 1                     0.6
  14376 C14377                 1                       0
  14383 C14384                 1              0.16821843
  14390 C14391                 1                       0
  14398 C14399                 1               0.1754821
  14405 C14406                 1                       0
  14411 C14412                 1                       0
  14419 C14420                 1              0.08720613
  14426 C14427                 1             0.054995577
  14433 C14434                 1                       0
  14440 C14441                 1              0.88645107
  14447 C14448                 1                       0
  14453 C14454                 1                       0
  14462 C14463                 1                    0.01
  14468 C14469                 1             0.065805789
  14474 C14475                 1                       0
  14482 C14483                 1             0.072671775
  14488 C14489                 1                       0
  14496 C14497                 1              0.16562106
  14503 C14504                 1                       0
  14510 C14511                 1              0.30758198
  14520 C14521                 1             0.013782588
  14524 C14525                 1             0.083104788
  14532 C14533                 1                  0.0175
  14541 C14542                 1             0.048239058
