Stopped on time - objective value 79.63839000
      6 C0007                  1                       0
    165 C0166                  1                       0
    231 C0232                  1                       0
    236 C0237                  1                       0
    259 C0260                  1                       0
    284 C0285                  4                       0
    287 C0288                  4                       0
    331 C0332                  3                       0
    382 C0383                  1                       0
    412 C0413                  1                       0
    447 C0448                  4                       0
    479 C0480                  1                       0
    527 C0528                  3                       0
    719 C0720                  1                       0
    737 C0738                  1                       0
    842 C0843                  1                       0
    866 C0867                  3                       0
   1040 C1041                  1                       0
   1068 C1069                  1                       0
   1074 C1075                  1                       0
   1217 C1218                  1                       0
   1223 C1224                  2                       0
   1265 C1266                  1                       0
   1322 C1323                  1                       0
   1337 C1338                  1                       0
   1339 C1340                  1                       0
   1343 C1344                  2                       0
   1349 C1350                  2                       0
   1363 C1364                  1                       0
   1364 C1365                  1                       0
   1365 C1366                  1                       0
   1366 C1367                  1                       0
   1367 C1368                  4                       0
   1374 C1375                  1                 2.23607
   1444 C1445                  1                       1
   1533 C1534                  1                 1.41421
   1554 C1555                  1                       1
   1566 C1567                  1                 2.23607
   1599 C1600                  1                       1
   1604 C1605                  1                 1.41421
   1627 C1628                  1                 1.41421
   1652 C1653                  1                 1.41421
   1655 C1656                  1                       2
   1672 C1673                  1                       1
   1699 C1700                  1                 1.41421
   1750 C1751                  1                       2
   1780 C1781                  1                 2.82843
   1791 C1792                  1                       2
   1815 C1816                  1                       2
   1847 C1848                  1                 2.82843
   1895 C1896                  1                       2
   1992 C1993                  1                       2
   2076 C2077                  1                 2.23607
   2087 C2088                  1                       2
   2099 C2100                  1                 1.41421
   2105 C2106                  1                       2
   2113 C2114                  1                 2.82843
   2195 C2196                  1                 2.23607
   2210 C2211                  1                       1
   2234 C2235                  1                 2.23607
   2273 C2274                  1                       1
   2396 C2397                  1                       1
   2408 C2409                  1                 2.23607
   2412 C2413                  1                       1
   2436 C2437                  1                 2.82843
   2442 C2443                  1                 1.41421
   2540 C2541                  1                 2.23607
   2585 C2586                  1                 2.23607
   2591 C2592                  1                 2.82843
   2633 C2634                  1                 2.23607
   2649 C2650                  1                 2.23607
   2690 C2691                  1                 2.23607
   2705 C2706                  1                       1
   2707 C2708                  1                       1
   2711 C2712                  1                       1
   2713 C2714                  1                       2
   2717 C2718                  1                       2
