Stopped on time - objective value 446.00000000
      2 C0003                  1                       0
      6 C0007                  1                       0
      7 C0008                  1                       0
      8 C0009                  1                       0
      9 C0010                  1                       0
     10 C0011                  1                       0
     11 C0012                  1                       0
     12 C0013                  1                       0
     13 C0014                  1                       0
     14 C0015                  1                       0
     21 C0022                  1                       0
     22 C0023                  1                       0
     23 C0024                  1                       0
     24 C0025                  1                       0
     25 C0026                  1                       0
     26 C0027                  1                       0
     27 C0028                  1                       0
     29 C0030                  1                       0
     30 C0031                  1                       0
     31 C0032                  1                       0
     33 C0034                  1                       0
     36 C0037                  1                       0
     37 C0038                  1                       0
     38 C0039                  1                       0
     41 C0042                  1                       0
     42 C0043                  1                       0
     43 C0044                  1                       0
     45 C0046                  1                       0
     46 C0047                  1                       0
     47 C0048                  1                       0
     48 C0049                  1                       0
     50 C0051                  1                       0
     57 C0058                  1                       0
     58 C0059                  1                       0
     59 C0060                  1                       0
     62 C0063                  1                       0
     78 C0079                  1                       0
     79 C0080                  1                       0
     81 C0082                  1                       0
     84 C0085                  1                       0
     85 C0086                  1                       0
     87 C0088                  1                       0
     88 C0089                  1                       0
     89 C0090                  1                       0
     99 C0100                  1                       0
    100 C0101                  1                       0
    101 C0102                  1                       0
    102 C0103                  1                       0
    103 C0104                  1                       0
    104 C0105                  1                       0
    112 C0113                  1                       0
    116 C0117                  1                       0
    118 C0119                  1                       0
    119 C0120                  1                       0
    123 C0124                  1                       0
    124 C0125                  1                       0
    128 C0129                  1                       0
    133 C0134                  1                       0
    135 C0136                  1                       0
    136 C0137                  1                       0
    137 C0138                  1                       0
    138 C0139                  1                       0
    139 C0140                  1                       0
    140 C0141                  1                       0
    144 C0145                  1                       0
    145 C0146                  1                       0
    147 C0148                  1                       0
    148 C0149                  1                       0
    149 C0150                  1                       0
    150 C0151                  1                       0
    151 C0152                  1                       0
    152 C0153                  1                       0
    153 C0154                  1                       0
    154 C0155                  1                       0
    155 C0156                  1                       0
    156 C0157                  1                       0
    157 C0158                  1                       0
    158 C0159                  1                       0
    159 C0160                  1                       0
    160 C0161                  1                       0
    161 C0162                  1                       0
    164 C0165                  1                       0
    166 C0167                  1                       0
    167 C0168                  1                       0
    173 C0174                  1                       0
    175 C0176                  1                       0
    177 C0178                  1                       0
    178 C0179                  1                       0
    179 C0180                  1                       0
    180 C0181                  1                       0
    181 C0182                  1                       0
    182 C0183                  1                       0
    184 C0185                  1                       0
    185 C0186                  1                       0
    186 C0187                  1                       0
    187 C0188                  1                       0
    188 C0189                  1                       0
    189 C0190                  1                       0
    190 C0191                  1                       0
    191 C0192                  1                       0
    192 C0193                  1                       0
    194 C0195                  1                       0
    195 C0196                  1                       0
    197 C0198                  1                       0
    199 C0200                  1                       0
    201 C0202                  1                       0
    204 C0205                  1                       0
    206 C0207                  1                       0
    209 C0210                  1                       0
    211 C0212                  1                       0
    213 C0214                  1                       0
    216 C0217                  1                       0
    217 C0218                  1                       0
    218 C0219                  1                       0
    220 C0221                  1                       0
    225 C0226                  1                       0
    230 C0231                  1                       0
    231 C0232                  1                       0
    232 C0233                  1                       0
    233 C0234                  1                       0
    234 C0235                  1                       0
    242 C0243                  1                       0
    252 C0253                  1                       0
    253 C0254                  1                       0
    254 C0255                  1                       0
    255 C0256                  1                       0
    256 C0257                  1                       0
    258 C0259                  1                       0
    260 C0261                  1                       0
    267 C0268                  1                       0
    277 C0278                  1                       0
    280 C0281                  1                       0
    282 C0283                  1                       0
    284 C0285                  1                       0
    286 C0287                  1                       0
    287 C0288                  1                       0
    289 C0290                  1                       0
    291 C0292                  1                       0
    292 C0293                  1                       0
    294 C0295                  1                       0
    296 C0297                  1                       0
    298 C0299                  1                       0
    299 C0300                  1                       0
    303 C0304                  1                       0
    305 C0306                  1                       0
    306 C0307                  1                       0
    307 C0308                  1                       0
    308 C0309                  1                       0
    310 C0311                  1                       0
    311 C0312                  1                       0
    312 C0313                  1                       0
    313 C0314                  1                       0
    319 C0320                  1                       0
    320 C0321                  1                       0
    321 C0322                  1                       0
    322 C0323                  1                       0
    323 C0324                  1                       0
    324 C0325                  1                       0
    325 C0326                  1                       0
    327 C0328                  1                       0
    328 C0329                  1                       0
    329 C0330                  1                       0
    330 C0331                  1                       0
    331 C0332                  1                       0
    332 C0333                  1                       0
    333 C0334                  1                       0
    334 C0335                  1                       0
    335 C0336                  1                       0
    336 C0337                  6                       0
    337 C0338                  1                       0
    338 C0339                  2                       0
    339 C0340                  7                       0
    340 C0341                  5                       0
    341 C0342                  4                       0
    342 C0343                  3                       0
    343 C0344                  3                       0
    344 C0345                  4                       0
    345 C0346                  2                       0
    346 C0347                  7                       0
    347 C0348                  1                       0
    348 C0349                  3                       0
    349 C0350                  6                       0
    350 C0351                  2                       0
    351 C0352                  7                       0
    352 C0353                  4                       0
    353 C0354                  5                       0
    354 C0355                  4                       0
    355 C0356                  3                       0
    356 C0357                  4                       0
    357 C0358                  6                       0
    358 C0359                  2                       0
    359 C0360                  5                       0
    360 C0361                  7                       0
    361 C0362                  1                       0
    362 C0363                  6                       0
    363 C0364                  3                       0
    364 C0365                  4                       0
    365 C0366                  5                       0
    366 C0367                  1                       0
    367 C0368                  1                       0
    368 C0369                  2                       0
    369 C0370                  7                       0
    370 C0371                  6                       0
    371 C0372                  5                       0
    372 C0373                  2                       0
    373 C0374                  3                       0
    374 C0375                  4                       0
    375 C0376                  1                       0
    376 C0377                446                       1
