Stopped on time - objective value 34.45935582
     63 C0064          45.230357          -3.4586049e-16
     71 C0072          50.777832          -3.1008182e-17
    101 C0102          137.50294          -5.5727992e-17
    209 C0210          55.573696          -2.0735367e-17
    210 C0211          24.473728          -8.3700408e-17
    211 C0212           70.65446          -1.4647571e-16
    496 C0497          6.7945089                       0
    497 C0498          3.5607826                       0
    498 C0499         -3.7551307          -4.3368087e-19
    499 C0500         -14.460588                       0
    500 C0501         -17.903405          -4.3368087e-19
    501 C0502         -19.923898                       0
    502 C0503         -18.138682          -4.3368087e-19
    503 C0504         -17.660498                       0
    504 C0505         -13.396986          -4.3368087e-19
    505 C0506          9.1469661                       0
    506 C0507          25.963305                       0
    507 C0508          23.594471          -4.3368087e-19
    508 C0509          3.4773188                       0
    509 C0510         -5.2523944           4.3368087e-19
    510 C0511         -15.296866          -4.3368087e-19
    511 C0512         -12.606205                       0
    512 C0513          5.5974697          -4.3368087e-19
    513 C0514          17.568599                       0
    514 C0515           3.137725          -4.3368087e-19
    515 C0516         -7.4391577          -4.3368087e-19
    516 C0517          9.3637104                       0
    517 C0518          11.139807                       0
    518 C0519            21.5325                       0
    519 C0520          36.169682          -4.3368087e-19
    520 C0521          22.637382                       0
    521 C0522          9.9733357                       0
    522 C0523          12.747864          -4.3368087e-19
    523 C0524          19.250181          -4.3368087e-19
    524 C0525          11.511922                       0
    525 C0526          11.586889                       0
    526 C0527           19.66584                       0
    527 C0528          25.986185                       0
    528 C0529          12.016804          -4.3368087e-19
    529 C0530        -0.23827926                       0
    530 C0531         -7.8692815          -4.3368087e-19
    531 C0532         -1.5854354          -4.3368087e-19
    532 C0533          7.0571475                       0
    533 C0534          9.7717715                       0
    534 C0535          10.412956          -4.3368087e-19
    535 C0536          12.456769                       0
    536 C0537          11.776644                       0
    537 C0538          13.858038                       0
    538 C0539          29.111551                       0
    539 C0540          54.983585                       0
    540 C0541          51.063275                       0
    541 C0542          22.145799                       0
    542 C0543          3.7660525                       0
    543 C0544          2.0502901           4.3368087e-19
    544 C0545          7.4413865                       0
    545 C0546          17.680047                       0
    546 C0547          31.713798                       0
    547 C0548            9.74879                       0
    549 C0550          2.4830882                       0
    550 C0551           4.154667                       0
    551 C0552          8.0379539          -4.3368087e-19
    552 C0553           8.642512                       0
    553 C0554          20.691559          -4.3368087e-19
    554 C0555          50.775596                       0
    555 C0556           34.70243                       0
    556 C0557          40.052302                       0
    557 C0558          7.2300122                       0
    559 C0560          7.6674303                       0
    560 C0561          9.0097084                       0
    561 C0562          7.2734421          -4.3368087e-19
    562 C0563          5.7727931          -4.3368087e-19
    563 C0564          6.2830112          -4.3368087e-19
    564 C0565          10.951055                       0
    565 C0566          30.486041          -4.3368087e-19
    566 C0567          26.189801                       0
    567 C0568          16.427342          -4.3368087e-19
    568 C0569          8.7166052                       0
    569 C0570          7.8870391                       0
    570 C0571          6.9466879                       0
    571 C0572          10.172636          -4.3368087e-19
    572 C0573          8.2559385                       0
    573 C0574          3.1091972                       0
    574 C0575           4.050956          -4.3368087e-19
    575 C0576          2.6258429                       0
    576 C0577          7.1070857                       0
    577 C0578          1.5197938                       0
    578 C0579         0.68396023                       0
    579 C0580          5.6925806                       0
    580 C0581          5.8240824                       0
    581 C0582          5.8787096                       0
    582 C0583          4.7565757          -4.3368087e-19
    583 C0584           4.446941                       0
    584 C0585          5.7732906                       0
    585 C0586          4.6070647                       0
    586 C0587          2.3659905                       0
    588 C0589          8.2269897                       0
    589 C0590           7.544039                       0
    590 C0591          6.2866671          -4.3368087e-19
    591 C0592          4.6231151          -4.3368087e-19
    592 C0593          3.9774656                       0
    593 C0594         0.50800073                       0
    594 C0595          3.1451424                       0
    595 C0596          4.9875285                       0
    596 C0597          6.6357929                       0
    597 C0598          7.3743506          -4.3368087e-19
    598 C0599          13.511736                       0
    599 C0600          16.881346           4.3368087e-19
    600 C0601          16.003884                       0
    601 C0602          14.857795                       0
    602 C0603          12.618527                       0
    603 C0604          9.7841622                       0
    604 C0605          8.8915059                       0
    605 C0606          8.2568029                       0
    606 C0607          9.7737993          -4.3368087e-19
    607 C0608          5.0700836          -4.3368087e-19
    608 C0609          11.083646                       0
    609 C0610          13.625211                       0
    610 C0611          20.514496                       0
    611 C0612           28.34517                       0
    612 C0613          29.745536           4.3368087e-19
    613 C0614          25.134237                       0
    614 C0615          27.397113                       0
    615 C0616          20.613852                       0
    616 C0617          8.6452065          -4.3368087e-19
    617 C0618          2.4738203                       0
    619 C0620          7.7659102                       0
    620 C0621          13.512268                       0
    621 C0622          22.087869                       0
    622 C0623           37.29619                       0
    623 C0624          44.716662                       0
    624 C0625           43.59722                       0
    625 C0626          33.449727          -4.3368087e-19
    626 C0627          29.522361          -4.3368087e-19
    627 C0628          28.682115                       0
    628 C0629          26.015215                       0
    629 C0630          13.464148                       0
    630 C0631         -0.4999515                       0
    631 C0632        -0.25119196                       0
    632 C0633          12.093998                       0
    633 C0634          44.020758                       0
    634 C0635          64.497267                       0
    635 C0636          62.883532          -4.3368087e-19
    636 C0637          1.4808467          -4.3368087e-19
    637 C0638          2.5176874                       0
    638 C0639           38.62365          -4.3368087e-19
    639 C0640          37.683154                       0
    640 C0641          53.959899                       0
    641 C0642          60.026698                       0
    642 C0643          35.252045                       0
    643 C0644          18.102289                       0
    644 C0645          -13.96575                       0
    645 C0646          21.261339                       0
    646 C0647          49.652734                       0
    647 C0648          46.783138                       0
    648 C0649         0.54957229                       0
    649 C0650         -9.5868912          -4.3368087e-19
    650 C0651         -15.136835                       0
    651 C0652                -20           2.7755576e-17
    652 C0653         -14.547324          -4.3368087e-19
    653 C0654          38.060934          -8.6736174e-19
    654 C0655          44.639319          -8.6736174e-19
    655 C0656          31.632376                       0
    656 C0657          20.326863                       0
    657 C0658           18.17383                       0
    658 C0659          16.555046                       0
    659 C0660          47.438527          -8.6736174e-19
    660 C0661          17.420812                       0
    661 C0662          45.727136          -8.6736174e-19
    662 C0663          18.790932          -8.6736174e-19
    663 C0664          50.011591                       0
    664 C0665          48.645456                       0
    665 C0666          37.081661                       0
    666 C0667          52.961255          -8.6736174e-19
    667 C0668          41.695973                       0
    668 C0669          32.016339                       0
    669 C0670          27.713807                       0
    670 C0671          56.250121                       0
    671 C0672          28.621283           8.6736174e-19
    672 C0673          39.347131                       0
    673 C0674          63.332285          -8.6736174e-19
    674 C0675          49.012158                       0
    675 C0676          60.108799          -8.6736174e-19
    676 C0677          51.229228          -8.6736174e-19
    677 C0678            39.9946                       0
    678 C0679          68.062222                       0
    679 C0680          48.245641                       0
    680 C0681          71.350742           8.6736174e-19
    681 C0682          38.722836          -8.6736174e-19
    682 C0683          60.955018          -8.6736174e-19
    683 C0684          54.124993          -1.7347235e-18
    684 C0685          64.759556          -8.6736174e-19
    685 C0686          63.493254          -8.6736174e-19
    686 C0687           49.94927                       0
    687 C0688          42.359776          -8.6736174e-19
    688 C0689          63.290146                       0
    689 C0690          60.826098          -8.6736174e-19
    690 C0691          73.344287                       0
    691 C0692          38.029278           8.6736174e-19
    692 C0693          52.258206          -8.6736174e-19
    693 C0694            30.6706           8.6736174e-19
    694 C0695          35.134896          -8.6736174e-19
    695 C0696          29.171045          -8.6736174e-19
    696 C0697          53.890219           8.6736174e-19
    697 C0698           72.82754                       0
    698 C0699          36.733879                       0
    699 C0700          66.466397                       0
    700 C0701          50.951347                       0
    701 C0702          33.101804          -8.6736174e-19
    702 C0703          54.102082                       0
    703 C0704          66.212388          -8.6736174e-19
    704 C0705          42.031716          -8.6736174e-19
    705 C0706          31.746198                       0
    706 C0707          53.637522                       0
    707 C0708          50.722266          -8.6736174e-19
    708 C0709          52.884509           8.6736174e-19
    709 C0710          44.030874           8.6736174e-19
    710 C0711          40.905719          -8.6736174e-19
    711 C0712           50.33989          -8.6736174e-19
    712 C0713          43.849171                       0
    713 C0714          18.650924                       0
    714 C0715          70.296545          -8.6736174e-19
    715 C0716          18.142962          -8.6736174e-19
    716 C0717          34.761027          -8.6736174e-19
    717 C0718          34.669391                       0
    718 C0719          20.479113          -8.6736174e-19
    719 C0720            29.6772                       0
    720 C0721          25.676501          -8.6736174e-19
    721 C0722          67.020087          -8.6736174e-19
    722 C0723          61.769019           8.6736174e-19
    723 C0724          46.366094           8.6736174e-19
    724 C0725          57.970422                       0
    725 C0726          44.392725                       0
    726 C0727          28.667133          -1.7347235e-18
    727 C0728          45.903455          -8.6736174e-19
    728 C0729          54.922047          -8.6736174e-19
    729 C0730          16.356385                       0
    730 C0731          34.291734                       0
    731 C0732          57.164881                       0
    732 C0733          16.907089          -8.6736174e-19
    733 C0734          18.696507           8.6736174e-19
    734 C0735          39.574867                       0
    735 C0736          72.624842          -8.6736174e-19
    736 C0737          17.769808          -8.6736174e-19
    737 C0738          64.678963                       0
    738 C0739          66.191648           8.6736174e-19
    739 C0740          37.890154                       0
    740 C0741          64.963983           8.6736174e-19
    741 C0742          61.717177                       0
    742 C0743          59.595308          -8.6736174e-19
    743 C0744          67.353189          -8.6736174e-19
    744 C0745          48.310159          -8.6736174e-19
    745 C0746           39.97472          -8.6736174e-19
    746 C0747          43.149397          -8.6736174e-19
    747 C0748          44.741894                       0
    748 C0749          49.643418          -8.6736174e-19
    749 C0750           38.49619                       0
    750 C0751          48.821054          -8.6736174e-19
    751 C0752           55.68478                       0
    752 C0753          40.689538          -8.6736174e-19
    753 C0754          51.861406                       0
    754 C0755          52.138286          -1.7347235e-18
    755 C0756          48.232654          -8.6736174e-19
    756 C0757          51.558637                       0
    760 C0761                  1                       0
    761 C0762                  1                       0
    762 C0763                  1                       0
    763 C0764                  1                       0
    764 C0765                  1                       0
    765 C0766                  1                       0
    766 C0767                  1                       0
    771 C0772                  1                       0
    772 C0773                  1                       0
    773 C0774                  1                       0
    777 C0778                  1                       0
    779 C0780                  1                       0
    791 C0792                  1                       0
    792 C0793                  1                       0
    793 C0794                  1                       0
    794 C0795                  1                       0
    797 C0798                  1                       0
    804 C0805                  1                       0
    805 C0806                  1                       0
    835 C0836                  1                       0
    892 C0893                  1                       0
    893 C0894                  1                       0
    894 C0895                  1                       0
    898 C0899                  1                       0
    899 C0900                  1                       0
    906 C0907                  1                       0
    910 C0911                  1                       0
    911 C0912                  1                       0
    912 C0913                  1                       0
    913 C0914                  1              -3.0610576
    914 C0915                  1                       0
    922 C0923                  1                       0
    926 C0927                  1                       0
    938 C0939                  1                       0
    970 C0971                  1                       0
    971 C0972                  1                       0
    972 C0973                  1                       0
    973 C0974                  1                       0
    974 C0975                  1                       0
    975 C0976                  1                       0
    976 C0977                  1                       0
    977 C0978                  1                       0
    978 C0979                  1                       0
   1042 C1043                  1                       0
   1050 C1051                  1                       0
   1073 C1074                  1                       0
   1080 C1081                  1                       0
   1188 C1189                  1                       0
   1189 C1190                  1                       0
   1190 C1191                  1                       0
   1203 C1204                  1                       0
   1223 C1224                  1                       0
