Stopped on time - objective value 3906.00000000
      0 C0001                275                       0
      1 C0002                368                       0
      2 C0003                464                       0
      3 C0004                552                       0
      4 C0005                601                       0
      5 C0006                419                       0
      6 C0007                537                       0
      7 C0008                595                       0
      8 C0009                630                       0
      9 C0010                662                       0
     10 C0011                370                       0
     11 C0012                465                       0
     12 C0013                553                       0
     13 C0014                600                       0
     14 C0015                641                       0
     15 C0016                 28                       0
     16 C0017                124                       0
     17 C0018                194                       0
     18 C0019                398                       0
     19 C0020                125                       0
     20 C0021                220                       0
     21 C0022                369                       0
     22 C0023                418                       0
     24 C0025                 27                       0
     25 C0026                123                       0
     26 C0027                386                       0
     27 C0028                397                       0
     28 C0029                193                       0
     29 C0030                273                       0
     30 C0031                513                       0
     31 C0032                590                       0
     32 C0033                487                       0
     33 C0034                331                       0
     34 C0035                438                       0
     35 C0036                591                       0
     36 C0037                610                       0
     37 C0038                317                       0
     38 C0039                112                       0
     39 C0040                198                       0
     40 C0041                489                       0
     41 C0042                578                       0
     42 C0043                221                       0
     43 C0044                  1                       0
     44 C0045                126                       0
     45 C0046                399                       0
     46 C0047                563                       0
     47 C0048                437                       0
     48 C0049                274                       0
     49 C0050                330                       0
     50 C0051                554                       0
     51 C0052                602                       0
     52 C0053                650                       0
     53 C0054                488                       0
     54 C0055                512                       0
     55 C0056                671                       0
     56 C0057                686                       0
     57 C0058                351                       0
     58 C0059                464                       0
     59 C0060                552                       0
     60 C0061                600                       0
     61 C0062                641                       0
     62 C0063                451                       0
     63 C0064                585                       0
     64 C0065                629                       0
     65 C0066                650                       0
     66 C0067                678                       0
     67 C0068                406                       0
     68 C0069                537                       0
     69 C0070                595                       0
     70 C0071                630                       0
     71 C0072                662                       0
     72 C0073                 54                       0
     73 C0074                172                       0
     74 C0075                212                       0
     75 C0076                408                       0
     76 C0077                165                       0
     77 C0078                368                       0
     78 C0079                397                       0
     79 C0080                438                       0
     80 C0081                 27                       0
     81 C0082                123                       0
     82 C0083                144                       0
     83 C0084                398                       0
     84 C0085                437                       0
     85 C0086                273                       0
     86 C0087                321                       0
     87 C0088                533                       0
     88 C0089                602                       0
     89 C0090                519                       0
     90 C0091                393                       0
     91 C0092                486                       0
     92 C0093                607                       0
     93 C0094                620                       0
     94 C0095                356                       0
     95 C0096                193                       0
     96 C0097                270                       0
     97 C0098                507                       0
     98 C0099                590                       0
     99 C0100                317                       0
    100 C0101                112                       0
    101 C0102                198                       0
    102 C0103                465                       0
    103 C0104                578                       0
    104 C0105                487                       0
    105 C0106                330                       0
    106 C0107                378                       0
    107 C0108                590                       0
    108 C0109                610                       0
    109 C0110                671                       0
    110 C0111                512                       0
    111 C0112                536                       0
    112 C0113                686                       0
    113 C0114                688                       0
    114 C0115                  1                       0
    115 C0116                 38                       0
    116 C0117                 22                       0
    118 C0119                 22                       0
    121 C0122                 12                       0
    124 C0125                  2                       0
    125 C0126                 80                       0
    129 C0130                  8                       0
    131 C0132                 18                       0
    132 C0133                  6                       0
    134 C0135                 18                       0
    135 C0136                 30                       0
    138 C0139                  1                       0
    139 C0140                  1                  936000
    148 C0149                  1                       0
    159 C0160                  1                  144000
    161 C0162                  1                  288000
    170 C0171                  1                       0
    171 C0172                  1                       0
    172 C0173                  1                       0
    173 C0174                  1                       0
    174 C0175                  1                       0
    176 C0177                  1                       0
    177 C0178                  1                       0
    178 C0179                  1                       0
    179 C0180                  1                       0
    180 C0181                  1                       0
    181 C0182                  1                       0
    182 C0183                  1                  648000
    183 C0184                  1                       0
    184 C0185                  1                       0
    187 C0188                  1                       0
    188 C0189                  1                       0
    191 C0192                  1                       0
    192 C0193                  1                       0
    193 C0194                  1                       0
    194 C0195                  1                       0
    195 C0196                  1                       0
    196 C0197                  1                   72000
    197 C0198                  1                       0
    198 C0199                  1                       0
    199 C0200                  1                       0
    200 C0201                  1                       0
    201 C0202                  1                       0
    202 C0203                  1                       0
    203 C0204                  1                       0
    204 C0205                  1                       0
    205 C0206                  1                       0
    206 C0207                  1                       0
    210 C0211                  1                       0
    213 C0214                  1                       0
    214 C0215                  1                       0
    215 C0216                  1                       0
    216 C0217                  1                       0
    217 C0218                  1                       0
    225 C0226                  1                       0
    226 C0227                  1                       0
    227 C0228                  1                       0
    228 C0229                  1                       0
    230 C0231                  1                       0
    232 C0233                  1                  144000
    233 C0234                  1                       0
    235 C0236                  1                       0
    236 C0237                  1                       0
    237 C0238                  1                       0
    238 C0239                  1                       0
    239 C0240                  1                       0
    241 C0242                  1                       0
    243 C0244                  1                       0
    244 C0245                  1                       0
    245 C0246                  1                   72000
    246 C0247                  1                       0
    247 C0248                  1                       0
    248 C0249                  1                       0
    249 C0250                  1                       0
    250 C0251                  1                       0
    255 C0256                  1                  144000
    258 C0259                  1                       0
    271 C0272                  1                       0
    272 C0273                  1                       0
    288 C0289                  1                       0
    289 C0290                  1                       0
    290 C0291                  1                       0
    292 C0293                  1                       0
    294 C0295                  1                       0
    295 C0296                  1                       0
    296 C0297                  1                       0
    300 C0301                  1                       0
    301 C0302                  1                       0
    302 C0303                  1                       0
    303 C0304                  1                       0
    304 C0305                  1                       0
    342 C0343                  1                       0
    343 C0344                  1                       0
    344 C0345                  1                       0
    349 C0350                  1                       0
    350 C0351                  1                       0
    354 C0355                  1                       0
    355 C0356                  1                       0
    356 C0357                  1                       0
    358 C0359                  1                       0
    361 C0362                  1                       0
    373 C0374                  1                       0
    374 C0375                  1                       0
    378 C0379                  1                       0
    379 C0380                  1                       0
    380 C0381                  1                       0
    415 C0416                  1                       0
    421 C0422                  1                       0
    427 C0428                  1                       0
    432 C0433                  1                       0
    433 C0434                  1                       0
    434 C0435                  1                       0
    439 C0440                  1                       0
    440 C0441                  1                       0
    444 C0445                  1                       0
    445 C0446                  1                       0
    446 C0447                  1                       0
    448 C0449                  1                       0
    450 C0451                  1                       0
    451 C0452                  1                       0
    452 C0453                  1                       0
    453 C0454                  1                       0
    454 C0455                  1                       0
    456 C0457                  1                       0
    457 C0458                  1                       0
    458 C0459                  1                       0
    468 C0469                  1                       0
    469 C0470                  1                       0
    470 C0471                  1                       0
    480 C0481                  1                       0
    481 C0482                  1                       0
    482 C0483                  1                       0
    486 C0487                  1                       0
    487 C0488                  1                       0
    488 C0489                  1                       0
    493 C0494                  1                       0
    494 C0495                  1                       0
    523 C0524                  1                       0
    576 C0577                  1                       0
    577 C0578                  1                       0
    578 C0579                  1                       0
    583 C0584                  1                       0
    584 C0585                  1                       0
    589 C0590                  1                       0
    590 C0591                  1                       0
    594 C0595                  1                       0
    595 C0596                  1                       0
    596 C0597                  1                       0
    597 C0598                  1                       0
    598 C0599                  1                       0
    600 C0601                  1                       0
    601 C0602                  1                       0
    602 C0603                  1                       0
    604 C0605                  1                       0
    606 C0607                  1                       0
    607 C0608                  1                       0
    608 C0609                  1                       0
    609 C0610                  1                       0
    610 C0611                  1                       0
    611 C0612                  1                       0
    613 C0614                  1                       0
    614 C0615                  1                       0
    648 C0649                  1                       0
    649 C0650                  1                       0
    650 C0651                  1                       0
    652 C0653                  1                       0
    655 C0656                  1                       0
    656 C0657                  1                       0
    660 C0661                  1                       0
    661 C0662                  1                       0
    662 C0663                  1                       0
    663 C0664                  1                  648000
    664 C0665                  1                       0
    667 C0668                  1                       0
    668 C0669                  1                       0
    673 C0674                  1                       0
    678 C0679                  1                       0
    679 C0680                  1                       0
    680 C0681                  1                       0
    684 C0685                  1                       0
    685 C0686                  1                       0
    686 C0687                  1                       0
    691 C0692                  1                       0
    692 C0693                  1                       0
    721 C0722                  1                       0
    722 C0723                  1                       0
    727 C0728                  1                       0
    728 C0729                  1                       0
    733 C0734                  1                       0
    734 C0735                  1                       0
    738 C0739                  1                       0
    739 C0740                  1                       0
    740 C0741                  1                       0
    742 C0743                  1                       0
    744 C0745                  1                       0
    745 C0746                  1                       0
    746 C0747                  1                       0
    750 C0751                  1                       0
    751 C0752                  1                       0
    752 C0753                  1                       0
    753 C0754                  1                       0
    754 C0755                  1                       0
    756 C0757                  1                       0
    757 C0758                  1                       0
    758 C0759                  1                       0
    759 C0760                  1                       0
    760 C0761                  1                       0
    761 C0762                  1                       0
    762 C0763                  1                       0
    763 C0764                  1                       0
    764 C0765                  1                       0
    769 C0770                  1                       0
    774 C0775                  1                       0
    775 C0776                  1                       0
    776 C0777                  1                       0
    781 C0782                  1                       0
    782 C0783                  1                       0
    786 C0787                  1                       0
    787 C0788                  1                       0
    788 C0789                  1                       0
    790 C0791                  1                       0
    792 C0793                  1                       0
    793 C0794                  1                       0
    794 C0795                  1                       0
    796 C0797                  1                       0
    798 C0799                  1                       0
    799 C0800                  1                       0
    800 C0801                  1                       0
    805 C0806                  1                       0
    811 C0812                  1                       0
    823 C0824                  1                       0
    829 C0830                  1                       0
    830 C0831                  1                       0
    882 C0883                  1                       0
    883 C0884                  1                       0
    884 C0885                  1                       0
    885 C0886                  1                       0
    886 C0887                  1                       0
    887 C0888                  1                       0
    888 C0889                  1                       0
    889 C0890                  1                       0
    890 C0891                  1                       0
    891 C0892                  1                       0
    892 C0893                  1                       0
    893 C0894                  1                       0
    894 C0895                  1                       0
    895 C0896                  1                       0
    896 C0897                  1                       0
    897 C0898                  1                       0
    898 C0899                  1                       0
    899 C0900                  1                       0
    900 C0901                  1                       0
    901 C0902                  1                       0
    902 C0903                  1                       0
    904 C0905                  1                       0
    905 C0906                  1                       0
    907 C0908                  1                       0
    908 C0909                  1                       0
    909 C0910                  1                       0
    910 C0911                  1                       0
    911 C0912                  1                       0
    912 C0913                  1                       0
    913 C0914                  1                       0
    914 C0915                  1                       0
    915 C0916                  1                       0
    916 C0917                  1                       0
    917 C0918                  1                       0
    919 C0920                  1                       0
    920 C0921                  1                       0
    927 C0928                  1                       0
    928 C0929                  1                       0
    929 C0930                  1                       0
    930 C0931                  1                       0
    931 C0932                  1                       0
    932 C0933                  1                       0
    933 C0934                  1                       0
    934 C0935                  1                       0
    935 C0936                  1                       0
    936 C0937                  1                       0
    937 C0938                  1                       0
    938 C0939                  1                       0
    940 C0941                  1                       0
    941 C0942                  1                       0
    942 C0943                  1                       0
    943 C0944                  1                       0
    944 C0945                  1                       0
    945 C0946                  1                       0
    946 C0947                  1                       0
    947 C0948                  1                       0
    948 C0949                  1                       0
    949 C0950                  1                       0
    950 C0951                  1                       0
    963 C0964                  1                       0
    964 C0965                  1                       0
    965 C0966                  1                       0
    966 C0967                  1                       0
    967 C0968                  1                       0
    968 C0969                  1                       0
    969 C0970                  1                       0
    970 C0971                  1                       0
    971 C0972                  1                       0
    972 C0973                  1                       0
    973 C0974                  1                       0
    974 C0975                  1                       0
    975 C0976                  1                       0
    976 C0977                  1                       0
    977 C0978                  1                       0
    978 C0979                  1                       0
    979 C0980                  1                       0
    980 C0981                  1                       0
    981 C0982                  1                       0
    982 C0983                  1                       0
    983 C0984                  1                       0
    984 C0985                  1                       0
    985 C0986                  1                       0
    986 C0987                  1                       0
    988 C0989                  1                       0
    989 C0990                  1                       0
    990 C0991                  1                       0
    991 C0992                  1                       0
    992 C0993                  1                       0
    993 C0994                  1                       0
    994 C0995                  1                       0
    995 C0996                  1                       0
    996 C0997                  1                       0
    997 C0998                  1                       0
    998 C0999                  1                       0
    999 C1000                  1                       0
   1000 C1001                  1                       0
   1001 C1002                  1                       0
   1002 C1003                  1                       0
   1003 C1004                  1                       0
   1004 C1005                  1                       0
   1006 C1007                  1                       0
   1007 C1008                  1                       0
   1009 C1010                  1                       0
   1010 C1011                  1                       0
   1012 C1013                  1                       0
   1015 C1016                  1                       0
   1016 C1017                  1                       0
   1017 C1018                  1                       0
   1018 C1019                  1                       0
   1019 C1020                  1                       0
   1021 C1022                  1                       0
   1027 C1028                  1                       0
   1033 C1034                  1                       0
   1036 C1037                  1                       0
   1044 C1045                  1                       0
   1045 C1046                  1                       0
   1046 C1047                  1                       0
   1048 C1049                  1                       0
   1050 C1051                  1                       0
   1051 C1052                  1                       0
   1052 C1053                  1                       0
   1054 C1055                  1                       0
   1055 C1056                  1                       0
   1056 C1057                  1                       0
   1057 C1058                  1                       0
   1058 C1059                  1                       0
   1063 C1064                  1                       0
   1066 C1067                  1                       0
   1067 C1068                  1                       0
   1068 C1069                  1                       0
   1069 C1070                  1                       0
   1070 C1071                  1                       0
   1074 C1075                  1                       0
   1075 C1076                  1                       0
   1078 C1079                  1                       0
   1079 C1080                  1                       0
   1080 C1081                  1                       0
   1081 C1082                  1                       0
   1082 C1083                  1                       0
   1083 C1084                  1                       0
   1084 C1085                  1                       0
   1085 C1086                  1                       0
   1086 C1087                  1                       0
   1087 C1088                  1                       0
   1088 C1089                  1                       0
   1089 C1090                  1                       0
   1090 C1091                  1                       0
   1091 C1092                  1                       0
   1092 C1093                  1                       0
   1093 C1094                  1                       0
   1094 C1095                  1                       0
   1095 C1096                  1                       0
   1096 C1097                  1                       0
   1098 C1099                  1                       0
   1099 C1100                  1                       0
   1100 C1101                  1                       0
   1101 C1102                  1                       0
   1102 C1103                  1                       0
   1103 C1104                  1                       0
   1104 C1105                  1                       0
   1105 C1106                  1                       0
   1106 C1107                  1                       0
   1107 C1108                  1                       0
   1108 C1109                  1                       0
   1109 C1110                  1                       0
   1110 C1111                  1                       0
   1111 C1112                  1                       0
   1112 C1113                  1                       0
   1113 C1114                  1                       0
   1114 C1115                  1                       0
   1115 C1116                  1                       0
   1116 C1117                  1                       0
   1117 C1118                  1                       0
   1118 C1119                  1                       0
   1120 C1121                  1                       0
   1122 C1123                  1                       0
   1123 C1124                  1                       0
   1126 C1127                  1                       0
   1127 C1128                  1                       0
   1128 C1129                  1                       0
   1129 C1130                  1                       0
   1130 C1131                  1                       0
   1139 C1140                  1                       0
   1140 C1141                  1                       0
   1141 C1142                  1                       0
   1142 C1143                  1                       0
   1147 C1148                  1                       0
   1151 C1152                  1                       0
   1152 C1153                  1                       0
   1153 C1154                  1                       0
   1154 C1155                  1                       0
   1155 C1156                  1                       0
   1156 C1157                  1                       0
   1158 C1159                  1                       0
   1159 C1160                  1                       0
   1160 C1161                  1                       0
   1161 C1162                  1                       0
   1162 C1163                  1                       0
   1163 C1164                  1                       0
   1164 C1165                  1                       0
   1165 C1166                  1                       0
   1166 C1167                  1                       0
   1168 C1169                  1                       0
   1170 C1171                  1                       0
   1171 C1172                  1                       0
   1172 C1173                  1                       0
   1173 C1174                  1                       0
   1174 C1175                  1                       0
   1175 C1176                  1                       0
   1176 C1177                  1                       0
   1177 C1178                  1                       0
   1178 C1179                  1                       0
   1179 C1180                  1                       0
   1180 C1181                  1                       0
   1181 C1182                  1                       0
   1182 C1183                  1                       0
   1183 C1184                  1                       0
   1184 C1185                  1                       0
   1185 C1186                  1                       0
   1186 C1187                  1                       0
   1187 C1188                  1                       0
   1188 C1189                  1                       0
   1189 C1190                  1                       0
   1190 C1191                  1                       0
   1195 C1196                  1                       0
   1199 C1200                  1                       0
   1201 C1202                  1                       0
   1202 C1203                  1                       0
   1211 C1212                  1                       0
   1213 C1214                  1                       0
   1214 C1215                  1                       0
   1223 C1224                  1                       0
   1225 C1226                  1                       0
   1235 C1236                  1                       0
   1259 C1260                  1                       0
   1260 C1261                  1                       0
   1261 C1262                  1                       0
   1262 C1263                  1                       0
   1267 C1268                  1                       0
   1270 C1271                  1                       0
   1271 C1272                  1                       0
   1272 C1273                  1                       0
   1273 C1274                  1                       0
   1274 C1275                  1                       0
   1279 C1280                  1                       0
   1282 C1283                  1                       0
   1283 C1284                  1                       0
   1284 C1285                  1                       0
   1285 C1286                  1                       0
   1286 C1287                  1                       0
   1290 C1291                  1                       0
   1291 C1292                  1                       0
   1294 C1295                  1                       0
   1295 C1296                  1                       0
   1296 C1297                  1                       0
   1297 C1298                  1                       0
   1298 C1299                  1                       0
   1299 C1300                  1                       0
   1300 C1301                  1                       0
   1302 C1303                  1                       0
   1303 C1304                  1                       0
   1304 C1305                  1                       0
   1305 C1306                  1                       0
   1306 C1307                  1                       0
   1307 C1308                  1                       0
   1308 C1309                  1                       0
   1309 C1310                  1                       0
   1310 C1311                  1                       0
   1312 C1313                  1                       0
   1314 C1315                  1                       0
   1315 C1316                  1                       0
   1318 C1319                  1                       0
   1319 C1320                  1                       0
   1320 C1321                  1                       0
   1321 C1322                  1                       0
   1322 C1323                  1                       0
   1323 C1324                  1                       0
   1324 C1325                  1                       0
   1325 C1326                  1                       0
   1326 C1327                  1                       0
   1327 C1328                  1                       0
   1328 C1329                  1                       0
   1329 C1330                  1                       0
   1330 C1331                  1                       0
   1331 C1332                  1                       0
   1332 C1333                  1                       0
   1333 C1334                  1                       0
   1334 C1335                  1                       0
   1335 C1336                  1                       0
   1336 C1337                  1                       0
   1337 C1338                  1                       0
   1338 C1339                  1                       0
   1339 C1340                  1                       0
   1340 C1341                  1                       0
   1341 C1342                  1                       0
   1342 C1343                  1                       0
   1343 C1344                  1                       0
   1344 C1345                  1                       0
   1345 C1346                  1                       0
   1346 C1347                  1                       0
   1348 C1349                  1                       0
   1350 C1351                  1                       0
   1351 C1352                  1                       0
   1352 C1353                  1                       0
   1354 C1355                  1                       0
   1355 C1356                  1                       0
   1356 C1357                  1                       0
   1357 C1358                  1                       0
   1358 C1359                  1                       0
   1367 C1368                  1                       0
   1368 C1369                  1                       0
   1369 C1370                  1                       0
   1370 C1371                  1                       0
   1372 C1373                  1                       0
   1374 C1375                  1                       0
   1375 C1376                  1                       0
   1376 C1377                  1                       0
   1378 C1379                  1                       0
   1379 C1380                  1                       0
   1380 C1381                  1                       0
   1381 C1382                  1                       0
   1382 C1383                  1                       0
   1387 C1388                  1                       0
   1391 C1392                  1                       0
   1392 C1393                  1                       0
   1393 C1394                  1                       0
   1394 C1395                  1                       0
   1396 C1397                  1                       0
   1398 C1399                  1                       0
   1399 C1400                  1                       0
   1400 C1401                  1                       0
   1401 C1402                  1                       0
   1402 C1403                  1                       0
   1403 C1404                  1                       0
   1404 C1405                  1                       0
   1405 C1406                  1                       0
   1406 C1407                  1                       0
   1407 C1408                  1                       0
   1408 C1409                  1                       0
   1410 C1411                  1                       0
   1411 C1412                  1                       0
   1412 C1413                  1                       0
   1413 C1414                  1                       0
   1414 C1415                  1                       0
   1415 C1416                  1                       0
   1416 C1417                  1                       0
   1417 C1418                  1                       0
   1418 C1419                  1                       0
   1420 C1421                  1                       0
   1422 C1423                  1                       0
   1423 C1424                  1                       0
   1426 C1427                  1                       0
   1427 C1428                  1                       0
   1428 C1429                  1                       0
   1429 C1430                  1                       0
   1430 C1431                  1                       0
   1439 C1440                  1                       0
   1440 C1441                  1                       0
   1441 C1442                  1                       0
   1442 C1443                  1                       0
   1451 C1452                  1                       0
   1453 C1454                  1                       0
   1454 C1455                  1                       0
   1463 C1464                  1                       0
   1464 C1465                  1                       0
   1465 C1466                  1                       0
   1466 C1467                  1                       0
   1475 C1476                  1                       0
   1476 C1477                  1                       0
   1477 C1478                  1                       0
   1478 C1479                  1                       0
   1483 C1484                  1                       0
   1486 C1487                  1                       0
   1487 C1488                  1                       0
   1489 C1490                  1                       0
   1490 C1491                  1                       0
   1499 C1500                  1                       0
   1513 C1514                  1                       0
   1514 C1515                  1                       0
   1523 C1524                  1                       0
   1525 C1526                  1                       0
   1535 C1536                  1                       0
   1537 C1538                  1                       0
   1538 C1539                  1                       0
   1547 C1548                  1                       0
   1549 C1550                  1                       0
   1550 C1551                  1                       0
   1559 C1560                  1                       0
   1561 C1562                  1                       0
   1571 C1572                  1                       0
   1584 C1585                  1                       0
   1585 C1586                  1                       0
   1586 C1587                  1                       0
   1587 C1588                  1                       0
   1588 C1589                  1                       0
   1589 C1590                  1                       0
   1590 C1591                  1                       0
   1591 C1592                  1                       0
   1592 C1593                  1                       0
   1596 C1597                  1                       0
   1597 C1598                  1                       0
   1598 C1599                  1                       0
   1599 C1600                  1                       0
   1600 C1601                  1                       0
   1601 C1602                  1                       0
   1602 C1603                  1                       0
   1603 C1604                  1                       0
   1604 C1605                  1                       0
   1605 C1606                  1                       0
   1606 C1607                  1                       0
   1607 C1608                  1                       0
   1608 C1609                  1                       0
   1609 C1610                  1                       0
   1610 C1611                  1                       0
   1611 C1612                  1                       0
   1612 C1613                  1                       0
   1613 C1614                  1                       0
   1614 C1615                  1                       0
   1615 C1616                  1                       0
   1616 C1617                  1                       0
   1617 C1618                  1                       0
   1618 C1619                  1                       0
   1619 C1620                  1                       0
   1620 C1621                  1                       0
   1621 C1622                  1                       0
   1622 C1623                  1                       0
   1623 C1624                  1                       0
   1624 C1625                  1                       0
   1625 C1626                  1                       0
   1626 C1627                  1                       0
   1627 C1628                  1                       0
   1628 C1629                  1                       0
   1632 C1633                  1                       0
   1633 C1634                  1                       0
   1634 C1635                  1                       0
   1638 C1639                  1                       0
   1639 C1640                  1                       0
   1640 C1641                  1                       0
   1641 C1642                  1                       0
   1642 C1643                  1                       0
   1643 C1644                  1                       0
   1644 C1645                  1                       0
   1645 C1646                  1                       0
   1646 C1647                  1                       0
   1647 C1648                  1                       0
   1648 C1649                  1                       0
   1649 C1650                  1                       0
   1650 C1651                  1                       0
   1651 C1652                  1                       0
   1652 C1653                  1                       0
   1653 C1654                  1                       0
   1654 C1655                  1                       0
   1655 C1656                  1                       0
   1656 C1657                  1                       0
   1657 C1658                  1                       0
   1658 C1659                  1                       0
   1662 C1663                  1                       0
   1663 C1664                  1                       0
   1664 C1665                  1                       0
   1668 C1669                  1                       0
   1669 C1670                  1                       0
   1670 C1671                  1                       0
   1674 C1675                  1                       0
   1675 C1676                  1                       0
   1676 C1677                  1                       0
   1681 C1682                  1                       0
   1682 C1683                  1                       0
   1686 C1687                  1                  504000
   1687 C1688                  1                       0
   1688 C1689                  1                       0
   1692 C1693                  1                       0
   1693 C1694                  1                       0
   1694 C1695                  1                       0
   1695 C1696                  1                       0
   1696 C1697                  1                       0
   1697 C1698                  1                       0
   1698 C1699                  1                       0
   1699 C1700                  1                       0
   1700 C1701                  1                       0
   1701 C1702                  1                       0
   1702 C1703                  1                       0
   1703 C1704                  1                       0
   1704 C1705                  1                       0
   1705 C1706                  1                       0
   1706 C1707                  1                       0
   1707 C1708                  1                       0
   1708 C1709                  1                       0
   1709 C1710                  1                       0
   1710 C1711                  1                       0
   1711 C1712                  1                       0
   1712 C1713                  1                       0
   1713 C1714                  1                       0
   1714 C1715                  1                       0
   1716 C1717                  1                       0
   1717 C1718                  1                       0
   1718 C1719                  1                       0
   1722 C1723                  1                       0
   1723 C1724                  1                       0
   1724 C1725                  1                       0
   1725 C1726                  1                       0
   1726 C1727                  1                       0
   1727 C1728                  1                       0
   1728 C1729                  1                       0
   1729 C1730                  1                       0
   1730 C1731                  1                       0
   1731 C1732                  1                       0
   1732 C1733                  1                       0
   1733 C1734                  1                       0
   1734 C1735                  1                       0
   1735 C1736                  1                       0
   1736 C1737                  1                       0
   1741 C1742                  1                       0
   1746 C1747                  1                       0
   1747 C1748                  1                       0
   1748 C1749                  1                       0
   1749 C1750                  1                       0
   1750 C1751                  1                       0
   1751 C1752                  1                       0
   1752 C1753                  1                       0
   1753 C1754                  1                       0
   1754 C1755                  1                       0
   1755 C1756                  1                       0
   1756 C1757                  1                       0
   1757 C1758                  1                       0
   1758 C1759                  1                       0
   1759 C1760                  1                       0
   1760 C1761                  1                       0
   1761 C1762                  1                       0
   1762 C1763                  1                       0
   1763 C1764                  1                       0
   1764 C1765                  1                       0
   1765 C1766                  1                       0
   1766 C1767                  1                       0
   1767 C1768                  1                       0
   1768 C1769                  1                       0
   1769 C1770                  1                       0
   1770 C1771                  1                       0
   1771 C1772                  1                       0
   1772 C1773                  1                       0
   1773 C1774                  1                       0
   1774 C1775                  1                       0
   1775 C1776                  1                       0
   1776 C1777                  1                       0
   1777 C1778                  1                       0
   1778 C1779                  1                       0
   1782 C1783                  1                       0
   1783 C1784                  1                       0
   1784 C1785                  1                       0
   1785 C1786                  1                       0
   1786 C1787                  1                       0
   1787 C1788                  1                       0
   1788 C1789                  1                       0
   1789 C1790                  1                       0
   1790 C1791                  1                       0
   1794 C1795                  1                       0
   1795 C1796                  1                       0
   1796 C1797                  1                       0
   1797 C1798                  1                       0
   1798 C1799                  1                       0
   1799 C1800                  1                       0
   1800 C1801                  1                       0
   1801 C1802                  1                       0
   1802 C1803                  1                       0
   1803 C1804                  1                       0
   1804 C1805                  1                       0
   1805 C1806                  1                       0
   1806 C1807                  1                       0
   1807 C1808                  1                       0
   1808 C1809                  1                       0
   1809 C1810                  1                       0
   1810 C1811                  1                       0
   1811 C1812                  1                       0
   1812 C1813                  1                       0
   1813 C1814                  1                       0
   1814 C1815                  1                       0
   1818 C1819                  1                       0
   1819 C1820                  1                       0
   1820 C1821                  1                       0
   1824 C1825                  1                       0
   1825 C1826                  1                       0
   1826 C1827                  1                       0
   1830 C1831                  1                       0
   1831 C1832                  1                       0
   1832 C1833                  1                       0
   1836 C1837                  1                       0
   1837 C1838                  1                       0
   1838 C1839                  1                       0
   1840 C1841                  1                       0
   1842 C1843                  1                       0
   1843 C1844                  1                       0
   1844 C1845                  1                       0
   1854 C1855                  1                       0
   1855 C1856                  1                       0
   1856 C1857                  1                       0
   1861 C1862                  1                       0
   1862 C1863                  1                       0
   1866 C1867                  1                       0
   1867 C1868                  1                       0
   1868 C1869                  1                       0
   1872 C1873                  1                       0
   1873 C1874                  1                       0
   1874 C1875                  1                       0
   1879 C1880                  1                       0
   1880 C1881                  1                       0
   1891 C1892                  1                       0
   1895 C1896                  1                       0
   1901 C1902                  1                       0
   1907 C1908                  1                       0
   1908 C1909                  1                       0
   1909 C1910                  1                       0
   1910 C1911                  1                       0
   1912 C1913                  1                       0
   1913 C1914                  1                       0
   1914 C1915                  1                       0
   1915 C1916                  1                       0
   1918 C1919                  1                       0
   1919 C1920                  1                       0
   1920 C1921                  1                       0
   1921 C1922                  1                       0
   1922 C1923                  1                       0
   1923 C1924                  1                       0
   1924 C1925                  1                       0
   1925 C1926                  1                       0
   1931 C1932                  1                       0
   1943 C1944                  1                       0
   1944 C1945                  1                       0
   1945 C1946                  1                       0
   1948 C1949                  1                       0
   1949 C1950                  1                       0
   1951 C1952                  1                       0
   1954 C1955                  1                       0
   1955 C1956                  1                       0
   1956 C1957                  1                       0
   1957 C1958                  1                       0
   1958 C1959                  1                       0
   1960 C1961                  1                       0
   1961 C1962                  1                       0
   1967 C1968                  1                       0
   1999 C2000                  1                       0
   2002 C2003                  1                       0
   2003 C2004                  1                       0
   2009 C2010                  1                       0
   2010 C2011                  1                       0
   2011 C2012                  1                       0
   2014 C2015                  1                       0
   2015 C2016                  1                       0
   2021 C2022                  1                       0
   2027 C2028                  1                       0
   2029 C2030                  1                       0
   2033 C2034                  1                       0
   2035 C2036                  1                       0
   2038 C2039                  1                       0
   2039 C2040                  1                       0
   2045 C2046                  1                       0
   2075 C2076                  1                       0
   2081 C2082                  1                       0
   2087 C2088                  1                       0
   2089 C2090                  1                       0
   2092 C2093                  1                       0
   2093 C2094                  1                       0
   2099 C2100                  1                       0
   2101 C2102                  1                       0
   2104 C2105                  1                       0
   2105 C2106                  1                       0
   2106 C2107                  1                       0
   2107 C2108                  1                       0
   2110 C2111                  1                       0
   2111 C2112                  1                       0
   2113 C2114                  1                       0
   2117 C2118                  1                       0
   2147 C2148                  1                       0
   2197 C2198                  1                       0
   2200 C2201                  1                       0
   2201 C2202                  1                       0
   2203 C2204                  1                       0
   2207 C2208                  1                       0
   2209 C2210                  1                       0
   2213 C2214                  1                       0
   2214 C2215                  1                       0
   2215 C2216                  1                       0
   2216 C2217                  1                       0
   2217 C2218                  1                       0
   2218 C2219                  1                       0
   2219 C2220                  1                       0
   2220 C2221                  1                       0
   2221 C2222                  1                       0
   2222 C2223                  1                       0
   2223 C2224                  1                       0
   2224 C2225                  1                       0
   2225 C2226                  1                       0
   2226 C2227                  1                       0
   2227 C2228                  1                       0
   2228 C2229                  1                       0
   2229 C2230                  1                       0
   2230 C2231                  1                       0
   2231 C2232                  1                       0
   2233 C2234                  1                       0
   2237 C2238                  1                       0
   2249 C2250                  1                       0
   2250 C2251                  1                       0
   2251 C2252                  1                       0
   2252 C2253                  1                       0
   2253 C2254                  1                       0
   2254 C2255                  1                       0
   2255 C2256                  1                       0
   2256 C2257                  1                       0
   2257 C2258                  1                       0
   2260 C2261                  1                       0
   2261 C2262                  1                       0
   2262 C2263                  1                       0
   2263 C2264                  1                       0
   2264 C2265                  1                       0
   2265 C2266                  1                       0
   2266 C2267                  1                       0
   2267 C2268                  1                       0
   2273 C2274                  1                       0
   2304 C2305                  1                       0
   2305 C2306                  1                       0
   2306 C2307                  1                       0
   2308 C2309                  1                       0
   2309 C2310                  1                       0
   2311 C2312                  1                       0
   2315 C2316                  1                       0
   2316 C2317                  1                       0
   2317 C2318                  1                       0
   2318 C2319                  1                       0
   2319 C2320                  1                       0
   2320 C2321                  1                       0
   2321 C2322                  1                       0
   2323 C2324                  1                       0
   2327 C2328                  1                       0
   2333 C2334                  1                       0
   2335 C2336                  1                       0
   2338 C2339                  1                       0
   2339 C2340                  1                       0
   2340 C2341                  1                       0
   2341 C2342                  1                       0
   2344 C2345                  1                       0
   2345 C2346                  1                       0
   2347 C2348                  1                       0
   2351 C2352                  1                       0
   2377 C2378                  1                       0
   2381 C2382                  1                       0
   2383 C2384                  1                       0
   2387 C2388                  1                       0
   2389 C2390                  1                       0
   2393 C2394                  1                       0
   2394 C2395                  1                       0
   2395 C2396                  1                       0
   2396 C2397                  1                       0
   2398 C2399                  1                       0
   2399 C2400                  1                       0
   2401 C2402                  1                       0
   2405 C2406                  1                       0
   2406 C2407                  1                       0
   2407 C2408                  1                       0
   2408 C2409                  1                       0
   2409 C2410                  1                       0
   2410 C2411                  1                       0
   2411 C2412                  1                       0
   2412 C2413                  1                       0
   2413 C2414                  1                       0
   2414 C2415                  1                       0
   2415 C2416                  1                       0
   2416 C2417                  1                       0
   2417 C2418                  1                       0
   2419 C2420                  1                       0
   2422 C2423                  1                       0
   2423 C2424                  1                       0
   2429 C2430                  1                       0
   2447 C2448                  1                       0
   2449 C2450                  1                       0
   2453 C2454                  1                       0
   2502 C2503                  1                       0
   2503 C2504                  1                       0
   2504 C2505                  1                       0
   2505 C2506                  1                       0
   2506 C2507                  1                       0
   2507 C2508                  1                       0
   2508 C2509                  1                       0
   2509 C2510                  1                       0
   2510 C2511                  1                       0
   2512 C2513                  1                       0
   2513 C2514                  1                       0
   2514 C2515                  1                       0
   2515 C2516                  1                       0
   2516 C2517                  1                       0
   2517 C2518                  1                       0
   2518 C2519                  1                       0
   2519 C2520                  1                       0
   2520 C2521                  1                       0
   2521 C2522                  1                       0
   2522 C2523                  1                       0
   2523 C2524                  1                       0
   2524 C2525                  1                       0
   2525 C2526                  1                       0
   2526 C2527                  1                       0
   2527 C2528                  1                       0
   2528 C2529                  1                       0
   2529 C2530                  1                       0
   2530 C2531                  1                       0
   2531 C2532                  1                       0
   2532 C2533                  1                       0
   2533 C2534                  1                       0
   2534 C2535                  1                       0
   2535 C2536                  1                       0
   2536 C2537                  1                       0
   2537 C2538                  1                       0
   2538 C2539                  1                       0
   2539 C2540                  1                       0
   2540 C2541                  1                       0
   2541 C2542                  1                       0
   2542 C2543                  1                       0
   2543 C2544                  1                       0
   2545 C2546                  1                       0
   2548 C2549                  1                       0
   2549 C2550                  1                       0
   2550 C2551                  1                       0
   2551 C2552                  1                       0
   2552 C2553                  1                       0
   2554 C2555                  1                       0
   2555 C2556                  1                       0
   2556 C2557                  1                       0
   2557 C2558                  1                       0
   2558 C2559                  1                       0
   2559 C2560                  1                       0
   2560 C2561                  1                       0
   2561 C2562                  1                       0
   2562 C2563                  1                       0
   2563 C2564                  1                       0
   2564 C2565                  1                       0
   2565 C2566                  1                       0
   2566 C2567                  1                       0
   2567 C2568                  1                       0
   2568 C2569                  1                       0
   2569 C2570                  1                       0
   2570 C2571                  1                       0
   2571 C2572                  1                       0
   2572 C2573                  1                       0
   2573 C2574                  1                       0
   2574 C2575                  1                       0
   2575 C2576                  1                       0
   2576 C2577                  1                       0
   2578 C2579                  1                       0
   2579 C2580                  1                       0
   2585 C2586                  1                       0
   2587 C2588                  1                       0
   2590 C2591                  1                       0
   2591 C2592                  1                       0
   2593 C2594                  1                       0
   2596 C2597                  1                       0
   2597 C2598                  1                       0
   2603 C2604                  1                       0
   2609 C2610                  1                       0
   2610 C2611                  1                       0
   2611 C2612                  1                       0
   2612 C2613                  1                       0
   2613 C2614                  1                       0
   2614 C2615                  1                       0
   2615 C2616                  1                       0
   2616 C2617                  1                       0
   2617 C2618                  1                       0
   2618 C2619                  1                       0
   2619 C2620                  1                       0
   2620 C2621                  1                       0
   2621 C2622                  1                       0
   2622 C2623                  1                       0
   2623 C2624                  1                       0
   2624 C2625                  1                       0
   2625 C2626                  1                       0
   2626 C2627                  1                       0
   2627 C2628                  1                       0
   2628 C2629                  1                       0
   2629 C2630                  1                       0
   2630 C2631                  1                       0
   2631 C2632                  1                       0
   2632 C2633                  1                       0
   2633 C2634                  1                       0
   2634 C2635                  1                       0
   2635 C2636                  1                       0
   2636 C2637                  1                       0
   2638 C2639                  1                       0
   2639 C2640                  1                       0
   2640 C2641                  1                       0
   2641 C2642                  1                       0
   2642 C2643                  1                       0
   2643 C2644                  1                       0
   2644 C2645                  1                       0
   2645 C2646                  1                       0
   2646 C2647                  1                       0
   2647 C2648                  1                       0
   2648 C2649                  1                       0
   2649 C2650                  1                       0
   2650 C2651                  1                       0
   2651 C2652                  1                       0
   2652 C2653                  1                       0
   2653 C2654                  1                       0
   2654 C2655                  1                       0
   2656 C2657                  1                       0
   2657 C2658                  1                       0
   2663 C2664                  1                       0
   2669 C2670                  1                       0
   2675 C2676                  1                       0
   2681 C2682                  1                       0
   2682 C2683                  1                       0
   2683 C2684                  1                       0
   2684 C2685                  1                       0
   2685 C2686                  1                       0
   2686 C2687                  1                       0
   2687 C2688                  1                       0
   2688 C2689                  1                       0
   2689 C2690                  1                       0
   2690 C2691                  1                       0
   2692 C2693                  1                       0
   2693 C2694                  1                       0
   2694 C2695                  1                       0
   2695 C2696                  1                       0
   2696 C2697                  1                       0
   2697 C2698                  1                       0
   2698 C2699                  1                       0
   2699 C2700                  1                       0
   2700 C2701                  1                       0
   2701 C2702                  1                       0
   2702 C2703                  1                       0
   2703 C2704                  1                       0
   2704 C2705                  1                       0
   2705 C2706                  1                       0
   2706 C2707                  1                       0
   2707 C2708                  1                       0
   2708 C2709                  1                       0
   2709 C2710                  1                       0
   2710 C2711                  1                       0
   2711 C2712                  1                       0
   2712 C2713                  1                       0
   2713 C2714                  1                       0
   2714 C2715                  1                       0
   2715 C2716                  1                       0
   2716 C2717                  1                       0
   2717 C2718                  1                       0
   2718 C2719                  1                       0
   2719 C2720                  1                       0
   2720 C2721                  1                       0
   2721 C2722                  1                       0
   2722 C2723                  1                       0
   2723 C2724                  1                       0
   2724 C2725                  1                       0
   2725 C2726                  1                       0
   2726 C2727                  1                       0
   2727 C2728                  1                       0
   2728 C2729                  1                       0
   2729 C2730                  1                       0
   2730 C2731                  1                       0
   2731 C2732                  1                       0
   2732 C2733                  1                       0
   2734 C2735                  1                       0
   2735 C2736                  1                       0
   2736 C2737                  1                       0
   2737 C2738                  1                       0
   2738 C2739                  1                       0
   2739 C2740                  1                       0
   2740 C2741                  1                       0
   2741 C2742                  1                       0
   2742 C2743                  1                       0
   2743 C2744                  1                       0
   2744 C2745                  1                       0
   2746 C2747                  1                       0
   2747 C2748                  1                       0
   2748 C2749                  1                       0
   2749 C2750                  1                       0
   2750 C2751                  1                       0
   2751 C2752                  1                       0
   2752 C2753                  1                       0
   2753 C2754                  1                       0
   2754 C2755                  1                       0
   2755 C2756                  1                       0
   2756 C2757                  1                       0
   2757 C2758                  1                       0
   2758 C2759                  1                       0
   2759 C2760                  1                       0
   2760 C2761                  1                       0
   2761 C2762                  1                       0
   2762 C2763                  1                       0
   2763 C2764                  1                       0
   2764 C2765                  1                       0
   2765 C2766                  1                       0
   2766 C2767                  1                       0
   2767 C2768                  1                       0
   2770 C2771                  1                       0
   2771 C2772                  1                       0
   2773 C2774                  1                       0
   2777 C2778                  1                       0
   2783 C2784                  1                       0
   2785 C2786                  1                       0
   2789 C2790                  1                       0
   2791 C2792                  1                       0
   2795 C2796                  1                       0
   2801 C2802                  1                       0
   2808 C2809                  1                       0
   2809 C2810                  1                       0
   2810 C2811                  1                       0
   2811 C2812                  1                       0
   2812 C2813                  1                       0
   2813 C2814                  1                       0
   2814 C2815                  1                       0
   2815 C2816                  1                       0
   2816 C2817                  1                       0
   2817 C2818                  1                       0
   2818 C2819                  1                       0
   2819 C2820                  1                       0
   2820 C2821                  1                       0
   2821 C2822                  1                       0
   2822 C2823                  1                       0
   2823 C2824                  1                       0
   2824 C2825                  1                       0
   2825 C2826                  1                       0
   2826 C2827                  1                       0
   2827 C2828                  1                       0
   2828 C2829                  1                       0
   2829 C2830                  1                       0
   2830 C2831                  1                       0
   2831 C2832                  1                       0
   2832 C2833                  1                       0
   2833 C2834                  1                       0
   2834 C2835                  1                       0
   2835 C2836                  1                       0
   2836 C2837                  1                       0
   2837 C2838                  1                       0
   2838 C2839                  1                       0
   2839 C2840                  1                       0
   2840 C2841                  1                       0
   2841 C2842                  1                       0
   2842 C2843                  1                       0
   2843 C2844                  1                       0
   2844 C2845                  1                       0
   2845 C2846                  1                       0
   2846 C2847                  1                       0
   2847 C2848                  1                       0
   2848 C2849                  1                       0
   2849 C2850                  1                       0
   2850 C2851                  1                       0
   2851 C2852                  1                       0
   2852 C2853                  1                       0
   2853 C2854                  1                       0
   2854 C2855                  1                       0
   2855 C2856                  1                       0
   2856 C2857                  1                       0
   2857 C2858                  1                       0
   2858 C2859                  1                       0
   2859 C2860                  1                       0
   2860 C2861                  1                       0
   2861 C2862                  1                       0
   2862 C2863                  1                       0
   2863 C2864                  1                       0
   2864 C2865                  1                       0
   2865 C2866                  1                       0
   2866 C2867                  1                       0
   2867 C2868                  1                       0
   2868 C2869                  1                       0
   2869 C2870                  1                       0
   2870 C2871                  1                       0
   2871 C2872                  1                       0
   2872 C2873                  1                       0
   2873 C2874                  1                       0
   2874 C2875                  1                       0
   2875 C2876                  1                       0
   2876 C2877                  1                       0
   2877 C2878                  1                       0
   2878 C2879                  1                       0
   2879 C2880                  1                       0
   2880 C2881                  1                       0
   2881 C2882                  1                       0
   2882 C2883                  1                       0
   2883 C2884                  1                       0
   2884 C2885                  1                       0
   2885 C2886                  1                       0
   2887 C2888                  1                       0
   2890 C2891                  1                       0
   2891 C2892                  1                       0
   2892 C2893                  1                       0
   2893 C2894                  1                       0
   2894 C2895                  1                       0
   2895 C2896                  1                       0
   2896 C2897                  1                       0
   2897 C2898                  1                       0
   2898 C2899                  1                       0
   2899 C2900                  1                       0
   2900 C2901                  1                       0
   2901 C2902                  1                       0
   2902 C2903                  1                       0
   2903 C2904                  1                       0
   2909 C2910                  1                       0
   2911 C2912                  1                       0
   2914 C2915                  1                       0
   2915 C2916                  1                       0
   2916 C2917                  1                       0
   2917 C2918                  1                       0
   2918 C2919                  1                       0
   2919 C2920                  1                       0
   2920 C2921                  1                       0
   2921 C2922                  1                       0
   2922 C2923                  1                       0
   2923 C2924                  1                       0
   2924 C2925                  1                       0
   2925 C2926                  1                       0
   2926 C2927                  1                       0
   2927 C2928                  1                       0
   2928 C2929                  1                       0
   2929 C2930                  1                       0
   2930 C2931                  1                       0
   2931 C2932                  1                       0
   2932 C2933                  1                       0
   2933 C2934                  1                       0
   2934 C2935                  1                       0
   2935 C2936                  1                       0
   2936 C2937                  1                       0
   2937 C2938                  1                       0
   2938 C2939                  1                       0
   2939 C2940                  1                       0
   2940 C2941                  1                       0
   2941 C2942                  1                       0
   2942 C2943                  1                       0
   2943 C2944                  1                       0
   2944 C2945                  1                       0
   2945 C2946                  1                       0
   2946 C2947                  1                       0
   2947 C2948                  1                       0
   2948 C2949                  1                       0
   2949 C2950                  1                       0
   2950 C2951                  1                       0
   2951 C2952                  1                       0
   2952 C2953                  1                       0
   2953 C2954                  1                       0
   2954 C2955                  1                       0
   2955 C2956                  1                       0
   2956 C2957                  1                       0
   2957 C2958                  1                       0
   2958 C2959                  1                       0
   2959 C2960                  1                       0
   2960 C2961                  1                       0
   2961 C2962                  1                       0
   2962 C2963                  1                       0
   2963 C2964                  1                       0
   2969 C2970                  1                       0
   2971 C2972                  1                       0
   2974 C2975                  1                   72000
   2975 C2976                  1                       0
   2981 C2982                  1                       0
   2987 C2988                  1                       0
   2988 C2989                  1                       0
   2989 C2990                  1                       0
   2990 C2991                  1                       0
   2991 C2992                  1                       0
   2992 C2993                  1                       0
   2993 C2994                  1                       0
   2994 C2995                  1                       0
   2995 C2996                  1                       0
   2996 C2997                  1                       0
   2997 C2998                  1                       0
   2998 C2999                  1                       0
   2999 C3000                  1                       0
   3000 C3001                  1                       0
   3001 C3002                  1                       0
   3002 C3003                  1                       0
   3003 C3004                  1                       0
   3004 C3005                  1                       0
   3005 C3006                  1                       0
   3006 C3007                  1                       0
   3007 C3008                  1                       0
   3008 C3009                  1                       0
   3009 C3010                  1                       0
   3010 C3011                  1                       0
   3011 C3012                  1                       0
   3012 C3013                  1                       0
   3013 C3014                  1                       0
   3014 C3015                  1                       0
   3015 C3016                  1                       0
   3016 C3017                  1                       0
   3017 C3018                  1                       0
   3018 C3019                  1                       0
   3019 C3020                  1                       0
   3020 C3021                  1                       0
   3021 C3022                  1                       0
   3022 C3023                  1                       0
   3023 C3024                  1                       0
   3024 C3025                  1                       0
   3025 C3026                  1                       0
   3026 C3027                  1                       0
   3027 C3028                  1                       0
   3028 C3029                  1                       0
   3029 C3030                  1                       0
   3030 C3031                  1                       0
   3031 C3032                  1                       0
   3032 C3033                  1                       0
   3033 C3034                  1                       0
   3034 C3035                  1                       0
   3035 C3036                  1                       0
   3036 C3037                  1                       0
   3037 C3038                  1                       0
   3038 C3039                  1                       0
   3039 C3040                  1                       0
   3040 C3041                  1                       0
   3041 C3042                  1                       0
   3042 C3043                  1                       0
   3043 C3044                  1                       0
   3044 C3045                  1                       0
   3045 C3046                  1                       0
   3046 C3047                  1                       0
   3047 C3048                  1                       0
   3048 C3049                  1                       0
   3049 C3050                  1                       0
   3050 C3051                  1                       0
   3051 C3052                  1                       0
   3052 C3053                  1                       0
   3053 C3054                  1                       0
   3054 C3055                  1                       0
   3055 C3056                  1                       0
   3056 C3057                  1                       0
   3057 C3058                  1                       0
   3058 C3059                  1                       0
   3059 C3060                  1                       0
   3060 C3061                  1                       0
   3061 C3062                  1                       0
   3062 C3063                  1                       0
   3063 C3064                  1                       0
   3064 C3065                  1                       0
   3065 C3066                  1                       0
   3066 C3067                  1                       0
   3067 C3068                  1                       0
   3068 C3069                  1                       0
   3069 C3070                  1                       0
   3070 C3071                  1                       0
   3071 C3072                  1                       0
   3072 C3073                  1                       0
   3073 C3074                  1                       0
   3074 C3075                  1                       0
   3075 C3076                  1                       0
   3076 C3077                  1                       0
   3077 C3078                  1                       0
   3078 C3079                  1                       0
   3079 C3080                  1                       0
   3080 C3081                  1                       0
   3081 C3082                  1                       0
   3082 C3083                  1                       0
   3083 C3084                  1                       0
   3085 C3086                  1                       0
   3088 C3089                  1                       0
   3089 C3090                  1                       0
   3090 C3091                  1                       0
   3091 C3092                  1                       0
   3092 C3093                  1                       0
   3093 C3094                  1                       0
   3094 C3095                  1                       0
   3095 C3096                  1                       0
   3096 C3097                  1                       0
   3097 C3098                  1                       0
   3098 C3099                  1                       0
   3099 C3100                  1                       0
   3100 C3101                  1                       0
   3101 C3102                  1                       0
   3102 C3103                  1                       0
   3103 C3104                  1                       0
   3104 C3105                  1                       0
   3105 C3106                  1                       0
   3106 C3107                  1                       0
   3107 C3108                  1                       0
   3113 C3114                  1                       0
