Stopped on time - objective value 32.00000000
  36593 C36594                 1                       0
  36595 C36596                 1                       0
  36597 C36598                 1                       0
  36599 C36600                 1                       0
  36642 C36643                 1                       0
  36643 C36644                 1                       0
  36650 C36651                 1                       0
  36651 C36652                 1                       0
  36661 C36662                 1                       0
  36678 C36679                 1                       0
  36680 C36681                 1                       0
  36993 C36994                 1                       0
  36995 C36996                 1                       0
  37036 C37037                 1                       0
  37039 C37040                 1                       0
  37040 C37041                 1                       0
  37048 C37049                 1                       0
  37055 C37056                 1                       0
  37060 C37061                 1                       0
  37066 C37067                 1                       0
  53964 C53965                 1                       0
  53966 C53967                 1                       0
  53969 C53970                 1                       0
  53991 C53992                 1                       0
  54687 C54688                 1                       0
  54739 C54740                 1                       0
  54753 C54754                 1                       0
  54758 C54759                 1                       0
  54762 C54763                 1                       0
  54767 C54768                 1                       0
  54789 C54790                 1                       0
  55071 C55072                 1                       0
  55127 C55128                 1                       0
  55135 C55136                 1                       0
  55147 C55148                 1                       0
  60915 C60916                 1                       0
  60922 C60923                 1                       0
  60931 C60932                 1                       0
  60933 C60934                 1                       0
  60935 C60936                 1                       0
  60937 C60938                 1                       0
  60960 C60961                 1                       0
  60970 C60971                 1                       0
  60972 C60973                 1                       0
  60979 C60980                 1                       0
  60980 C60981                 1                       0
  60987 C60988                 1                       0
  60988 C60989                 1                       0
  60996 C60997                 1                       0
  60999 C61000                 1                       0
  61007 C61008                 1                       0
  61008 C61009                 1                       0
  61023 C61024                 1                       0
  79277 C79278                 1                       0
  79341 C79342                 1                       0
  79368 C79369                 1                       0
  80955 C80956                 1                       0
  80964 C80965                 1                       0
  80987 C80988                 1                       0
  80988 C80989                 1                       0
  81097 C81098                 1                       0
  81119 C81120                 1                       0
  81120 C81121                 1                       0
  81121 C81122                 1                       0
  83672 C83673                 1                       0
  83747 C83748                 1                       0
  83756 C83757                 1                       0
  89752 C89753                 1                       0
  89753 C89754                 1                       0
  89754 C89755                 1                       0
  89755 C89756                 1                       0
  89756 C89757                 1                       0
  89757 C89758                 1                       0
  89758 C89759                 1                       0
  89759 C89760                 1                       0
  89760 C89761                 1                       0
  92445 C92446                 1                       0
  92447 C92448                 1                       0
  92453 C92454                 1                       0
  92455 C92456                 1                       0
  92492 C92493                 1                       0
  92502 C92503                 1                       0
  92510 C92511                 1                       0
  92528 C92529                 1                       0
  92529 C92530                 1                       0
  92578 C92579                 1                       0
  92580 C92581                 1                       0
  92586 C92587                 1                       0
  92588 C92589                 1                       0
  92635 C92636                 1                       0
  92643 C92644                 1                       0
  96402 C96403                 1                       0
  96403 C96404                 1                       0
  96404 C96405                 1                       0
  96405 C96406                 1                       0
  96406 C96407                 1                       0
  96407 C96408                 1                       0
  96408 C96409                 1                       0
  96409 C96410                 1                       0
  96410 C96411                 1                       0
 111720 C111721                1                       0
 111722 C111723                1                       0
 111724 C111725                1                       0
 111726 C111727                1                       0
 111728 C111729                1                       0
 111733 C111734                1                       0
 111735 C111736                1                       0
 111737 C111738                1                       0
 111739 C111740                1                       0
 111741 C111742                1                       0
 111743 C111744                1                       0
 111751 C111752                1                       0
 111753 C111754                1                       0
 111754 C111755                1                       0
 111756 C111757                1                       0
 111758 C111759                1                       0
 111760 C111761                1                       0
 111761 C111762                1                       0
 111762 C111763                1                       0
 111763 C111764                1                       0
 111764 C111765                1                       0
 111766 C111767                1                       0
 111768 C111769                1                       0
 111771 C111772                1                       0
 111772 C111773                1                       0
 111775 C111776                1                       0
 111776 C111777                1                       0
 111779 C111780                1                       0
 111780 C111781                1                       0
 111783 C111784                1                       0
 111784 C111785                1                       0
 111786 C111787                1                       0
 111794 C111795                1                       0
 111803 C111804                1                       0
 111804 C111805                1                       0
 111812 C111813                1                       0
 111813 C111814                1                       0
 111827 C111828                1                       0
 111828 C111829                1                       0
 111839 C111840                1                       0
 111840 C111841                1                       0
 111841 C111842                1                       0
 111849 C111850                1                       0
 116921 C116922                1                       0
 116923 C116924                1                       0
 116929 C116930                1                       0
 116975 C116976                1                       0
 117187 C117188                1                       0
 117189 C117190                1                       0
 117195 C117196                1                       0
 117197 C117198                1                       0
 117241 C117242                1                       0
 117249 C117250                1                       0
 117980 C117981                1                       0
 117982 C117983                1                       0
 117996 C117997                1                       0
 117998 C117999                1                       0
 118040 C118041                1                       0
 118048 C118049                1                       0
 118060 C118061                1                       0
 129417 C129418                1                       0
 129420 C129421                1                       0
 129422 C129423                1                       0
 129426 C129427                1                       0
 129432 C129433                1                       0
 129434 C129435                1                       0
 129436 C129437                1                       0
 129438 C129439                1                       0
 129455 C129456                1                       0
 129465 C129466                1                       0
 129478 C129479                1                       0
 129479 C129480                1                       0
 129486 C129487                1                       0
 129487 C129488                1                       0
 129679 C129680                1                       0
 129681 C129682                1                       0
 129683 C129684                1                       0
 129686 C129687                1                       0
 129688 C129689                1                       0
 129692 C129693                1                       0
 129698 C129699                1                       0
 129700 C129701                1                       0
 129702 C129703                1                       0
 129704 C129705                1                       0
 129706 C129707                1                       0
 129709 C129710                1                       0
 129715 C129716                1                       0
 129717 C129718                1                       0
 129719 C129720                1                       0
 129721 C129722                1                       0
 129723 C129724                1                       0
 129726 C129727                1                       0
 129730 C129731                1                       0
 129731 C129732                1                       0
 129738 C129739                1                       0
 129739 C129740                1                       0
 129744 C129745                1                       0
 129745 C129746                1                       0
 129752 C129753                1                       0
 129753 C129754                1                       0
 129758 C129759                1                       0
 129759 C129760                1                       0
 129807 C129808                1                       0
 135394 C135395                1                       0
 135396 C135397                1                       0
 135397 C135398                1                       0
 135399 C135400                1                       0
 135401 C135402                1                       0
 135406 C135407                1                       0
 135408 C135409                1                       0
 135420 C135421                1                       0
 135422 C135423                1                       0
 135424 C135425                1                       0
 135426 C135427                1                       0
 135427 C135428                1                       0
 135429 C135430                1                       0
 135430 C135431                1                       0
 135431 C135432                1                       0
 135432 C135433                1                       0
 135433 C135434                1                       0
 135435 C135436                1                       0
 135437 C135438                1                       0
 135439 C135440                1                       0
 135441 C135442                1                       0
 135443 C135444                1                       0
 135444 C135445                1                       0
 135447 C135448                1                       0
 135448 C135449                1                       0
 135451 C135452                1                       0
 135452 C135453                1                       0
 135453 C135454                1                       0
 135454 C135455                1                       0
 135455 C135456                1                       0
 135456 C135457                1                       0
 135477 C135478                1                       0
 135478 C135479                1                       0
 135482 C135483                1                       0
 135497 C135498                1                       0
 135501 C135502                1                       0
 135502 C135503                1                       0
 135513 C135514                1                       0
 135514 C135515                1                       0
 135515 C135516                1                       0
 135519 C135520                1                       0
 135522 C135523                1                       0
 135523 C135524                1                       0
 135524 C135525                1                       0
 135525 C135526                1                       0
 135526 C135527                1                       0
 138164 C138165                1                       0
 138165 C138166                1                       0
 138166 C138167                1                       0
 138167 C138168                1                       0
 138168 C138169                1                       0
 138169 C138170                1                       0
 138170 C138171                1                       0
 138171 C138172                1                       0
 138172 C138173                1                       0
 147112 C147113                1                       0
 147114 C147115                1                       0
 147170 C147171                1                       0
 147178 C147179                1                       0
 147185 C147186                1                       0
 149450 C149451                1                       0
 149457 C149458                1                       0
 149461 C149462                1                       0
 149481 C149482                1                       0
 149482 C149483                1                       0
 149483 C149484                1                       0
 150965 C150966                1                       0
 151044 C151045                1                       0
 151046 C151047                1                       0
 151049 C151050                1                       0
 151051 C151052                1                       0
 151053 C151054                1                       0
 151057 C151058                1                       0
 151061 C151062                1                       0
 151082 C151083                1                       0
 152699 C152700                1                       0
 152781 C152782                1                       0
 152785 C152786                1                       0
 167078 C167079                1                       0
 167080 C167081                1                       0
 167119 C167120                1                       0
 167120 C167121                1                       0
 167127 C167128                1                       0
 167128 C167129                1                       0
 167129 C167130                1                       0
 167179 C167180                1                       0
 186025 C186026                1                       0
 186030 C186031                1                       0
 186032 C186033                1                       0
 186036 C186037                1                       0
 186060 C186061                1                       0
 186061 C186062                1                       0
 191919 C191920                1                       0
 191920 C191921                1                       0
 191922 C191923                1                       0
 191924 C191925                1                       0
 191926 C191927                1                       0
 191945 C191946                1                       0
 191947 C191948                1                       0
 191952 C191953                1                       0
 191954 C191955                1                       0
 191955 C191956                1                       0
 191956 C191957                1                       0
 191957 C191958                1                       0
 191958 C191959                1                       0
 191959 C191960                1                       0
 191962 C191963                1                       0
 191964 C191965                1                       0
 191966 C191967                1                       0
 191967 C191968                1                       0
 191968 C191969                1                       0
 191969 C191970                1                       0
 191971 C191972                1                       0
 191973 C191974                1                       0
 191976 C191977                1                       0
 191978 C191979                1                       0
 191979 C191980                1                       0
 191980 C191981                1                       0
 191983 C191984                1                       0
 191990 C191991                1                       0
 191998 C191999                1                       0
 192001 C192002                1                       0
 192004 C192005                1                       0
 192007 C192008                1                       0
 192008 C192009                1                       0
 192015 C192016                1                       0
 192024 C192025                1                       0
 192025 C192026                1                       0
 192026 C192027                1                       0
 192027 C192028                1                       0
 192028 C192029                1                       0
 192038 C192039                1                       0
 192039 C192040                1                       0
 192044 C192045                1                       0
 192046 C192047                1                       0
 192047 C192048                1                       0
 192048 C192049                1                       0
 192049 C192050                1                       0
 210141 C210142                1                       0
 210145 C210146                1                       0
 210147 C210148                1                       0
 210166 C210167                1                       0
 210168 C210169                1                       0
 210170 C210171                1                       0
 210172 C210173                1                       0
 210185 C210186                1                       0
 210187 C210188                1                       0
 210190 C210191                1                       0
 210193 C210194                1                       0
 210194 C210195                1                       0
 210201 C210202                1                       0
 210202 C210203                1                       0
 210211 C210212                1                       0
 210212 C210213                1                       0
 210219 C210220                1                       0
 210220 C210221                1                       0
 210221 C210222                1                       0
 210222 C210223                1                       0
 210229 C210230                1                       0
 210243 C210244                1                       0
 210245 C210246                1                       0
 210246 C210247                1                       0
 210249 C210250                1                       0
 210265 C210266                1                       0
 210268 C210269                1                       0
 210270 C210271                1                       0
 210271 C210272                1                       0
 210272 C210273                1                       0
 222538 C222539                1                       0
 222567 C222568                1                       0
 222579 C222580                1                       0
 222587 C222588                1                       0
 222595 C222596                1                       0
 222596 C222597                1                       0
 222604 C222605                1                       0
 222606 C222607                1                       0
 233016 C233017                1                       0
 233018 C233019                1                       0
 233019 C233020                1                       0
 233020 C233021                1                       0
 233022 C233023                1                       0
 233047 C233048                1                       0
 233049 C233050                1                       0
 233050 C233051                1                       0
 233051 C233052                1                       0
 233052 C233053                1                       0
 233053 C233054                1                       0
 233054 C233055                1                       0
 233055 C233056                1                       0
 233057 C233058                1                       0
 233058 C233059                1                       0
 233059 C233060                1                       0
 233060 C233061                1                       0
 233065 C233066                1                       0
 233067 C233068                1                       0
 233068 C233069                1                       0
 233069 C233070                1                       0
 233071 C233072                1                       0
 233075 C233076                1                       0
 233079 C233080                1                       0
 233103 C233104                1                       0
 233104 C233105                1                       0
 233106 C233107                1                       0
 233108 C233109                1                       0
 233111 C233112                1                       0
 233113 C233114                1                       0
 233117 C233118                1                       0
 233120 C233121                1                       0
 233123 C233124                1                       0
 233136 C233137                1                       0
 233137 C233138                1                       0
 233138 C233139                1                       0
 234887 C234888                1                       1
 234890 C234891                1                       1
 235017 C235018                1                       1
 235023 C235024                1                       1
 235026 C235027                1                       1
 235070 C235071                1                       1
 235208 C235209                1                       1
 235220 C235221                1                       1
 235221 C235222                1                       1
 235241 C235242                1                       1
 235286 C235287                1                       1
 235307 C235308                1                       1
 235308 C235309                1                       1
 235336 C235337                1                       1
 235452 C235453                1                       1
 235491 C235492                1                       1
 235493 C235494                1                       1
 235499 C235500                1                       1
 235585 C235586                1                       1
 235587 C235588                1                       1
 235630 C235631                1                       1
 235650 C235651                1                       1
 235718 C235719                1                       1
 235735 C235736                1                       1
 235747 C235748                1                       1
 235760 C235761                1                       1
 235868 C235869                1                       1
 236010 C236011                1                       1
 236055 C236056                1                       1
 236192 C236193                1                       1
 236285 C236286                1                       1
 236364 C236365                1                       1
