Stopped on time (no integer solution - continuous used) - objective value -41.45000000
      0 x0                     1                       0
   1894 x1894         0.12449312                       0
   1895 x1895         0.12449312                       0
   1902 x1902         0.12373778                       0
   1903 x1903         0.12373778                       0
   1920 x1920        0.083923034                       0
   1924 x1924        0.083923034                       0
   1926 x1926        0.083923034                       0
   1930 x1930        0.083923034                       0
   1933 x1933        0.083923034                       0
   1934 x1934        0.041961517                       0
   1935 x1935        0.041961517                       0
   2100 x2100        0.084956667                       0
   2142 x2142         0.16283692                       0
   2302 x2302      0.00039755109                       0
   2310 x2310      0.00039755109                       0
   2314 x2314      0.00039755109                       0
   2746 x2746        0.079828258                       0
   2747 x2747         0.12373778                       0
   2749 x2749         0.12373778                       0
   2750 x2750         0.16764729                       0
   2753 x2753         0.16764729                       0
   2755 x2755        0.041961517                       0
   2757 x2757        0.041961517                       0
   2759 x2759        0.083923034                       0
   2898 x2898        0.084956667                       0
   2941 x2941         0.08420132                       0
   3135 x3135      0.00039755109                       0
   3536 x3536        0.079828258                       0
   3540 x3540        0.082929156                       0
   3543 x3543         0.16764729                       0
   3646 x3646        0.083008667                       0
   3773 x3773        0.084956667                       0
   4106 x4106      0.00039755109                       0
   4659 x4659       0.0032599189                       0
   4668 x4668         0.33398267                       0
   4801 x4801        0.083008667                       0
   4815 x4815         0.16641488                       0
   4927 x4927        0.084956667                       0
   5026 x5026         0.08420132                       0
   5063 x5063         0.16283692                       0
   5064 x5064         0.08420132                       0
   5457 x5457      0.00039755109                       0
   6242 x6242         0.33398267                       0
   6243 x6243         0.22879065                       0
   6273 x6273         0.16561978                       0
   6329 x6329         0.16641488                       0
   6367 x6367         0.10519202                       0
   7140 x7140         0.28921841                       0
   7141 x7141        0.032678699                       0
   7166 x7166        0.020831677                       0
   7212 x7212        0.087640137                       0
   7214 x7214        0.087640137                       0
   7218 x7218        0.083207442                       0
   7221 x7221        0.083207442                       0
   7251 x7251         0.10519202                       0
   7258 x7258         0.10519202                       0
   7281 x7281         0.10519202                       0
   8042 x8042         0.14095174                       0
   8043 x8043         0.14095174                       0
   8045 x8045         0.48533036                       0
   8069 x8069        0.010415838                       0
   8076 x8076        0.020831677                       0
   8078 x8078        0.020831677                       0
   8084 x8084        0.020831677                       0
   8093 x8093        0.054663274                       0
   8196 x8196         0.10519202                       0
   9221 x9221         0.48533036                       0
   9224 x9224        0.032678699                       0
   9226 x9226        0.032678699                       0
   9231 x9231        0.041464578                       0
   9232 x9232        0.041464578                       0
   9235 x9235        0.041464578                       0
   9248 x9248        0.010415838                       0
   9249 x9249        0.010415838                       0
   9277 x9277        0.054663274                       0
   9313 x9313        0.083008667                       0
   9367 x9367         0.16641488                       0
  10581 x10581        0.25057645                       0
  10618 x10618        0.16561978                       0
  10633 x10633       0.083008667                       0
  10636 x10636       0.083008667                       0
  10637 x10637       0.083008667                       0
  10649 x10649       0.083008667                       0
  10670 x10670        0.16641488                       0
  10737 x10737       0.084956667                       0
  11116 x11116     0.00039755109                       0
  11653 x11653        0.17074819                       0
  11654 x11654        0.20342689                       0
  11655 x11655       0.032678699                       0
  11656 x11656       0.032678699                       0
  11658 x11658       0.032678699                       0
  11659 x11659       0.082929156                       0
  11662 x11662       0.041464578                       0
  11664 x11664       0.041464578                       0
  11673 x11673       0.010415838                       0
  11675 x11675       0.010415838                       0
  11676 x11676       0.020831677                       0
  11677 x11677       0.020831677                       0
  11686 x11686       0.020831677                       0
  11689 x11689       0.054663274                       0
  11691 x11691       0.054663274                       0
  11709 x11709       0.083008667                       0
  11711 x11711       0.083008667                       0
  12482 x12482      0.0032599189                       0
  12487 x12487                 1                       0
  14381 x14381        0.12449312                       0
  14382 x14382        0.12449312                       0
  14389 x14389        0.12373778                       0
  14390 x14390        0.12373778                       0
  14407 x14407       0.083923034                       0
  14411 x14411       0.083923034                       0
  14413 x14413       0.083923034                       0
  14417 x14417       0.083923034                       0
  14420 x14420       0.083923034                       0
  14421 x14421       0.041961517                       0
  14422 x14422       0.041961517                       0
  14587 x14587       0.084956667                       0
  14629 x14629        0.16283692                       0
  14789 x14789     0.00039755109                       0
  14797 x14797     0.00039755109                       0
  14801 x14801     0.00039755109                       0
  15233 x15233       0.079828258                       0
  15234 x15234        0.12373778                       0
  15236 x15236        0.12373778                       0
  15237 x15237        0.16764729                       0
  15240 x15240        0.16764729                       0
  15242 x15242       0.041961517                       0
  15244 x15244       0.041961517                       0
  15246 x15246       0.083923034                       0
  15385 x15385       0.084956667                       0
  15428 x15428        0.08420132                       0
  15622 x15622     0.00039755109                       0
  16023 x16023       0.079828258                       0
  16027 x16027       0.082929156                       0
  16030 x16030        0.16764729                       0
  16133 x16133       0.083008667                       0
  16260 x16260       0.084956667                       0
  16593 x16593     0.00039755109                       0
  17146 x17146      0.0032599189                       0
  17155 x17155        0.33398267                       0
  17288 x17288       0.083008667                       0
  17302 x17302        0.16641488                       0
  17414 x17414       0.084956667                       0
  17513 x17513        0.08420132                       0
  17550 x17550        0.16283692                       0
  17551 x17551        0.08420132                       0
  17944 x17944     0.00039755109                       0
  18729 x18729        0.33398267                       0
  18730 x18730        0.22879065                       0
  18760 x18760        0.16561978                       0
  18816 x18816        0.16641488                       0
  18854 x18854        0.10519202                       0
  19627 x19627        0.28921841                       0
  19628 x19628       0.032678699                       0
  19653 x19653       0.020831677                       0
  19699 x19699       0.087640137                       0
  19701 x19701       0.087640137                       0
  19705 x19705       0.083207442                       0
  19708 x19708       0.083207442                       0
  19738 x19738        0.10519202                       0
  19745 x19745        0.10519202                       0
  19768 x19768        0.10519202                       0
  20529 x20529        0.14095174                       0
  20530 x20530        0.14095174                       0
  20532 x20532        0.48533036                       0
  20556 x20556       0.010415838                       0
  20563 x20563       0.020831677                       0
  20565 x20565       0.020831677                       0
  20571 x20571       0.020831677                       0
  20580 x20580       0.054663274                       0
  20683 x20683        0.10519202                       0
  21708 x21708        0.48533036                       0
  21711 x21711       0.032678699                       0
  21713 x21713       0.032678699                       0
  21718 x21718       0.041464578                       0
  21719 x21719       0.041464578                       0
  21722 x21722       0.041464578                       0
  21735 x21735       0.010415838                       0
  21736 x21736       0.010415838                       0
  21764 x21764       0.054663274                       0
  21800 x21800       0.083008667                       0
  21854 x21854        0.16641488                       0
  23068 x23068        0.25057645                       0
  23105 x23105        0.16561978                       0
  23120 x23120       0.083008667                       0
  23123 x23123       0.083008667                       0
  23124 x23124       0.083008667                       0
  23136 x23136       0.083008667                       0
  23157 x23157        0.16641488                       0
  23224 x23224       0.084956667                       0
  23603 x23603     0.00039755109                       0
  24140 x24140        0.17074819                       0
  24141 x24141        0.20342689                       0
  24142 x24142       0.032678699                       0
  24143 x24143       0.032678699                       0
  24145 x24145       0.032678699                       0
  24146 x24146       0.082929156                       0
  24149 x24149       0.041464578                       0
  24151 x24151       0.041464578                       0
  24160 x24160       0.010415838                       0
  24162 x24162       0.010415838                       0
  24163 x24163       0.020831677                       0
  24164 x24164       0.020831677                       0
  24173 x24173       0.020831677                       0
  24176 x24176       0.054663274                       0
  24178 x24178       0.054663274                       0
  24196 x24196       0.083008667                       0
  24198 x24198       0.083008667                       0
  24969 x24969      0.0032599189                       0
  26354 x26354       0.083923034                       0
  26355 x26355       0.083923034                       0
  26356 x26356       0.083923034                       0
  26358 x26358       0.083923034                       0
  26359 x26359       0.083923034                       0
  26868 x26868        0.12449312                       0
  26877 x26877        0.12373778                       0
  26881 x26881        0.16764729                       0
  26882 x26882        0.16764729                       0
  26883 x26883        0.16764729                       0
  26884 x26884        0.16764729                       0
  26885 x26885        0.16764729                       0
  26889 x26889       0.041961517                       0
  26892 x26892       0.083923034                       0
  26893 x26893       0.083923034                       0
  26898 x26898       0.083923034                       0
  26899 x26899       0.083923034                       0
  26904 x26904       0.083923034                       0
  26905 x26905       0.083923034                       0
  26906 x26906       0.083923034                       0
  26908 x26908       0.041961517                       0
  27073 x27073       0.084956667                       0
  27115 x27115        0.16283692                       0
  27275 x27275     0.00039755109                       0
  27284 x27284     0.00039755109                       0
  27285 x27285     0.00039755109                       0
  27286 x27286     0.00039755109                       0
  27287 x27287     0.00039755109                       0
  27717 x27717        0.12449312                       0
  27718 x27718        0.12449312                       0
  27720 x27720       0.079828258                       0
  27721 x27721       0.043909517                       0
  27722 x27722       0.043909517                       0
  27723 x27723        0.16764729                       0
  27729 x27729       0.041961517                       0
  27730 x27730       0.041961517                       0
  27731 x27731       0.083923034                       0
  27732 x27732       0.083923034                       0
  27814 x27814       0.083008667                       0
  27872 x27872       0.084956667                       0
  27873 x27873       0.084956667                       0
  27899 x27899       0.084956667                       0
  28109 x28109     0.00039755109                       0
  28116 x28116     0.00039755109                       0
  28118 x28118     0.00039755109                       0
  28119 x28119     0.00039755109                       0
  28120 x28120     0.00039755109                       0
  28122 x28122     0.00039755109                       0
  28123 x28123     0.00039755109                       0
  28127 x28127     0.00039755109                       0
  28128 x28128     0.00039755109                       0
  28129 x28129     0.00039755109                       0
  28510 x28510       0.079828258                       0
  28511 x28511       0.079828258                       0
  28514 x28514       0.082929156                       0
  28515 x28515        0.16764729                       0
  28516 x28516        0.16764729                       0
  28619 x28619       0.083008667                       0
  28635 x28635        0.16641488                       0
  28639 x28639        0.16641488                       0
  28640 x28640        0.16641488                       0
  28746 x28746       0.084956667                       0
  29074 x29074     0.00039755109                       0
  29075 x29075     0.00039755109                       0
  29076 x29076     0.00039755109                       0
  29078 x29078     0.00039755109                       0
  29079 x29079     0.00039755109                       0
  29633 x29633      0.0032599189                       0
  29634 x29634      0.0032599189                       0
  29635 x29635      0.0032599189                       0
  29636 x29636      0.0032599189                       0
  29637 x29637      0.0032599189                       0
  29638 x29638      0.0032599189                       0
  29641 x29641        0.33398267                       0
  29699 x29699        0.16561978                       0
  29700 x29700        0.16561978                       0
  29743 x29743       0.083008667                       0
  29745 x29745       0.083008667                       0
  29746 x29746       0.083008667                       0
  29747 x29747       0.083008667                       0
  29776 x29776       0.083008667                       0
  29778 x29778       0.083008667                       0
  29789 x29789        0.16641488                       0
  29900 x29900       0.084956667                       0
  29998 x29998        0.08420132                       0
  29999 x29999        0.08420132                       0
  30037 x30037       0.078635605                       0
  30431 x30431     0.00039755109                       0
  31216 x31216        0.33398267                       0
  31217 x31217        0.28921841                       0
  31218 x31218        0.28921841                       0
  31247 x31247        0.16561978                       0
  31249 x31249        0.16561978                       0
  31250 x31250        0.16561978                       0
  31301 x31301       0.083207442                       0
  31302 x31302       0.083207442                       0
  31303 x31303       0.083207442                       0
  31341 x31341        0.10519202                       0
  31363 x31363        0.10519202                       0
  32114 x32114        0.19611195                       0
  32140 x32140       0.020831677                       0
  32141 x32141       0.020831677                       0
  32142 x32142       0.020831677                       0
  32143 x32143       0.020831677                       0
  32156 x32156       0.054663274                       0
  32186 x32186       0.087640137                       0
  32187 x32187       0.087640137                       0
  32192 x32192       0.083207442                       0
  32194 x32194       0.083207442                       0
  32225 x32225        0.10519202                       0
  32228 x32228        0.10519202                       0
  32230 x32230        0.10519202                       0
  32231 x32231        0.10519202                       0
  32241 x32241        0.10519202                       0
  32242 x32242        0.10519202                       0
  32254 x32254        0.10519202                       0
  33016 x33016        0.14095174                       0
  33028 x33028       0.041464578                       0
  33029 x33029       0.041464578                       0
  33030 x33030       0.041464578                       0
  33031 x33031       0.041464578                       0
  33043 x33043       0.010415838                       0
  33050 x33050       0.020831677                       0
  33051 x33051       0.020831677                       0
  33067 x33067       0.054663274                       0
  33121 x33121       0.087640137                       0
  34193 x34193        0.14095174                       0
  34194 x34194        0.28190347                       0
  34196 x34196       0.032678699                       0
  34197 x34197       0.032678699                       0
  34205 x34205       0.041464578                       0
  34222 x34222       0.010415838                       0
  34225 x34225       0.010415838                       0
  34226 x34226       0.010415838                       0
  34229 x34229       0.020831677                       0
  34230 x34230       0.020831677                       0
  34231 x34231       0.020831677                       0
  34232 x34232       0.020831677                       0
  34233 x34233       0.020831677                       0
  34241 x34241       0.020831677                       0
  34279 x34279       0.083008667                       0
  34284 x34284       0.083008667                       0
  34341 x34341        0.16641488                       0
  34343 x34343        0.16641488                       0
  34344 x34344        0.16641488                       0
  34345 x34345        0.16641488                       0
  35555 x35555       0.079828258                       0
  35559 x35559       0.082929156                       0
  35573 x35573       0.010415838                       0
  35574 x35574       0.020831677                       0
  35575 x35575       0.020831677                       0
  35590 x35590       0.054663274                       0
  35591 x35591       0.054663274                       0
  35593 x35593        0.11095651                       0
  35595 x35595        0.11095651                       0
  35596 x35596        0.11095651                       0
  35597 x35597        0.11095651                       0
  35607 x35607       0.083008667                       0
  35608 x35608       0.083008667                       0
  35611 x35611       0.083008667                       0
  35612 x35612       0.083008667                       0
  35613 x35613       0.083008667                       0
  35616 x35616       0.083008667                       0
  35617 x35617       0.083008667                       0
  35619 x35619       0.083008667                       0
  35620 x35620       0.083008667                       0
  35621 x35621       0.083008667                       0
  35622 x35622       0.083008667                       0
  35644 x35644        0.16641488                       0
  35646 x35646        0.16641488                       0
  35647 x35647        0.16641488                       0
  35648 x35648        0.16641488                       0
  35649 x35649        0.16641488                       0
  35651 x35651        0.16641488                       0
  35710 x35710       0.084956667                       0
  36088 x36088     0.00039755109                       0
  36089 x36089     0.00039755109                       0
  36622 x36622      0.0032599189                       0
  36623 x36623      0.0032599189                       0
  36624 x36624      0.0032599189                       0
  36625 x36625      0.0032599189                       0
  36627 x36627        0.17074819                       0
  36628 x36628       0.032678699                       0
  36630 x36630       0.032678699                       0
  36633 x36633       0.082929156                       0
  36634 x36634       0.082929156                       0
  36635 x36635       0.082929156                       0
  36636 x36636       0.041464578                       0
  36637 x36637       0.041464578                       0
  36647 x36647       0.010415838                       0
  36650 x36650       0.020831677                       0
  36659 x36659       0.020831677                       0
  36663 x36663       0.054663274                       0
  36664 x36664       0.054663274                       0
  37456 x37456      0.0032599189                       0
  37457 x37457      0.0032599189                       0
  37458 x37458      0.0032599189                       0
  37459 x37459      0.0032599189                       0
  37460 x37460      0.0032599189                       0
