Optimal - objective value 493.16000000
      3 C0004                  1                      10
      6 C0007                  1                      10
      8 C0009                  1                     7.5
     14 C0015                  1                       4
     20 C0021                  1                      10
     21 C0022                  1                      10
     22 C0023                  1                    7.88
     26 C0027                  1                       4
     29 C0030                  1                      10
     32 C0033                  1                     7.5
     33 C0034                  1                      10
     35 C0036                  1                    7.88
     38 C0039                  1                      10
     39 C0040                  1                    7.88
     44 C0045                  1                      10
     49 C0050                  1                      10
     53 C0054                  1                      10
     60 C0061                  1                       9
     61 C0062                  1                      10
     63 C0064                  1                     7.5
     65 C0066                  1                      10
     66 C0067                  1                      10
     68 C0069                  1                      10
     69 C0070                  1                     7.5
     75 C0076                  1                      10
     84 C0085                  1                      10
     87 C0088                  1                      10
     90 C0091                  1                     7.5
     97 C0098                  1                      10
    102 C0103                  1                      10
    104 C0105                  1                     7.5
    108 C0109                  1                      10
    111 C0112                  1                     7.5
    112 C0113                  1                      10
    113 C0114                  1                    7.88
    123 C0124                  1                      10
    128 C0129                  1                      10
    130 C0131                  1                      10
    135 C0136                  1                      10
    136 C0137                  1                      10
    137 C0138                  1                    7.88
    148 C0149                  1                      10
    149 C0150                  1                      10
    154 C0155                  1                       9
    155 C0156                  1                      10
    157 C0158                  1                      10
    159 C0160                  1                     7.5
    162 C0163                  1                      10
    163 C0164                  1                       4
    170 C0171                  1                       4
    183 C0184                  1                      10
    185 C0186                  1                    7.88
    195 C0196                  1                      10
    198 C0199                  1                    7.88
    208 C0209                  1                       4
    222 C0223                  1                      10
