Stopped on time - objective value 182.00000000
   4239 C4240                  1                       1
   4264 C4265                  1                       1
   4271 C4272                  1                       1
   4407 C4408                  1                       1
   4436 C4437                  1                       1
   4439 C4440                  1                       1
   4466 C4467                  1                       1
   4471 C4472                  1                       1
   4601 C4602                  1                       1
   4633 C4634                  1                       1
   4636 C4637                  1                       1
   4665 C4666                  1                       1
   4668 C4669                  1                       1
   4697 C4698                  1                       1
   4832 C4833                  1                       1
   5095 C5096                  1                       1
   5294 C5295                  1                       1
   5792 C5793                  1                       1
   5988 C5989                  1                       1
   5989 C5990                  1                       1
   6068 C6069                  1                       1
   6085 C6086                  1                       1
   6088 C6089                  1                       1
   6192 C6193                  1                       1
   6280 C6281                  1                       1
   8544 C8545                  1                       1
   8991 C8992                  1                       1
   9022 C9023                  1                       1
   9023 C9024                  1                       1
   9141 C9142                  1                       1
   9170 C9171                  1                       1
   9173 C9174                  1                       1
   9202 C9203                  1                       1
   9205 C9206                  1                       1
   9234 C9235                  1                       1
   9237 C9238                  1                       1
   9266 C9267                  1                       1
   9337 C9338                  1                       1
   9338 C9339                  1                       1
   9369 C9370                  1                       1
   9370 C9371                  1                       1
   9399 C9400                  1                       1
   9402 C9403                  1                       1
   9431 C9432                  1                       1
   9434 C9435                  1                       1
   9463 C9464                  1                       1
   9566 C9567                  1                       1
   9598 C9599                  1                       1
   9677 C9678                  1                       1
   9863 C9864                  1                       1
  10060 C10061                 1                       1
  10260 C10261                 1                       1
  10721 C10722                 1                       1
  10722 C10723                 1                       1
  10747 C10748                 1                       1
  10826 C10827                 1                       1
  10837 C10838                 1                       1
  13055 C13056                 1                       1
  13056 C13057                 1                       1
  13296 C13297                 1                       1
  13446 C13447                 1                       1
  13455 C13456                 1                       1
  13743 C13744                 1                       1
  13775 C13776                 1                       1
  13784 C13785                 1                       1
  13891 C13892                 1                       1
  13922 C13923                 1                       1
  13923 C13924                 1                       1
  13946 C13947                 1                       1
  13953 C13954                 1                       1
  13976 C13977                 1                       1
  13985 C13986                 1                       1
  14008 C14009                 1                       1
  14017 C14018                 1                       1
  14085 C14086                 1                       1
  14088 C14089                 1                       1
  14117 C14118                 1                       1
  14120 C14121                 1                       1
  14149 C14150                 1                       1
  14152 C14153                 1                       1
  14179 C14180                 1                       1
  14180 C14181                 1                       1
  14211 C14212                 1                       1
  14212 C14213                 1                       1
  14318 C14319                 1                       1
  14350 C14351                 1                       1
  14433 C14434                 1                       1
  15016 C15017                 1                       1
  15474 C15475                 1                       1
  15475 C15476                 1                       1
  15507 C15508                 1                       1
  15589 C15590                 1                       1
  15598 C15599                 1                       1
  17788 C17789                 1                       1
  17793 C17794                 1                       1
  18048 C18049                 1                       1
  18185 C18186                 1                       1
  18186 C18187                 1                       1
  18476 C18477                 1                       1
  18509 C18510                 1                       1
  18540 C18541                 1                       1
  18541 C18542                 1                       1
  18635 C18636                 1                       1
  18655 C18656                 1                       1
  18674 C18675                 1                       1
  18687 C18688                 1                       1
  18702 C18703                 1                       1
  18719 C18720                 1                       1
  18730 C18731                 1                       1
  18748 C18749                 1                       1
  18751 C18752                 1                       1
  18840 C18841                 1                       1
  18841 C18842                 1                       1
  18871 C18872                 1                       1
  18872 C18873                 1                       1
  18887 C18888                 1                       1
  18904 C18905                 1                       1
  18919 C18920                 1                       1
  18936 C18937                 1                       1
  18951 C18952                 1                       1
  18960 C18961                 1                       1
  19102 C19103                 1                       1
  19185 C19186                 1                       1
  19768 C19769                 1                       1
  20226 C20227                 1                       1
  20227 C20228                 1                       1
  20259 C20260                 1                       1
  20354 C20355                 1                       1
  20355 C20356                 1                       1
  22534 C22535                 1                       1
  22535 C22536                 1                       1
  22802 C22803                 1                       1
  22930 C22931                 1                       1
  22931 C22932                 1                       1
  23228 C23229                 1                       1
  23235 C23236                 1                       1
  23267 C23268                 1                       1
  23292 C23293                 1                       1
  23299 C23300                 1                       1
  23397 C23398                 1                       1
  23428 C23429                 1                       1
  23429 C23430                 1                       1
  23460 C23461                 1                       1
  23461 C23462                 1                       1
  23492 C23493                 1                       1
  23493 C23494                 1                       1
  23594 C23595                 1                       1
  23595 C23596                 1                       1
  23626 C23627                 1                       1
  23627 C23628                 1                       1
  23658 C23659                 1                       1
  23659 C23660                 1                       1
  23690 C23691                 1                       1
  23691 C23692                 1                       1
  23854 C23855                 1                       1
  23855 C23856                 1                       1
  24984 C24985                 1                       1
  24985 C24986                 1                       1
  25106 C25107                 1                       1
  25107 C25108                 1                       1
  26974 C26975                 1                       1
  27269 C27270                 1                       1
  27270 C27271                 1                       1
  27664 C27665                 1                       1
  27667 C27668                 1                       1
  27982 C27983                 1                       1
  27985 C27986                 1                       1
  28044 C28045                 1                       1
  28045 C28046                 1                       1
  28165 C28166                 1                       1
  28194 C28195                 1                       1
  28197 C28198                 1                       1
  28226 C28227                 1                       1
  28229 C28230                 1                       1
  28363 C28364                 1                       1
  28364 C28365                 1                       1
  28395 C28396                 1                       1
  28396 C28397                 1                       1
  28425 C28426                 1                       1
  28426 C28427                 1                       1
  28606 C28607                 1                       1
  28611 C28612                 1                       1
