Stopped on time - objective value 5761665.21772000
      1 C0002               9050                       0
     11 C0012              18100                       0
     21 C0022               9050                       0
     22 C0023               9050                       0
     24 C0025               9050                       0
     26 C0027               9050                       0
     40 C0041               9050                       0
    105 C0106              16000                       0
    106 C0107              16000                       0
    108 C0109               8000                       0
    109 C0110              16000                       0
    110 C0111               8000                       0
    111 C0112              16000                       0
    114 C0115              16000                       0
    116 C0117               8000                       0
    119 C0120               8000                       0
    125 C0126               8000                       0
    132 C0133               8000                       0
    134 C0135               8000                       0
    135 C0136               8000                       0
    141 C0142               8000                       0
    147 C0148               8000                       0
    158 C0159               8000                       0
    160 C0161               8000                       0
    164 C0165               8000                       0
    165 C0166               8000                       0
    167 C0168               8000                       0
    170 C0171               8000                       0
    172 C0173               8000                       0
    185 C0186               8000                       0
    190 C0191               8000                       0
    198 C0199               8000                       0
    207 C0208               8000                       0
    213 C0214               9050                       0
    216 C0217               9050                       0
    220 C0221               9050                       0
    221 C0222               9050                       0
    222 C0223               9050                       0
    232 C0233               9050                       0
    236 C0237               9050                       0
    237 C0238               9050                       0
    238 C0239               9050                       0
    247 C0248               9050                       0
    248 C0249           39399.25                       0
    249 C0250              33050                       0
    250 C0251              25050                       0
    251 C0252              32000                       0
    252 C0253              17050                       0
    254 C0255              33050                       0
    255 C0256               8000                       0
    257 C0258               8000                       0
    259 C0260            1650.75                       0
    261 C0262            4344.45                       0
    262 C0263               9050                       0
    264 C0265               9050                       0
    265 C0266               9050                       0
    266 C0267               9050                       0
    267 C0268               9050                       0
    270 C0271            6094.55                       0
    271 C0272              16711                    -8.5
    273 C0274              23250                       0
    274 C0275              16000                       0
    276 C0277               8000                       0
    277 C0278              33050                       0
    279 C0280              25050                       0
    282 C0283              16000                       0
    283 C0284              19900                       0
    295 C0296            1650.75                 11.1705
    296 C0297            4705.55                       0
    306 C0307            6094.55                       0
    307 C0308           22805.55                   30.18
    308 C0309            5873.75                       0
    309 C0310            5077.75                       0
    310 C0311            1109.75                       0
    311 C0312            4390.35                       0
    312 C0313            3518.35                       0
    313 C0314            3255.35                       0
    314 C0315            3167.35                       0
    315 C0316            3028.35                       0
    316 C0317            2854.35                       0
    317 C0318            2646.35                       0
    318 C0319            2513.35                       0
    319 C0320            2407.35                       0
    320 C0321            2573.15                       0
    321 C0322            5446.81                       0
    322 C0323            2848.87                       0
    323 C0324              84.87                       0
    324 C0325            2878.93                       0
    325 C0326            2243.93                       0
    326 C0327           6083.755                       0
    327 C0328           5682.755                       0
    328 C0329           4016.755                       0
    329 C0330           3666.755                       0
    330 C0331           3151.755                       0
    331 C0332           2873.755                       0
    332 C0333               6467                       0
    333 C0334               5405                       0
    334 C0335             5774.6                       0
    335 C0336             6342.2                       0
    336 C0337             4381.2                       0
    337 C0338             3595.2                       0
    338 C0339             3339.2                       0
    339 C0340             3077.2                       0
    340 C0341             2963.2                       0
    341 C0342             5468.2                       0
    342 C0343             4575.2                       0
    343 C0344             4347.2                       0
    344 C0345           6870.275                       0
    345 C0346           5544.275                       0
    346 C0347            997.275                       0
    347 C0348           3821.875                       0
    348 C0349           2958.875                       0
    349 C0350           2869.875                       0
    350 C0351           2802.875                       0
    351 C0352           2743.875                       0
    352 C0353           2689.875                       0
    353 C0354           2573.875                       0
    354 C0355           2573.875                       0
    355 C0356           2573.875                       0
    356 C0357               2180                       0
    357 C0358               1337                       0
    358 C0359             2045.6                       0
    359 C0360              177.6                       0
    360 C0361             3817.2                       0
    361 C0362             3656.2                       0
    362 C0363             3570.2                       0
    363 C0364             3564.2                       0
    364 C0365             3522.2                       0
    365 C0366             3446.2                       0
    366 C0367             3378.2                       0
    367 C0368             3346.2                       0
    368 C0369            6019.25                       0
    369 C0370            7168.85                       0
    370 C0371             941.85                       0
    371 C0372            3997.45                       0
    372 C0373            2778.45                       0
    373 C0374            2104.45                       0
    374 C0375            5820.45                       0
    375 C0376            5357.45                       0
    376 C0377            5005.45                       0
    377 C0378            4569.45                       0
    378 C0379            4301.45                       0
    379 C0380            4030.45                       0
    380 C0381             6036.5                       0
    381 C0382             4521.5                       0
    382 C0383             3029.5                       0
    383 C0384             2854.5                       0
    384 C0385             2825.5                       0
    385 C0386             2806.5                       0
    386 C0387             2806.5                       0
    387 C0388             2792.5                       0
    388 C0389             2782.5                       0
    389 C0390             2782.5                       0
    390 C0391             2782.5                       0
    391 C0392             2782.5                       0
    392 C0393            2306.75                       0
    393 C0394            4300.35                       0
    394 C0395            1292.35                       0
    395 C0396             764.35                       0
    396 C0397             307.35                       0
    397 C0398             113.35                       0
    398 C0399            3933.35                       0
    399 C0400            3850.35                       0
    400 C0401            3651.35                       0
    401 C0402            3449.35                       0
    402 C0403            3291.35                       0
    403 C0404            3179.35                       0
    404 C0405               1732                       0
    405 C0406               1640                       0
    406 C0407               1572                       0
    407 C0408               1572                       0
    408 C0409               1572                       0
    409 C0410               1572                       0
    410 C0411               5624                       0
    411 C0412               5148                       0
    412 C0413               4620                       0
    413 C0414               4394                       0
    414 C0415               3865                       0
    415 C0416               3026                       0
    416 C0417             2051.7                       0
    417 C0418             1984.7                       0
    418 C0419             1175.7                       0
    419 C0420              849.7                       0
    420 C0421              692.7                       0
    421 C0422              571.7                       0
    422 C0423              539.7                       0
    423 C0424             4584.7                       0
    424 C0425             4577.7                       0
    425 C0426             4415.7                       0
    426 C0427             4415.7                       0
    427 C0428             4415.7                       0
    428 C0429           6194.315                       0
    429 C0430            9990.68                       0
    430 C0431          13831.045                       0
    431 C0432          13151.045                       0
    432 C0433          12497.045                       0
    433 C0434          11419.045                       0
    434 C0435          10614.045                       0
    435 C0436           9382.045                       0
    436 C0437           7638.045                       0
    437 C0438           5794.045                       0
    438 C0439           4683.045                       0
    439 C0440           3779.045                       0
    440 C0441           5979.365                       0
    441 C0442           3977.365                       0
    442 C0443           2426.365                       0
    443 C0444            760.365                       0
    444 C0445            3674.73                       0
    445 C0446           6691.095                       0
    446 C0447            9235.46                       0
    447 C0448            7607.46                       0
    448 C0449            6481.46                       0
    449 C0450            4910.46                       0
    450 C0451            4407.46                       0
    451 C0452            3667.46                       0
    452 C0453             2209.8                       0
    453 C0454             1958.8                       0
    454 C0455             1480.8                       0
    455 C0456             1303.8                       0
    456 C0457             1005.8                       0
    457 C0458              898.8                       0
    458 C0459              788.8                       0
    459 C0460           5108.165                       0
    460 C0461           4972.165                       0
    461 C0462           4473.165                       0
    462 C0463           4348.165                       0
    463 C0464           4300.165                       0
    464 C0465               1800                       0
    469 C0470               8000                       0
    471 C0472               9050                       0
    475 C0476               1800                       0
    476 C0477               3750                       0
    477 C0478          20336.143                       0
    478 C0479          18704.933                       0
    479 C0480          18704.933                       0
    480 C0481          9073.7225                       0
    481 C0482          16492.513                       0
    482 C0483          6861.3025                       0
    483 C0484          5230.0925                       0
    484 C0485          14280.093                       0
    485 C0486          14280.093                       0
    486 C0487           18406.69                       0
    487 C0488            3950.32                       0
    488 C0489          2924516.5                       0
    489 C0490          1876089.5                       0
    490 C0491          291701.33                       0
    491 C0492          669357.88                       0
    501 C0502                  1               144602.81
    502 C0503                  1               158177.81
    504 C0505                  1               158177.81
    506 C0507                  1               144602.81
    520 C0521                  1               106837.03
    580 C0581                  1               147964.67
    583 C0584                  1               159964.67
    589 C0590                  1               122064.67
    596 C0597                  1               102886.33
    598 C0599                  1               114886.33
    599 C0600                  1               114886.33
    605 C0606                  1               102886.33
    611 C0612                  1                  106068
    622 C0623                  1               212751.33
    624 C0625                  1               212751.33
    628 C0629                  1                  138098
    629 C0630                  1                  138098
    631 C0632                  1                  150098
    634 C0635                  1                  138098
    637 C0638                  1                  131993
    642 C0643                  1                  131993
    647 C0648                  1               191778.83
    648 C0649                  1               59157.274
    649 C0650                  1               136082.27
    650 C0651                  1               136082.27
    660 C0661                  1               84528.554
    664 C0665                  1               161453.55
    665 C0666                  1               161453.55
    666 C0667                  1               161453.55
    675 C0676                  1               287561.29
    677 C0678                  1               48579.762
    687 C0688                  2               48579.762
    693 C0694                  2               41193.333
    694 C0695                  2               41193.333
    696 C0697                  1               41193.333
    697 C0698                  2               41193.333
    698 C0699                  1               41193.333
    699 C0700                  2               41193.333
    702 C0703                  2               41193.333
    704 C0705                  1               95794.667
    722 C0723                  1                  165663
    733 C0734                  1               48579.762
    736 C0737                  1               48579.762
