Stopped on time - objective value 198.00000000
      5 C0006                 40                       0
      6 C0007                151                       0
      7 C0008                 40                       0
      8 C0009                 40                       0
      9 C0010                 40                       0
     10 C0011                 30                       0
     11 C0012                 30                       0
     12 C0013                 30                       0
     13 C0014                 30                       0
     14 C0015                 30                       0
     15 C0016                 50                       0
     16 C0017                 50                       0
     17 C0018                 50                       0
     18 C0019                 50                       0
     19 C0020                 50                       0
     20 C0021                300                       0
     21 C0022                300                       0
     22 C0023                300                       0
     23 C0024                300                       0
     24 C0025                300                       0
     25 C0026                120                       0
     26 C0027                160                       0
     27 C0028                120                       0
     28 C0029                120                       0
     29 C0030                120                       0
     30 C0031                200                       0
     31 C0032                160                       0
     32 C0033                160                       0
     33 C0034                160                       0
     34 C0035                160                       0
     35 C0036                 30                       0
     36 C0037                 30                       0
     37 C0038                 30                       0
     38 C0039                 30                       0
     39 C0040                 30                       0
     40 C0041                 40                       0
     41 C0042                 40                       0
     42 C0043                171                       0
     43 C0044                 40                       0
     44 C0045                 40                       0
     45 C0046                250                       0
     46 C0047                200                       0
     47 C0048                200                       0
     48 C0049                200                       0
     49 C0050                200                       0
     50 C0051                400                       0
     51 C0052                400                       0
     52 C0053                400                       0
     53 C0054                400                       0
     54 C0055                400                       0
     55 C0056                310                       0
     56 C0057                360                       0
     57 C0058                310                       0
     58 C0059                310                       0
     59 C0060                310                       0
     60 C0061                460                       0
     61 C0062                410                       0
     62 C0063                410                       0
     63 C0064                410                       0
     64 C0065                410                       0
     65 C0066                100                       0
     66 C0067                100                       0
     67 C0068                100                       0
     68 C0069                300                       0
     69 C0070                100                       0
     70 C0071                120                       0
     71 C0072                120                       0
     72 C0073                120                       0
     73 C0074                120                       0
     74 C0075                120                       0
     75 C0076                 90                       0
     76 C0077                 90                       0
     77 C0078                 90                       0
     78 C0079                 90                       0
     79 C0080                 90                       0
     80 C0081                128                       0
     81 C0082                100                       0
     82 C0083                100                       0
     83 C0084                100                       0
     84 C0085                100                       0
     85 C0086                 60                       0
     86 C0087                 60                       0
     87 C0088                 60                       0
     88 C0089                 60                       0
     89 C0090                 60                       0
     90 C0091                200                       0
     91 C0092                200                       0
     92 C0093                260                       0
     93 C0094                200                       0
     94 C0095                200                       0
     95 C0096                120                       0
     96 C0097                120                       0
     97 C0098                120                       0
     98 C0099                120                       0
     99 C0100                120                       0
    100 C0101                230                       0
    101 C0102                312                       0
    102 C0103                230                       0
    103 C0104                230                       0
    104 C0105                230                       0
    105 C0106                 45                       0
    106 C0107                 45                       0
    107 C0108                 45                       0
    108 C0109                 45                       0
    109 C0110                 45                       0
    110 C0111                 60                       0
    111 C0112                 60                       0
    112 C0113                 60                       0
    113 C0114                 60                       0
    114 C0115                 60                       0
    115 C0116                 90                       0
    116 C0117                 90                       0
    117 C0118                 90                       0
    118 C0119                 90                       0
    119 C0120                150                       0
    120 C0121                234                       0
    121 C0122                100                       0
    122 C0123                100                       0
    123 C0124                100                       0
    124 C0125                100                       0
    125 C0126                290                       0
    126 C0127                320                       0
    127 C0128                290                       0
    128 C0129                290                       0
    129 C0130                290                       0
    130 C0131                160                       0
    131 C0132                160                       0
    132 C0133                243                       0
    133 C0134                160                       0
    134 C0135                160                       0
    135 C0136                100                       0
    136 C0137                100                       0
    137 C0138                100                       0
    138 C0139                100                       0
    139 C0140                100                       0
    140 C0141                 95                       0
    141 C0142                 95                       0
    142 C0143                101                       0
    143 C0144                 95                       0
    144 C0145                 95                       0
    145 C0146                170                       0
    146 C0147                170                       0
    147 C0148                210                       0
    148 C0149                170                       0
    149 C0150                170                       0
    150 C0151                330                       0
    151 C0152                400                       0
    152 C0153                330                       0
    153 C0154                330                       0
    154 C0155                330                       0
    155 C0156                412                       0
    156 C0157                410                       0
    157 C0158                410                       0
    158 C0159                410                       0
    159 C0160                410                       0
    160 C0161                 10                       0
    161 C0162                 10                       0
    162 C0163                 10                       0
    163 C0164                100                       0
    164 C0165                 10                       0
    165 C0166                120                       0
    166 C0167                120                       0
    167 C0168                182                       0
    168 C0169                120                       0
    169 C0170                120                       0
    170 C0171                 60                       0
    171 C0172                 60                       0
    172 C0173                 60                       0
    173 C0174                 75                       0
    174 C0175                 60                       0
    175 C0176                170                       0
    176 C0177                170                       0
    177 C0178                170                       0
    178 C0179                170                       0
    179 C0180                170                       0
    186 C0187                  1                       6
    194 C0195                  1                       4
    213 C0214                  1                       2
    260 C0261                  1                       3
    287 C0288                  1                       2
    371 C0372                  1                       2
    626 C0627                  1                       7
    809 C0810                  1                       5
    891 C0892                  1                       4
    931 C0932                  1                       3
   1115 C1116                  1                       4
   1323 C1324                  1                       8
   1487 C1488                  1                       4
   1510 C1511                  1                       6
   1575 C1576                  1                       7
   1611 C1612                  1                      11
   1620 C1621                  1                       8
   1638 C1639                  1                       5
   1913 C1914                  1                       5
   2027 C2028                  1                       4
   2080 C2081                  1                       6
   2320 C2321                  1                       2
   2367 C2368                  1                       1
   2462 C2463                  1                       3
   2616 C2617                  1                       4
   2641 C2642                  1                       2
   2877 C2878                  1                       3
   2979 C2980                  1                       6
   3150 C3151                  1                       4
   3271 C3272                  1                       1
   3357 C3358                  1                       2
   3475 C3476                  1                       3
   3627 C3628                  1                       3
   3762 C3763                  1                       6
   3786 C3787                  1                       9
   3830 C3831                  1                      12
   3908 C3909                  1                       4
   4132 C4133                  1                       7
   4308 C4309                  1                      16
   4368 C4369                  1                       4
   4431 C4432                  3                       0
   4436 C4437                  1                       0
   4437 C4438                 35                       0
   4444 C4445                  1                       0
   4445 C4446                 35                       0
   4446 C4447                  5                       0
   4451 C4452                  4                       0
   4455 C4456                  4                       0
   4463 C4464                  1                       0
   4467 C4468                 31                       0
   4470 C4471                 32                       0
   4475 C4476                 33                       0
   4476 C4477                 35                       0
   4477 C4478                 35                       0
   4478 C4479                 35                       0
   4479 C4480                 35                       0
   4481 C4482                  8                       0
   4485 C4486                 35                       0
   4493 C4494                 35                       0
   4497 C4498                 35                       0
   4498 C4499                 33                       0
   4502 C4503                 28                       0
   4505 C4506                  3                       0
   4510 C4511                  1                       0
   4511 C4512                 35                       0
   4517 C4518                 35                       0
   4521 C4522                 35                       0
   4522 C4523                 30                       0
   4525 C4526                 35                       0
   4526 C4527                  6                       0
   4531 C4532                  2                       0
   4537 C4538                 27                       0
   4544 C4545                  2                       0
   4545 C4546                 31                       0
   4549 C4550                 35                       0
   4551 C4552                  7                       0
   4557 C4558                 34                       0
   4560 C4561                  2                       0
   4563 C4564                 35                       0
   4567 C4568                 29                       0
   4572 C4573                 33                       0
   4573 C4574                 35                       0
   4576 C4577                 35                       0
   4580 C4581                 34                       0
   4588 C4589                 32                       0
   4592 C4593                 32                       0
   4597 C4598                 35                       0
   4598 C4599                 31                       0
   4599 C4600                 35                       0
   4602 C4603                 35                       0
   4603 C4604                 34                       0
