Stopped on time - objective value 552.00000000
      7 x.0.8                  1                       8
     39 x.4.8                  1                       8
    215 x.26.8                 1                       8
    583 x.72.8                 1                       8
    647 x.80.8                 1                       8
    727 x.90.8                 1                       8
   1159 x.144.8                1                       8
   1303 x.162.8                1                       8
   1607 x.200.8                1                       8
   1935 x.241.8                1                       8
   2031 x.253.8                1                       8
   2279 x.284.8                1                       8
   2343 x.292.8                1                       8
   2447 x.305.8                1                       8
   2599 x.324.8                1                       8
   2815 x.351.8                1                       8
   3079 x.384.8                1                       8
   3327 x.415.8                1                       8
   3343 x.417.8                1                       8
   3663 x.457.8                1                       8
   3743 x.467.8                1                       8
   4319 x.539.8                1                       8
   4375 x.546.8                1                       8
   4967 x.620.8                1                       8
   5287 x.660.8                1                       8
   5447 x.680.8                1                       8
   5583 x.697.8                1                       8
   5823 x.727.8                1                       8
   5863 x.732.8                1                       8
   6687 x.835.8                1                       8
   6951 x.868.8                1                       8
   7519 x.939.8                1                       8
   7727 x.965.8                1                       8
   7863 x.982.8                1                       8
   8063 x.1007.8               1                       8
   8311 x.1038.8               1                       8
   8367 x.1045.8               1                       8
   8703 x.1087.8               1                       8
   8719 x.1089.8               1                       8
   8831 x.1103.8               1                       8
   8935 x.1116.8               1                       8
   9631 x.1203.8               1                       8
   9639 x.1204.8               1                       8
   9879 x.1234.8               1                       8
  10015 x.1251.8               1                       8
  10767 x.1345.8               1                       8
  10807 x.1350.8               1                       8
  11143 x.1392.8               1                       8
  11567 x.1445.8               1                       8
  12063 x.1507.8               1                       8
  12159 x.1519.8               1                       8
  12239 x.1529.8               1                       8
  12279 x.1534.8               1                       8
  12399 x.1549.8               1                       8
  12527 x.1565.8               1                       8
  13407 x.1675.8               1                       8
  13431 x.1678.8               1                       8
  13527 x.1690.8               1                       8
  13711 x.1713.8               1                       8
  14231 x.1778.8               1                       8
  14279 x.1784.8               1                       8
  14511 x.1813.8               1                       8
  15119 x.1889.8               1                       8
  15703 x.1962.8               1                       8
  15919 x.1989.8               1                       8
  15983 x.1997.8               1                       8
  16599 x.2074.8               1                       8
  17415 x.2176.8               1                       8
  17767 x.2220.8               1                       8
  17880 y.0                  291                       0
  17883 y.292                291                       0
  17886 y.415                291                       0
  17893 y.732                291                       0
  17916 y.26                 291                       0
  17924 y.546                291                       0
  18047 y.835                291                       0
  18049 y.1087               291                       0
  18072 y.1045               291                       0
  18105 y.1038               291                       0
  18173 y.2176                 2                       0
  18208 y.284                291                       0
  18215 y.1251               289                       0
  18254 y.1234               291                       0
  18320 y.324                  4                       0
  18339 y.384                291                       0
  18346 y.1007                 1                       0
  18364 y.1997               291                       0
  18427 y.660                291                       0
  18473 y.72                 291                       0
  18483 y.965                291                       0
  18496 y.1813               291                       0
  18514 y.305                291                       0
  18572 y.1529               291                       0
  18588 y.939                291                       0
  18618 y.1713               291                       0
  18641 y.1534               291                       0
  18642 y.1565               291                       0
  18659 y.539                291                       0
  18724 y.1103               291                       0
  18733 y.2074               291                       0
  18739 y.241                291                       0
  18768 y.868                  5                       0
  18802 y.1519               291                       0
  18810 y.2220               291                       0
  18936 y.162                291                       0
  18964 y.697                291                       0
  18975 y.1778               291                       0
  19008 y.80                 291                       0
  19009 y.144                291                       0
  19022 y.1089               291                       0
  19068 y.1350                 3                       0
  19071 y.1675               291                       0
  19101 y.417                291                       0
  19121 y.680                291                       0
  19236 y.1116               291                       0
  19311 y.253                291                       0
  19340 y.90                   1                       0
  19375 y.1549               291                       0
  19391 y.620                291                       0
  19426 y.467                291                       0
  19469 y.1445               291                       0
  19524 y.1989               291                       0
  19630 y.1962               291                       0
  19640 y.1345               291                       0
  19664 y.1784               291                       0
  19725 y.457                291                       0
  19748 y.982                  1                       0
  19755 y.1203               286                       0
  19757 y.1690                 9                       0
  19794 y.1204               291                       0
  19800 y.4                  291                       0
  19934 y.1507               291                       0
  19947 y.200                291                       0
  20052 y.1889               291                       0
  20059 y.351                291                       0
  20068 y.1392               291                       0
  20092 y.727                291                       0
  20113 y.1678               291                       0
