Optimal - objective value 71.00000000
     19 x.4.4                  1                       4
     55 x.13.4                 1                       4
    117 x.29.2                 1                       2
    212 x.53.1                 1                       1
    253 x.63.2                 1                       2
    290 x.72.3                 1                       3
    313 x.78.2                 1                       2
    324 x.81.1                 1                       1
    333 x.83.2                 1                       2
    350 x.87.3                 1                       3
    387 x.96.4                 1                       4
    426 x.106.3                1                       3
    515 x.128.4                1                       4
    525 x.131.2                1                       2
    537 x.134.2                1                       2
    576 x.144.1                1                       1
    596 x.149.1                1                       1
    692 x.173.1                1                       1
    719 x.179.4                1                       4
    743 x.185.4                1                       4
    752 x.188.1                1                       1
    761 x.190.2                1                       2
    858 x.214.3                1                       3
    863 x.215.4                1                       4
    866 x.216.3                1                       3
    943 x.235.4                1                       4
    959 x.239.4                1                       4
    989 y.179                 22                       0
   1005 y.53                   1                       0
   1009 y.144                  2                       0
   1020 y.188                  1                       0
   1029 y.29                   4                       0
   1037 y.83                   4                       0
   1041 y.87                  10                       0
   1050 y.134                  4                       0
   1066 y.128                 22                       0
   1076 y.215                 22                       0
   1079 y.63                   4                       0
   1087 y.96                  22                       0
   1090 y.190                  4                       0
   1092 y.216                  9                       0
   1096 y.106                 10                       0
   1100 y.214                 10                       0
   1116 y.185                 22                       0
   1117 y.4                   20                       0
   1119 y.81                   2                       0
   1133 y.149                  2                       0
   1147 y.173                  2                       0
   1149 y.13                  22                       0
   1154 y.78                   4                       0
   1198 y.239                 22                       0
   1201 y.235                 22                       0
   1209 y.72                  10                       0
   1217 y.131                  4                       0
