Stopped on time (no integer solution - continuous used) - objective value 2.00000000
      3 C0004                  1                       0
      7 C0008                  1                       0
     14 C0015                  1                       0
     15 C0016      0.00022932481                       0
     16 C0017         0.99977068                       0
     20 C0021         0.99977068                       0
     21 C0022      0.00022932481                       0
     25 C0026                  1                       0
     26 C0027                  1                       0
     56 C0057               0.15                       0
     57 C0058               0.05                       0
     83 C0084                  1                       0
    111 C0112                0.5                       0
    113 C0114               0.35                       0
    114 C0115               0.05                       0
    126 C0127        0.083333333                       0
    127 C0128        0.083333333                       0
    140 C0141                  1                       0
    149 C0150                0.5                       0
    155 C0156               0.25                       0
    157 C0158         0.33333333                       0
    158 C0159         0.66666667                       0
    166 C0167                0.5                       0
    168 C0169               0.35                       0
    170 C0171                0.3                       0
    171 C0172               0.05                       0
    174 C0175        0.083333333                       0
    175 C0176         0.33333333                       0
    181 C0182        0.083333333                       0
    184 C0185        0.083333333                       0
    186 C0187        0.083333333                       0
    188 C0189        0.011111111                       0
    197 C0198                  1                       0
    202 C0203         0.91666667                       0
    204 C0205                0.5                       0
    206 C0207                0.5                       0
    207 C0208               0.25                       0
    210 C0211               0.25                       0
    211 C0212               0.25                       0
    212 C0213         0.33333333                       0
    213 C0214         0.33333333                       0
    215 C0216         0.66666667                       0
    221 C0222                0.5                       0
    227 C0228               0.25                       0
    228 C0229               0.25                       0
    229 C0230        0.083333333                       0
    230 C0231               0.25                       0
    232 C0233         0.33333333                       0
    233 C0234         0.33333333                       0
    234 C0235         0.33333333                       0
    235 C0236         0.16666667                       0
    236 C0237         0.83333333                       0
    240 C0241        0.083333333                       0
    241 C0242        0.083333333                       0
    243 C0244        0.083333333                       0
    244 C0245        0.027777778                       0
    245 C0246        0.011111111                       0
    247 C0248       0.0055555556                       0
    248 C0249       0.0055555556                       0
    254 C0255                  1                       0
    255 C0256                  1                       0
    257 C0258         0.91666667                       0
    259 C0260         0.91666667                       0
    260 C0261        0.083333333                       0
    261 C0262        0.083333333                       0
    263 C0264               0.25                       0
    264 C0265               0.25                       0
    265 C0266               0.25                       0
    269 C0270        0.083333333                       0
    272 C0273         0.66666667                       0
    273 C0274         0.91666667                       0
    276 C0277                0.5                       0
    283 C0284                0.1                       0
    285 C0286         0.16666667                       0
    290 C0291         0.33333333                       0
    291 C0292         0.66666667                       0
    293 C0294               0.75                       0
    294 C0295               0.75                       0
    295 C0296               0.75                       0
    296 C0297         0.66666667                       0
    299 C0300         0.10555556                       0
    300 C0301        0.044444444                       0
    301 C0302        0.016666667                       0
    302 C0303        0.011111111                       0
    303 C0304       0.0055555556                       0
    312 C0313                  1                       0
    316 C0317         0.33333333                       0
    322 C0323               0.25                       0
    323 C0324               0.25                       0
    324 C0325               0.25                       0
    326 C0327               0.25                       0
    327 C0328               0.25                       0
    328 C0329               0.25                       0
    330 C0331         0.91666667                       0
    331 C0332         0.91666667                       0
    338 C0339                0.1                       0
    339 C0340                0.1                       0
    340 C0341         0.16666667                       0
    348 C0349         0.16666667                       0
    353 C0354         0.58333333                       0
    354 C0355         0.58333333                       0
    356 C0357        0.033333333                       0
    357 C0358        0.016666667                       0
    358 C0359       0.0055555556                       0
    369 C0370        0.083333333                       0
    370 C0371        0.083333333                       0
    373 C0374               0.25                       0
    374 C0375               0.25                       0
    378 C0379               0.25                       0
    380 C0381         0.16666667                       0
    381 C0382         0.16666667                       0
    388 C0389                0.5                       0
    393 C0394                0.1                       0
    398 C0399         0.58333333                       0
    400 C0401         0.33333333                       0
    401 C0402         0.33333333                       0
    402 C0403         0.16666667                       0
    403 C0404         0.16666667                       0
    405 C0406         0.16666667                       0
    406 C0407         0.16666667                       0
    407 C0408         0.16666667                       0
    409 C0410         0.16666667                       0
    411 C0412         0.81111111                       0
    412 C0413         0.81111111                       0
    416 C0417         0.91111111                       0
    427 C0428        0.083333333                       0
    431 C0432               0.25                       0
    433 C0434                0.5                       0
    434 C0435               0.25                       0
    436 C0437               0.25                       0
    443 C0444        0.083333333                       0
    445 C0446                0.5                       0
    446 C0447                0.5                       0
    448 C0449                0.5                       0
    452 C0453                0.5                       0
    453 C0454         0.58333333                       0
    455 C0456         0.66666667                       0
    457 C0458         0.33333333                       0
    458 C0459         0.16666667                       0
    464 C0465         0.16666667                       0
    465 C0466         0.16666667                       0
    466 C0467         0.33333333                       0
    468 C0469        0.072222222                       0
    469 C0470         0.88333333                       0
    470 C0471         0.91111111                       0
    471 C0472         0.91111111                       0
    484 C0485        0.083333333                       0
    485 C0486        0.083333333                       0
    486 C0487         0.16666667                       0
    488 C0489                0.5                       0
    489 C0490               0.25                       0
    491 C0492               0.25                       0
    493 C0494        0.083333333                       0
    494 C0495        0.083333333                       0
    495 C0496        0.083333333                       0
    498 C0499        0.083333333                       0
    503 C0504                0.5                       0
    505 C0506                0.5                       0
    506 C0507               0.05                       0
    507 C0508                0.5                       0
    508 C0509        0.083333333                       0
    509 C0510        0.083333333                       0
    510 C0511        0.083333333                       0
    512 C0513         0.33333333                       0
    525 C0526        0.072222222                       0
    527 C0528       0.0055555556                       0
    528 C0529        0.011111111                       0
    541 C0542        0.083333333                       0
    542 C0543        0.083333333                       0
    543 C0544               0.25                       0
    544 C0545               0.25                       0
    552 C0553        0.083333333                       0
    553 C0554        0.083333333                       0
    562 C0563                0.5                       0
    565 C0566        0.083333333                       0
    582 C0583        0.072222222                       0
    639 C0640        0.072222222                       0
    640 C0641        0.072222222                       0
    653 C0654        0.047021944                       0
    654 C0655        0.094043887                       0
    659 C0660         0.97178683                       0
    660 C0661         0.97178683                       0
    662 C0663         0.72589183                       0
    666 C0667       0.0056426332                       0
    667 C0668          0.2628229                       0
    669 C0670        0.062576882                       0
    671 C0672        0.062576882                       0
    672 C0673        0.062576882                       0
    674 C0675        0.062576882                       0
    676 C0677        0.025030753                       0
    677 C0678        0.012515376                       0
    678 C0679        0.012515376                       0
    679 C0680        0.012515376                       0
    680 C0681        0.012515376                       0
    681 C0682       0.0062576882                       0
    688 C0689         0.99608894                       0
    689 C0690         0.99608894                       0
    690 C0691         0.99608894                       0
    691 C0692         0.99608894                       0
    708 C0709        0.047021944                       0
    709 C0710        0.047021944                       0
    710 C0711        0.094043887                       0
    711 C0712         0.15047022                       0
    712 C0713         0.29153605                       0
    714 C0715         0.97178683                       0
    717 C0718         0.97178683                       0
    718 C0719          0.2289671                       0
    719 C0720         0.72589183                       0
    720 C0721         0.73153446                       0
    721 C0722         0.73153446                       0
    722 C0723         0.72589183                       0
    723 C0724         0.46306893                       0
    724 C0725          0.2628229                       0
    725 C0726         0.10012301                       0
    726 C0727        0.062576882                       0
    729 C0730        0.062576882                       0
    731 C0732        0.062576882                       0
    732 C0733        0.025030753                       0
    733 C0734        0.012515376                       0
    737 C0738       0.0062576882                       0
    738 C0739       0.0062576882                       0
    741 C0742       0.0062576882                       0
    743 C0744         0.99608894                       0
    748 C0749         0.99608894                       0
    749 C0750         0.99713189                       0
    751 C0752      0.00025518145                       0
    752 C0753      0.00025518145                       0
    763 C0764         0.27272727                       0
    766 C0767        0.047021944                       0
    767 C0768         0.14106583                       0
    769 C0770         0.97178683                       0
    774 C0775          0.0169279                       0
    775 C0776           0.245895                       0
    777 C0778          0.2628229                       0
    780 C0781         0.20024602                       0
    781 C0782         0.10012301                       0
    782 C0783        0.037546129                       0
    783 C0784        0.037546129                       0
    784 C0785        0.037546129                       0
    785 C0786        0.037546129                       0
    787 C0788        0.037546129                       0
    788 C0789        0.012515376                       0
    795 C0796       0.0062576882                       0
    796 C0797       0.0062576882                       0
    798 C0799         0.99608894                       0
    802 C0803      0.00026073701                       0
    803 C0804      0.00052147402                       0
    804 C0805        0.001042948                       0
    806 C0807         0.99713189                       0
    818 C0819         0.27272727                       0
    820 C0821         0.68025078                       0
    824 C0825         0.68025078                       0
    831 C0832          0.0169279                       0
    832 C0833          0.2628229                       0
    834 C0835          0.2628229                       0
    842 C0843        0.037546129                       0
    853 C0854         0.98983126                       0
    855 C0856        0.001564422                       0
    857 C0858      0.00026073701                       0
    858 C0859      0.00026073701                       0
    859 C0860      0.00052147402                       0
    860 C0861        0.001042948                       0
    861 C0862        0.001042948                       0
    862 C0863        0.001042948                       0
    863 C0864              0.999                       0
    873 C0874         0.27272727                       0
    875 C0876         0.45454545                       0
    877 C0878         0.68025078                       0
    879 C0880         0.68025078                       0
    891 C0892          0.2628229                       0
    892 C0893          0.2628229                       0
    893 C0894         0.45178366                       0
    896 C0897         0.89423436                       0
    901 C0902         0.89423436                       0
    908 C0909         0.98748462                       0
    909 C0910        0.001564422                       0
    910 C0911        0.001564422                       0
    912 C0913        0.001564422                       0
    916 C0917        0.001042948                       0
    918 C0919      0.00082515905                       0
    919 C0920      5.5555556e-06                       0
    920 C0921         0.99900556                       0
    928 C0929         0.63636364                       0
    929 C0930         0.18181818                       0
    930 C0931         0.18181818                       0
    934 C0935         0.68025078                       0
    942 C0943        0.011285266                       0
    943 C0944       0.0056426332                       0
    944 C0945       0.0056426332                       0
    948 C0949          0.2628229                       0
    950 C0951          0.7202492                       0
    951 C0952         0.89423436                       0
    953 C0954         0.89423436                       0
    956 C0957         0.89423436                       0
    957 C0958        0.068219515                       0
    958 C0959         0.97496925                       0
    962 C0963         0.98748462                       0
    963 C0964         0.98748462                       0
    964 C0965        0.001564422                       0
    969 C0970        0.001564422                       0
    970 C0971        0.001564422                       0
    971 C0972        0.001303685                       0
    982 C0983         0.81818182                       0
    983 C0984         0.81818182                       0
    985 C0986         0.18181818                       0
    997 C0998        0.022570533                       0
    998 C0999        0.011285266                       0
    999 C1000       0.0056426332                       0
   1001 C1002       0.0056426332                       0
   1005 C1006         0.26846554                       0
   1006 C1007         0.17398516                       0
   1010 C1011         0.89423436                       0
   1011 C1012         0.89423436                       0
   1012 C1013        0.043188762                       0
   1013 C1014        0.012515376                       0
   1015 C1016         0.98748462                       0
   1017 C1018         0.98748462                       0
   1020 C1021       0.0023466331                       0
   1026 C1027      0.00052147402                       0
   1027 C1028      0.00026073701                       0
   1028 C1029      0.00026073701                       0
   1029 C1030      0.00026073701                       0
   1037 C1038         0.81818182                       0
   1040 C1041         0.18181818                       0
   1045 C1046        0.028213166                       0
   1049 C1050        0.028213166                       0
   1052 C1053        0.028213166                       0
   1054 C1055       0.0056426332                       0
   1058 C1059       0.0056426332                       0
   1059 C1060       0.0056426332                       0
   1060 C1061       0.0056426332                       0
   1061 C1062       0.0056426332                       0
   1067 C1068       0.0056426332                       0
   1070 C1071        0.012515376                       0
   1072 C1073         0.98748462                       0
   1074 C1075       0.0062576882                       0
   1075 C1076       0.0039110551                       0
   1076 C1077       0.0023466331                       0
   1077 C1078       0.0023466331                       0
   1078 C1079       0.0023466331                       0
   1080 C1081        0.001042948                       0
   1081 C1082      0.00078221102                       0
   1082 C1083      0.00026073701                       0
   1083 C1084      0.00026073701                       0
   1086 C1087      0.00047852598                       0
   1087 C1088      0.00047852598                       0
   1088 C1089      0.00047852598                       0
   1092 C1093         0.81818182                       0
   1094 C1095         0.18181818                       0
   1100 C1101         0.13166144                       0
   1101 C1102        0.056426332                       0
   1102 C1103        0.028213166                       0
   1104 C1105        0.028213166                       0
   1106 C1107        0.028213166                       0
   1107 C1108        0.028213166                       0
   1109 C1110       0.0056426332                       0
   1115 C1116       0.0056426332                       0
   1122 C1123       0.0056426332                       0
   1131 C1132       0.0023466331                       0
   1135 C1136       0.0023466331                       0
   1137 C1138      0.00026073701                       0
   1141 C1142      0.00052147402                       0
   1147 C1148         0.81818182                       0
   1149 C1150         0.18181818                       0
   1151 C1152         0.18181818                       0
   1152 C1153         0.18181818                       0
   1153 C1154         0.18181818                       0
   1154 C1155         0.27272727                       0
   1155 C1156         0.27272727                       0
   1157 C1158        0.084639498                       0
   1158 C1159        0.028213166                       0
   1159 C1160        0.028213166                       0
   1172 C1173       0.0056426332                       0
   1173 C1174       0.0056426332                       0
   1177 C1178       0.0056426332                       0
   1192 C1193        0.001303685                       0
   1195 C1196      0.00052147402                       0
   1196 C1197      0.00052147402                       0
   1197 C1198      0.00052147402                       0
   1198 C1199      0.00026073701                       0
   1199 C1200      0.00026073701                       0
   1201 C1202                  1                       0
   1202 C1203                  1                       0
   1203 C1204         0.18181818                       0
   1204 C1205         0.18181818                       0
   1209 C1210         0.18181818                       0
   1210 C1211         0.27272727                       0
   1212 C1213         0.14106583                       0
   1213 C1214        0.056426332                       0
   1214 C1215        0.028213166                       0
   1229 C1230       0.0056426332                       0
   1230 C1231       0.0056426332                       0
   1231 C1232       0.0056426332                       0
   1232 C1233       0.0056426332                       0
   1249 C1250        0.001042948                       0
   1250 C1251        0.001042948                       0
   1251 C1252      0.00052147402                       0
   1253 C1254      0.00052147402                       0
   1254 C1255      0.00026073701                       0
   1256 C1257      0.00026073701                       0
   1261 C1262        0.018345984                       0
   1518 C1519        0.018345984                       0
   4423 C4424        0.018345984                       0
   4794 C4795         0.33070866                       0
   4811 C4812         0.33070866                       0
   4813 C4814         0.33070866                       0
   4818 C4819       0.0039370079                       0
   4821 C4822       0.0039370079                       0
   5365 C5366         0.87007874                       0
   5377 C5378        0.062992126                       0
   5386 C5387        0.062992126                       0
   5394 C5395       0.0039370079                       0
   5856 C5857         0.65108268                       0
   5879 C5880         0.10974409                       0
   5888 C5889         0.10974409                       0
   5892 C5893         0.10974409                       0
   5897 C5898       0.0078740157                       0
   5898 C5899       0.0078740157                       0
   5901 C5902       0.0039370079                       0
   6657 C6658         0.36071654                       0
   6667 C6668         0.39458251                       0
   6674 C6675         0.16709231                       0
   6678 C6679        0.053347202                       0
   6682 C6683         0.02032443                       0
   6687 C6688        0.001958562                       0
   6689 C6690       0.0019784459                       0
   7091 C7092       0.0036691969                       0
   7423 C7424         0.80920176                       0
   7424 C7425       0.0036691969                       0
   7425 C7426       0.0036691969                       0
   7426 C7427       0.0036691969                       0
   7428 C7429       0.0036691969                       0
   7429 C7430       0.0036691969                       0
   7430 C7431       0.0036691969                       0
   7432 C7433       0.0036691969                       0
   7433 C7434       0.0036691969                       0
   7434 C7435       0.0036691969                       0
   7435 C7436       0.0036691969                       0
   7436 C7437       0.0036691969                       0
   7437 C7438       0.0036691969                       0
   7438 C7439       0.0036691969                       0
   7439 C7440       0.0036691969                       0
   7440 C7441       0.0036691969                       0
   7441 C7442       0.0036691969                       0
   7442 C7443       0.0036691969                       0
   7443 C7444       0.0036691969                       0
   7445 C7446       0.0036691969                       0
   7447 C7448       0.0036691969                       0
   7448 C7449       0.0036691969                       0
   7449 C7450       0.0036691969                       0
   7450 C7451       0.0036691969                       0
   7452 C7453       0.0036691969                       0
   7453 C7454       0.0036691969                       0
   7454 C7455       0.0036691969                       0
   7455 C7456       0.0036691969                       0
   7456 C7457       0.0036691969                       0
   7457 C7458       0.0036691969                       0
   7458 C7459       0.0036691969                       0
   7459 C7460       0.0036691969                       0
   7460 C7461       0.0036691969                       0
   7461 C7462       0.0036691969                       0
   7462 C7463       0.0036691969                       0
   7463 C7464       0.0036691969                       0
   7464 C7465       0.0036691969                       0
   7465 C7466       0.0036691969                       0
   7466 C7467       0.0036691969                       0
   7467 C7468       0.0036691969                       0
   7468 C7469       0.0036691969                       0
   7469 C7470       0.0036691969                       0
   7470 C7471       0.0036691969                       0
   7471 C7472       0.0036691969                       0
   7472 C7473       0.0036691969                       0
   7473 C7474       0.0036691969                       0
   7474 C7475       0.0036691969                       0
   7475 C7476       0.0036691969                       0
   7487 C7488       0.0036691969                       0
   7507 C7508       0.0036691969                       0
   7556 C7557       0.0036691969                       0
   7670 C7671       0.0036691969                       0
   7706 C7707         0.66929134                       0
   7726 C7727         0.12992126                       0
   7728 C7729         0.12992126                       0
   7730 C7731        0.066929134                       0
   7745 C7746       0.0039370079                       0
   7775 C7776         0.34891732                       0
   7779 C7780         0.34891732                       0
   7783 C7784         0.23917323                       0
   7796 C7797        0.019685039                       0
   7799 C7800        0.019685039                       0
   7800 C7801        0.019685039                       0
   7803 C7804       0.0039370079                       0
   7818 C7819         0.89025591                       0
   7853 C7854        0.077608641                       0
   7855 C7856        0.024261438                       0
   7861 C7862       0.0039370079                       0
   7862 C7863       0.0039370079                       0
   7881 C7882         0.15410627                       0
   7883 C7884         0.14676788                       0
   7893 C7894         0.11007591                       0
   7894 C7895         0.10640671                       0
   7899 C7900        0.088060725                       0
   7900 C7901        0.084391528                       0
   7903 C7904        0.073383938                       0
   7904 C7905        0.069714741                       0
   7907 C7908         0.05870715                       0
   7908 C7909        0.055037953                       0
   7914 C7915        0.033022772                       0
   7918 C7919        0.018345984                       0
   7922 C7923       0.0019784459                       0
   7927 C7928         0.19079824                       0
   7928 C7929         0.80553256                       0
   7980 C7981       0.0036691969                       0
