Stopped on time - objective value -1905.00000000
   7257 x7301                  1                     -40
   7259 x7303                  1                     -22
   7268 x7312                  1                     -45
   7278 x7322                  1                     -16
   7289 x7334                  1                     -24
   7292 x7337                  1                     -40
   7324 x7371                  1                     -35
   7334 x7381                  1                     -45
   7343 x7391                  1                     -43
   7363 x7411                  1                     -38
   7390 x7438                  1                     -45
   7403 x7452                  1                     -45
   7408 x7457                  1                     -24
   7421 x7470                  1                     -46
   7451 x7500                  1                     -38
   7472 x7521                  1                     -43
   7477 x7526                  1                     -39
   7493 x7543                  1                     -47
   7518 x7568                  1                     -47
   7533 x7584                  1                     -38
   7557 x7609                  1                     -47
   7566 x7618                  1                     -38
   7577 x7629                  1                     -37
   7593 x7645                  1                     -41
   7597 x7649                  1                     -44
   7601 x7653                  1                     -43
   7624 x7677                  1                     -35
   7625 x7678                  1                     -42
   7637 x7690                  1                     -36
   7644 x7697                  1                     -33
   7652 x7705                  1                     -36
   7661 x7714                  1                     -43
   7698 x7751                  1                     -30
   7725 x7779                  1                     -45
   7733 x7787                  1                     -44
   7735 x7789                  1                     -32
   7736 x7790                  1                     -43
   7760 x7815                  1                     -37
   7782 x7838                  1                     -29
   7799 x7855                  1                     -44
   7842 x7900                  1                     -17
   7881 x7941                  1                     -42
   7894 x7955                  1                     -38
   7896 x7957                  1                     -36
   7918 x7979                  1                     -47
   7938 x7999                  1                     -44
   7943 x8004                  1                     -39
   7944 x8005                  1                     -30
   7952 x8013                  1                     -32
   7954 x8015                  1                     -41
