Optimal - objective value 7615.00000000
      8 C1009                  1                     100
     10 C1011                  1                     400
     21 C1022                  1                     500
     38 C1039                  1                     750
     39 C1040                  1                     450
     56 C1057                  1                     675
     60 C1061                  1                     460
     74 C1075                  1                     600
     79 C1080                  1                     350
     92 C1093                  1                     525
     94 C1095                  1                     360
    110 C1111                  1                     450
    111 C1112                  1                     250
    128 C1129                  1                     375
    132 C1133                  1                     260
    146 C1147                  1                     300
    151 C1152                  1                     150
    164 C1165                  1                     225
    166 C1167                  1                     160
    182 C1183                  1                     150
    183 C1184                  1                      50
    200 C1201                  1                      75
