Stopped on time - objective value -15000.00000000
      3 pse_X_1_x                                5                       0
      4 pse_X_1_y                               25                       0
      5 pse_X_1_z                                5                       0
      6 pse_X_2_x                                5                       0
      7 pse_X_2_y                               45                       0
      8 pse_X_2_z                                5                       0
      9 C9                                       5                       0
     10 C10                                    145                       0
     11 C11                                      5                       0
     12 C12                                      5                       0
     13 C13                                      5                       0
     14 C14                                      5                       0
     15 C15                                      5                       0
     16 C16                                    115                       0
     17 C17                                      5                       0
     18 C18                                      5                       0
     19 C19                                     15                       0
     20 C20                                      5                       0
     21 C21                                      5                       0
     22 C22                                     35                       0
     23 C23                                      5                       0
     24 C24                                      5                       0
     25 C25                                    125                       0
     26 C26                                      5                       0
     27 C27                                      5                       0
     28 C28                                    135                       0
     29 C29                                      5                       0
     30 C30                                      5                       0
     31 C31                                    105                       0
     32 C32                                      5                       0
     33 C33                                      5                       0
     34 C34                                     95                       0
     35 C35                                      5                       0
     36 C36                                      5                       0
     37 C37                                     55                       0
     38 C38                                      5                       0
     39 C39                                      5                       0
     40 C40                                     65                       0
     41 C41                                      5                       0
     42 C42                                      5                       0
     43 C43                                     85                       0
     44 C44                                      5                       0
     45 C45                                      5                       0
     46 C46                                     75                       0
     47 C47                                      5                       0
    153 delta_1_0_0                              1                       0
    158 delta_1_1_2                              1                       0
    160 delta_1_2_1                              1                       0
    164 delta_2_0_2                              1                       0
    165 delta_2_1_0                              1                       0
    169 delta_2_2_1                              1                       0
    172 delta_3_0_1                              1                       0
    174 delta_3_1_0                              1                       0
    179 delta_3_2_2                              1                       0
    181 delta_4_0_1                              1                       0
    183 delta_4_1_0                              1                       0
    188 delta_4_2_2                              1                       0
    189 delta_5_0_0                              1                       0
    193 delta_5_1_1                              1                       0
    197 delta_5_2_2                              1                       0
    198 delta_6_0_0                              1                       0
    202 delta_6_1_1                              1                       0
    206 delta_6_2_2                              1                       0
    208 delta_7_0_1                              1                       0
    210 delta_7_1_0                              1                       0
    215 delta_7_2_2                              1                       0
    218 delta_8_0_2                              1                       0
    219 delta_8_1_0                              1                       0
    223 delta_8_2_1                              1                       0
    227 delta_9_0_2                              1                       0
    228 delta_9_1_0                              1                       0
    232 delta_9_2_1                              1                       0
    236 delta_10_0_2                             1                       0
    237 delta_10_1_0                             1                       0
    241 delta_10_2_1                             1                       0
    245 delta_11_0_2                             1                       0
    247 delta_11_1_1                             1                       0
    249 delta_11_2_0                             1                       0
    253 delta_12_0_1                             1                       0
    255 delta_12_1_0                             1                       0
    260 delta_12_2_2                             1                       0
    262 delta_13_0_1                             1                       0
    266 delta_13_1_2                             1                       0
    267 delta_13_2_0                             1                       0
    270 delta_14_0_0                             1                       0
    274 delta_14_1_1                             1                       0
    278 delta_14_2_2                             1                       0
    281 delta_15_0_2                             1                       0
    282 delta_15_1_0                             1                       0
    286 delta_15_2_1                             1                       0
    349 lambda_1_4_1                             1                       0
    355 lambda_1_6_1                             1                       0
    388 lambda_2_1_1                             1                       0
    397 lambda_2_4_1                             1                       0
    403 lambda_2_6_1                             1                       0
    406 lambda_2_7_1                             1                       0
    436 lambda_3_1_1                             1                       0
    439 lambda_3_2_1                             1                       0
    445 lambda_3_4_1                             1                       0
    448 lambda_3_5_1                             1                       0
    451 lambda_3_6_1                             1                       0
    454 lambda_3_7_1                             1                       0
    457 lambda_3_8_1                             1                       0
    460 lambda_3_9_1                             1                       0
    463 lambda_3_10_1                            1                       0
    466 lambda_3_11_1                            1                       0
    469 lambda_3_12_1                            1                       0
    472 lambda_3_13_1                            1                       0
    475 lambda_3_14_1                            1                       0
    478 lambda_3_15_1                            1                       0
    532 lambda_5_1_1                             1                       0
    535 lambda_5_2_1                             1                       0
    541 lambda_5_4_1                             1                       0
    547 lambda_5_6_1                             1                       0
    550 lambda_5_7_1                             1                       0
    559 lambda_5_10_1                            1                       0
    562 lambda_5_11_1                            1                       0
    565 lambda_5_12_1                            1                       0
    568 lambda_5_13_1                            1                       0
    571 lambda_5_14_1                            1                       0
    574 lambda_5_15_1                            1                       0
    589 lambda_6_4_1                             1                       0
    628 lambda_7_1_1                             1                       0
    637 lambda_7_4_1                             1                       0
    643 lambda_7_6_1                             1                       0
    676 lambda_8_1_1                             1                       0
    679 lambda_8_2_1                             1                       0
    685 lambda_8_4_1                             1                       0
    688 lambda_8_5_1                             1                       0
    691 lambda_8_6_1                             1                       0
    694 lambda_8_7_1                             1                       0
    703 lambda_8_10_1                            1                       0
    706 lambda_8_11_1                            1                       0
    709 lambda_8_12_1                            1                       0
    712 lambda_8_13_1                            1                       0
    715 lambda_8_14_1                            1                       0
    718 lambda_8_15_1                            1                       0
    724 lambda_9_1_1                             1                       0
    727 lambda_9_2_1                             1                       0
    733 lambda_9_4_1                             1                       0
    736 lambda_9_5_1                             1                       0
    739 lambda_9_6_1                             1                       0
    742 lambda_9_7_1                             1                       0
    745 lambda_9_8_1                             1                       0
    751 lambda_9_10_1                            1                       0
    754 lambda_9_11_1                            1                       0
    757 lambda_9_12_1                            1                       0
    760 lambda_9_13_1                            1                       0
    763 lambda_9_14_1                            1                       0
    766 lambda_9_15_1                            1                       0
    772 lambda_10_1_1                            1                       0
    775 lambda_10_2_1                            1                       0
    781 lambda_10_4_1                            1                       0
    787 lambda_10_6_1                            1                       0
    790 lambda_10_7_1                            1                       0
    802 lambda_10_11_1                           1                       0
    805 lambda_10_12_1                           1                       0
    808 lambda_10_13_1                           1                       0
    811 lambda_10_14_1                           1                       0
    814 lambda_10_15_1                           1                       0
    820 lambda_11_1_1                            1                       0
    823 lambda_11_2_1                            1                       0
    829 lambda_11_4_1                            1                       0
    835 lambda_11_6_1                            1                       0
    838 lambda_11_7_1                            1                       0
    853 lambda_11_12_1                           1                       0
    856 lambda_11_13_1                           1                       0
    859 lambda_11_14_1                           1                       0
    862 lambda_11_15_1                           1                       0
    868 lambda_12_1_1                            1                       0
    871 lambda_12_2_1                            1                       0
    877 lambda_12_4_1                            1                       0
    883 lambda_12_6_1                            1                       0
    886 lambda_12_7_1                            1                       0
    916 lambda_13_1_1                            1                       0
    919 lambda_13_2_1                            1                       0
    925 lambda_13_4_1                            1                       0
    931 lambda_13_6_1                            1                       0
    934 lambda_13_7_1                            1                       0
    949 lambda_13_12_1                           1                       0
    964 lambda_14_1_1                            1                       0
    967 lambda_14_2_1                            1                       0
    973 lambda_14_4_1                            1                       0
    979 lambda_14_6_1                            1                       0
    982 lambda_14_7_1                            1                       0
    997 lambda_14_12_1                           1                       0
   1000 lambda_14_13_1                           1                       0
   1006 lambda_14_15_1                           1                       0
   1012 lambda_15_1_1                            1                       0
   1015 lambda_15_2_1                            1                       0
   1021 lambda_15_4_1                            1                       0
   1027 lambda_15_6_1                            1                       0
   1030 lambda_15_7_1                            1                       0
   1045 lambda_15_12_1                           1                       0
   1048 lambda_15_13_1                           1                       0
   1057 C416474                                  1                   -1000
   1058 C416477                                  1                   -1000
   1059 C416481                                  1                   -1000
   1060 C416486                                  1                   -1000
   1061 C416492                                  1                   -1000
   1062 C416499                                  1                   -1000
   1063 C416507                                  1                   -1000
   1064 C416516                                  1                   -1000
   1065 C416526                                  1                   -1000
   1066 C416537                                  1                   -1000
   1067 C416549                                  1                   -1000
   1068 C416562                                  1                   -1000
   1069 C416576                                  1                   -1000
   1070 C416591                                  1                   -1000
   1071 C416607                                  1                   -1000
