Stopped on time (no integer solution - continuous used) - objective value 100.00000000
      1 x2                     1                       0
      2 x3                0.9916                       0
      3 x4            0.59985427                       0
      4 x5            0.59985427                       0
      5 x6            0.59985427                       0
      6 x7            0.59985427                       0
      7 x8            0.59985427                       0
      8 x9            0.59985427                       0
      9 x10           0.59985427                       0
     10 x11           0.59985427                       0
     11 x12           0.59985427                       0
     12 x13           0.59985427                       0
     13 x14           0.59985427                       0
     14 x15           0.59985427                       0
     15 x16           0.59985427                       0
     16 x17           0.59985427                       0
     17 x18           0.59985427                       0
     18 x19           0.59985427                       0
     19 x20           0.59985427                       0
     20 x21           0.59985427                       0
     21 x22           0.59985427                       0
     22 x23           0.59985427                       0
     23 x24               1.4852                       0
     43 x44               1.4852                       0
     44 x45               2.4852                       0
     45 x46                    1                       0
     46 x47            1.0906645                       0
     50 x51           0.99963567                       0
     52 x53        0.00036432923                       0
     81 x82             0.583528                       0
     90 x91             0.416472                       0
    136 x137          0.42676541                       0
    141 x142          0.47306171                       0
    144 x145          0.10017288                       0
    200 x201         0.096412759                       0
    201 x202           1.4727243                       0
    202 x203           1.8927348                       0
    203 x204          0.56320275                       0
    205 x206              1.4852                       0
    206 x207          0.59985427                       0
    207 x208          0.56320275                       0
    210 x211           1.4727243                       0
    212 x213              0.0084                       0
    213 x214          0.40014573                       0
    214 x215          0.40014573                       0
    215 x216          0.40014573                       0
    216 x217          0.40014573                       0
    217 x218          0.40014573                       0
    218 x219          0.40014573                       0
    219 x220          0.40014573                       0
    220 x221          0.40014573                       0
    221 x222          0.40014573                       0
    222 x223          0.40014573                       0
    223 x224          0.40014573                       0
    224 x225          0.40014573                       0
    225 x226          0.40014573                       0
    226 x227          0.40014573                       0
    227 x228          0.40014573                       0
    228 x229          0.40014573                       0
    229 x230          0.40014573                       0
    230 x231          0.40014573                       0
    231 x232          0.40014573                       0
    232 x233          0.40014573                       0
    233 x234          0.59287104                       0
    234 x235          0.40712896                       0
    235 x236          0.59505121                       0
    236 x237          0.40494879                       0
    237 x238          0.59505121                       0
    238 x239          0.40494879                       0
    239 x240          0.59752561                       0
    240 x241          0.40247439                       0
    241 x242          0.59752561                       0
    242 x243          0.40247439                       0
    243 x244          0.39990193                       0
    244 x245          0.60009807                       0
    245 x246          0.40009807                       0
    246 x247          0.59990193                       0
    247 x248          0.59752561                       0
    248 x249          0.40247439                       0
    249 x250          0.59752561                       0
    250 x251          0.40247439                       0
    251 x252          0.59752561                       0
    252 x253          0.40247439                       0
    253 x254          0.59752561                       0
    254 x255          0.40247439                       0
    255 x256          0.39990193                       0
    256 x257          0.60009807                       0
    257 x258          0.59752561                       0
    258 x259          0.40247439                       0
    259 x260          0.59752561                       0
    260 x261          0.40247439                       0
    261 x262          0.59752561                       0
    262 x263          0.40247439                       0
    263 x264          0.59752561                       0
    264 x265          0.40247439                       0
    265 x266          0.59752561                       0
    266 x267          0.40247439                       0
    267 x268          0.40009807                       0
    268 x269          0.59990193                       0
    269 x270          0.40009807                       0
    270 x271          0.59990193                       0
    271 x272          0.59287104                       0
    272 x273          0.40712896                       0
    276 x277          0.58182076                       0
    278 x279          0.58182076                       0
    280 x281          0.58182076                       0
    282 x283          0.58182076                       0
    284 x285          0.58182076                       0
    286 x287          0.58182076                       0
    288 x289          0.58182076                       0
    290 x291          0.58182076                       0
    292 x293          0.58182076                       0
    294 x295          0.58182076                       0
    296 x297          0.58182076                       0
    298 x299          0.58182076                       0
    300 x301          0.58182076                       0
    302 x303          0.58182076                       0
    304 x305          0.58182076                       0
    306 x307          0.58182076                       0
    308 x309          0.58182076                       0
    310 x311          0.58182076                       0
    312 x313          0.56320275                       0
    322 x323           0.0356448                       0
    323 x324           0.9643552                       0
    326 x327          0.01237197                       0
    328 x329          0.98762803                       0
    331 x332          0.01237197                       0
    333 x334          0.98762803                       0
    337 x338          0.01237197                       0
    338 x339          0.98762803                       0
    342 x343          0.01237197                       0
    343 x344          0.98762803                       0
    346 x347       0.00049036957                       0
    347 x348          0.99950963                       0
    352 x353          0.99950963                       0
    353 x354       0.00049036957                       0
    357 x358          0.01237197                       0
    358 x359          0.98762803                       0
    362 x363          0.01237197                       0
    363 x364          0.98762803                       0
    367 x368          0.01237197                       0
    368 x369          0.98762803                       0
    372 x373          0.01237197                       0
    373 x374          0.98762803                       0
    376 x377       0.00049036957                       0
    377 x378          0.99950963                       0
    382 x383          0.01237197                       0
    383 x384          0.98762803                       0
    387 x388          0.01237197                       0
    388 x389          0.98762803                       0
    392 x393          0.01237197                       0
    393 x394          0.98762803                       0
    397 x398          0.01237197                       0
    398 x399          0.98762803                       0
    402 x403          0.01237197                       0
    403 x404          0.98762803                       0
    407 x408          0.99950963                       0
    408 x409       0.00049036957                       0
    412 x413          0.99950963                       0
    413 x414       0.00049036957                       0
    417 x418           0.0356448                       0
    418 x419           0.9643552                       0
    422 x423          0.03538771                       0
    423 x424           0.9643552                       0
    424 x425       0.00025709046                       0
    426 x427         0.016085019                       0
    427 x428           0.9762368                       0
    429 x430        0.0076781805                       0
    431 x432          0.66690955                       0
    434 x435          0.33309045                       0
    436 x437          0.66690955                       0
    439 x440          0.33309045                       0
    442 x443           0.9762368                       0
    444 x445           0.0237632                       0
    446 x447          0.50036433                       0
    448 x449          0.49963567                       0
    451 x452          0.33357622                       0
    454 x455          0.66642378                       0
    456 x457         0.016085019                       0
    457 x458           0.9762368                       0
    459 x460        0.0076781805                       0
    461 x462           0.0356448                       0
    463 x464           0.9643552                       0
    466 x467          0.50036433                       0
    468 x469          0.49963567                       0
    472 x473           0.9762368                       0
    474 x475           0.0237632                       0
    476 x477         0.012124486                       0
    478 x479           0.9643552                       0
    479 x480         0.023520314                       0
    481 x482           0.0356448                       0
    483 x484           0.9643552                       0
    486 x487           0.0356448                       0
    488 x489           0.9643552                       0
    491 x492          0.66690955                       0
    494 x495          0.33309045                       0
    496 x497         0.012124486                       0
    498 x499           0.9643552                       0
    499 x500         0.023520314                       0
    501 x502          0.66690955                       0
    504 x505          0.33309045                       0
    506 x507           0.0356448                       0
    508 x509           0.9643552                       0
    511 x512          0.01311669                       0
    513 x514          0.98688331                       0
    515 x516          0.88201177                       0
    519 x520         0.065146967                       0
    520 x521          0.93485303                       0
    588 x589           0.3853211                       0
    594 x595          0.29357798                       0
    595 x596          0.32110092                       0
