Stopped on time - objective value 9.08939243
      0 x7943               2133                       0
      1 x7944          4.7722222                       0
      2 x7945                 -1                       0
      3 x7946       -0.031288694                       0
      4 x7942         0.08569155                       0
      7 x2                     1             -0.45831237
      8 x3                     1             -0.93673947
     13 x8                     1              -1.8887448
     14 x9                     1              -2.2088471
     18 x13                    1              -3.1913734
     20 x15                    1              -2.5207308
     23 x18                    1             -0.64389562
     31 x26                    1             -0.38464773
     32 x27                    1             -0.32518953
     58 x53                    1             -0.17327401
     65 x60                    1             -0.27787012
     66 x61                    1              -2.7735957
     73 x68                    1              -1.1386249
     78 x73                    1             -0.80762643
     95 x90                    1             -0.28207359
    102 x97                    1              -9.0867791
    104 x99                    1              -4.6024507
    105 x100                   1              -8.6499266
    107 x102                   1              -1.9876625
    115 x110                   1             -0.94799793
    120 x115                   1             -0.64597144
    125 x120                   1              -1.0376439
    126 x121                   1              -1.2279365
    128 x123                   1              -0.3826216
    172 x167                   1             -0.56200394
    182 x177                   1             -0.74329055
    184 x179                   1              -1.4959328
    194 x189                   1              -1.8503489
    199 x194                   1             -0.20982322
    202 x197                   1             -0.49935891
    273 x268                   1             -0.23992178
    308 x303                   1             -0.56490866
    343 x338                   1              -7.4415839
    351 x346                   1              -4.2427782
    359 x354                   1              -2.6566858
    444 x439                   1              -1.8258342
    453 x448                   1               -1.535643
    557 x552                   1              -1.6311372
    563 x558                   1              -1.5951178
    564 x559                   1             -0.70710506
    571 x566                   1              -1.1777612
    574 x569                   1              -3.2347649
    600 x595                   1             -0.97929505
    602 x597                   1             -0.45997193
    620 x615                   1              -1.7168425
    621 x616                   1              -1.2750186
    622 x617                   1              -3.0441472
    623 x618                   1              -2.7961977
    624 x619                   1               -0.681733
    626 x621                   1              -3.1883493
    627 x622                   1             -0.57709115
    634 x629                   1              -3.6914485
    636 x631                   1              -4.6585467
    641 x636                   1               -1.289123
    643 x638                   1              -14.832804
    645 x640                   1             -0.44236428
    693 x688                   1             -0.12189223
    703 x698                   1             -0.71021387
    727 x722                   1             -0.95904167
    756 x751                   1             -0.39727196
    763 x758                   1             -0.59160271
    766 x761                   1             -0.52676296
    768 x763                   1             -0.18145361
    776 x771                   1             -0.18145361
    797 x792                   1              -1.3483615
    805 x800                   1              -1.2449123
    816 x811                   1              -2.3331699
    826 x821                   1             -0.18145361
    838 x833                   1             -0.44043562
    854 x849                   1              -0.2238146
    868 x863                   1              -8.7467392
    871 x866                   1              -1.4985364
    893 x888                   1              -14.465461
    917 x912                   1              -1.8756221
   1003 x998                   1             -0.49094101
   1114 x1109                  1              -1.8559088
   1119 x1114                  1              -1.0149945
   1129 x1124                  1              -6.7495471
   1132 x1127                  1             -0.24888378
   1137 x1132                  1              -2.0181082
   1138 x1133                  1             -0.98879831
   1141 x1136                  1             -0.49123324
   1147 x1142                  1             -0.21698624
   1153 x1148                  1              -1.4554673
   1155 x1150                  1             -0.36766299
   1157 x1152                  1              -0.7045297
   1161 x1156                  1             -0.54134444
   1166 x1161                  1              -0.7467458
   1171 x1166                  1              -3.5409356
   1183 x1178                  1              -7.1158128
   1185 x1180                  1              -5.4907658
   1187 x1182                  1              -1.0834688
   1189 x1184                  1              -1.5496985
   1194 x1189                  1             -0.65265901
   1196 x1191                  1              -1.2704793
   1198 x1193                  1               -1.412022
   1234 x1229                  1             -0.49408923
   1249 x1244                  1             -0.56358506
   1264 x1259                  1              -1.1243823
   1301 x1296                  1             -0.73565038
   1310 x1305                  1              -1.3977386
   1311 x1306                  1             -0.53258439
   1313 x1308                  1              -0.3037435
   1314 x1309                  1              -3.3653565
   1322 x1317                  1             -0.97701445
   1326 x1321                  1            -0.092943778
   1358 x1353                  1             -0.19791829
   1379 x1374                  1            -0.050871359
   1432 x1427                  1              -0.9393415
   1446 x1441                  1              -5.5416901
   1501 x1496                  1              -3.6253819
   1510 x1505                  1               -2.017931
   1545 x1540                  1              0.70991635
   1744 x1739                  1              -1.5141446
   1789 x1784                  1             -0.19780833
   1805 x1800                  1             -0.18900939
   1829 x1824                  1             -0.23983028
   1852 x1847                  1             -0.41121455
   1856 x1851                  1             -0.80483121
   1857 x1852                  1             -0.12363912
   1883 x1878                  1             -0.16701204
   1885 x1880                  1             -0.00879894
   1894 x1889                  1             -0.00879894
   1913 x1908                  1             -0.84369132
   1914 x1909                  1            -0.020066028
   1921 x1916                  1             -0.00879894
   1935 x1930                  1             -0.00879894
   1938 x1933                  1             -0.00879894
   1948 x1943                  1             -0.00879894
   1950 x1945                  1             -0.00879894
   1956 x1951                  1             -0.00879894
   1957 x1952                  1             -0.00879894
   1980 x1975                  1              -2.7885612
   2014 x2009                  1              -7.0199019
   2016 x2011                  1              -2.0947205
   2031 x2026                  1             -0.62257323
   2057 x2052                  1             -0.23027011
   2063 x2058                  1             -0.23027011
   2064 x2059                  1             -0.23027011
   2078 x2073                  1            -0.011267088
   2088 x2083                  1             -0.17581098
   2089 x2084                  1             -0.30725398
   2099 x2094                  1             -0.92738398
   2102 x2097                  1              -1.5379685
   2103 x2098                  1             -0.84809079
   2111 x2106                  1             -0.31202673
   2116 x2111                  1             -0.16701204
   2187 x2182                  1              -1.2435396
   2229 x2224                  1             -0.36620757
   2234 x2229                  1             -0.25345449
   2238 x2233                  1             -0.58328424
   2250 x2245                  1             -0.24617189
   2253 x2248                  1             -0.25326977
   2262 x2257                  1             -0.14813356
   2268 x2263                  1             -0.37079177
   2269 x2264                  1             -0.36487596
   2272 x2267                  1             -0.59784944
   2288 x2283                  1                -8.45221
   2309 x2304                  1             -0.53418635
   2317 x2312                  1             -0.59496631
   2325 x2320                  1             -0.36199283
   2326 x2321                  1             -0.23127242
   2331 x2326                  1             -0.60394997
   2342 x2337                  1             -0.37959071
   2369 x2364                  1             -0.12883462
   2370 x2365                  1             -0.12883462
   2371 x2366                  1             -0.12883462
   2378 x2373                  1             -0.70790411
   2406 x2401                  1             -0.01759788
   2411 x2406                  1             -0.35186227
   2413 x2408                  1             -0.12173674
   2427 x2422                  1             -0.00879894
   2433 x2428                  1             -0.00879894
   2443 x2438                  1             -0.00879894
   2445 x2440                  1             -0.00879894
   2447 x2442                  1             -0.00879894
   2451 x2446                  1             -0.00879894
   2452 x2447                  1             -0.00879894
   2455 x2450                  1             -0.00879894
   2458 x2453                  1             -0.25075609
   2464 x2459                  1             -0.00879894
   2492 x2487                  1             -0.00879894
   2530 x2525                  1            -0.079544239
   2531 x2526                  1              0.48061777
   2557 x2552                  1               1.7230523
   2561 x2556                  1               -2.095438
   2563 x2558                  1              -1.6789901
   2680 x2675                  1             -0.68187674
   2685 x2680                  1              -1.0076413
   2713 x2708                  1              -0.1202204
   2769 x2764                  1              -1.5122489
   2776 x2771                  1             -0.50197192
   2777 x2772                  1              -4.6386547
   2784 x2779                  1              -1.2908802
   2787 x2782                  1             -0.33967718
   2789 x2784                  1              -0.5253677
   2795 x2790                  1             -0.61887209
   2796 x2791                  1               -1.586228
   2798 x2793                  1              -2.1768089
   2799 x2794                  1             -0.72770385
   2801 x2796                  1               -1.583101
   2804 x2799                  1              -1.5468559
   2806 x2801                  1             -0.49660411
   2812 x2807                  1             -0.76920282
   2815 x2810                  1             -0.33643605
   2823 x2818                  1              -0.4447888
   2837 x2832                  1              -8.6900168
   2876 x2871                  1              -1.2380234
   2918 x2913                  1             -0.93026868
   2919 x2914                  1             -0.33515412
   2924 x2919                  1              -1.1243891
   2925 x2920                  1             -0.56280518
   2927 x2922                  1              -1.2581997
   2968 x2963                  1             -0.33252645
   2975 x2970                  1             -0.22461728
   3002 x2997                  1             -0.12895223
   3006 x3001                  1             -0.93955798
   3011 x3006                  1             -0.65866385
   3015 x3010                  1             -0.22607839
   3019 x3014                  1             -0.33252645
   3020 x3015                  1              -0.1706627
   3021 x3016                  1             -0.38648104
   3023 x3018                  1             -0.49439021
   3037 x3032                  1             -0.38648104
   3047 x3042                  1             -0.27857187
   3063 x3058                  1               -1.859557
   3065 x3060                  1             -0.33252645
   3085 x3080                  1              -3.1665039
   3108 x3103                  1              -1.6349397
   3112 x3107                  1              -5.7156897
   3142 x3137                  1              -0.8460664
   3169 x3164                  1             -0.02639682
   3219 x3214                  1              -4.3708528
   3314 x3309                  1             -0.00439947
   3424 x3419                  1              -6.2402659
   3467 x3462                  1              -5.3877412
   3581 x3576                  1              -2.5273629
   3623 x3618                  1              -1.2636815
   3775 x3770                  1              -4.0754097
   3796 x3791                  1              -2.8819856
   3801 x3796                  1              -1.3675438
   3810 x3805                  1              -1.5973309
   3811 x3806                  1             -0.76577947
   3813 x3808                  1             -0.76577947
   3814 x3809                  1              -5.2474314
   3826 x3821                  1             -0.83155147
   3827 x3822                  1             -0.83155147
   3828 x3823                  1             -0.83155147
   3830 x3825                  1             -0.83155147
   3848 x3843                  1              -4.4816519
   3853 x3848                  1              -4.4816519
   3869 x7947               0.15                       0
   3870 x7948        -0.19191919                       0
   3871 x7949         -0.1959799                       0
   3872 x7950          0.1025641           8.8817842e-16
   3873 x7951         0.13157895                       0
   3874 x7952        -0.22330097                       0
   3875 x7953         0.14792899                       0
   3876 x7954         0.14792899                       0
   3877 x7955               0.15                       0
   3878 x7956       -0.074626866                       0
   3879 x7957         0.12903226                       0
   3880 x7958         0.12903226                       0
   3881 x7959        -0.10144928                       0
   3882 x7960       -0.022058824                       0
   3883 x7961       -0.015873016                       0
   3884 x7962       -0.037037037                       0
   3885 x7963       -0.072463768                       0
   3886 x7964       -0.088235294                       0
   3887 x7965        -0.13768116                       0
   3888 x7966        -0.18939394                       0
   3889 x7967       -0.083333333                       0
   3891 x7969         -0.1092437                       0
   3892 x7970        0.073170732                       0
   3893 x7971        0.099099099                       0
   3894 x7972               0.15                       0
   3895 x7973               0.15                       0
   3896 x7974        0.090909091                       0
   3897 x7975        -0.13407821                       0
   3898 x7976        -0.13888889                       0
   3899 x7977         0.12299465                       0
   3900 x7978         0.11702128                       0
   3901 x7979         -0.1576087                       0
   3902 x7980            0.04375           8.8817842e-16
   3903 x7981            0.04375           8.8817842e-16
   3904 x7982               0.15                       0
   3905 x7983               0.15                       0
   3906 x7984               0.15                       0
   3907 x7985               0.15                       0
   3908 x7986                0.1                       0
   3909 x7987         0.02962963                       0
   3910 x7988        0.082089552                       0
   3911 x7989         0.14634146                       0
   3912 x7990               0.15                       0
   3913 x7991         0.11904762                       0
   3914 x7992               0.15                       0
   3915 x7993         0.10833333                       0
   3916 x7994         0.07826087                       0
   3917 x7995        0.086206897                       0
   3918 x7996        0.086956522                       0
   3919 x7997         0.14678899                       0
   3920 x7998        0.081632653                       0
   3921 x7999               0.15                       0
   3922 x8000               0.15                       0
   3924 x8002               0.15                       0
   3925 x8003               0.15                       0
   3926 x8004       -0.055555556                       0
   3927 x8005       -0.071038251                       0
   3928 x8006               0.15                       0
   3929 x8007         0.14906832                       0
   3930 x8008         0.14906832                       0
   3931 x8009       -0.071428571                       0
   3932 x8010      -0.0083333333                       0
   3933 x8011       -0.071428571                       0
   3934 x8012       -0.071428571                       0
   3935 x8013        0.016949153                       0
   3936 x8014               0.15                       0
   3937 x8015        0.052631579                       0
   3938 x8016             -0.025                       0
   3939 x8017         0.14049587                       0
   3940 x8018         0.14166667                       0
   3941 x8019       0.0086956522                       0
   3942 x8020               0.15                       0
   3943 x8021               0.15                       0
   3944 x8022               0.15                       0
   3945 x8023               0.15                       0
   3946 x8024               0.15                       0
   3947 x8025         0.13131313                       0
   3948 x8026                0.1                       0
   3949 x8027                0.1                       0
   3950 x8028         0.11111111                       0
   3951 x8029       -0.047619048                       0
   3953 x8031               0.15                       0
   3954 x8032       -0.027777778                       0
   3955 x8033       -0.047619048          -8.8817842e-16
   3956 x8034               0.15                       0
   3957 x8035               0.15                       0
   3958 x8036       -0.083333333                       0
   3959 x8037               0.15                       0
   3960 x8038               0.15                       0
   3961 x8039               0.15                       0
   3962 x8040               0.15                       0
   3963 x8041               0.15                       0
   3964 x8042               0.15                       0
   3965 x8043               0.15                       0
   3966 x8044               0.15                       0
   3967 x8045               0.15                       0
   3968 x8046               0.15                       0
   3969 x8047         0.13636364                       0
   3970 x8048        0.041666667                       0
   3971 x8049         0.12765957                       0
   3972 x8050               0.15                       0
   3973 x8051               0.15                       0
   3974 x8052               0.15                       0
   3975 x8053        0.083333333                       0
   3976 x8054        0.083333333                       0
   3977 x8055               0.15                       0
   3978 x8056         0.11111111                       0
   3979 x8057               0.15                       0
   3980 x8058               0.15                       0
   3981 x8059               0.15                       0
   3982 x8060        0.066666667                       0
   3983 x8061               0.15                       0
   3984 x8062               0.15                       0
   3985 x8063               0.15                       0
   3986 x8064               0.15                       0
   3987 x8065               0.15                       0
   3988 x8066               0.15                       0
   3989 x8067               0.15                       0
   3990 x8068         0.14583333                       0
   3991 x8069               0.15                       0
   3992 x8070               0.14                       0
   3993 x8071               0.15                       0
   3994 x8072               0.15                       0
   3995 x8073               0.15                       0
   3996 x8074               0.15                       0
   3997 x8075               0.15                       0
   3998 x8076               0.15                       0
   3999 x8077               0.15                       0
   4000 x8078         0.14634146                       0
   4001 x8079               0.15                       0
   4002 x8080               0.15                       0
   4003 x8081               0.15                       0
   4004 x8082               0.15                       0
   4005 x8083        -0.19230769                       0
   4006 x8084        -0.20454545          -8.8817842e-16
   4007 x8085               0.15                       0
   4008 x8086               0.15                       0
   4009 x8087        -0.19847328                       0
   4010 x8088          0.1484375                       0
   4011 x8089          0.1484375                       0
   4012 x8090               0.15                       0
   4013 x8091         0.13636364                       0
   4014 x8092               0.15                       0
   4015 x8093               0.15                       0
   4016 x8094         0.14942529                       0
   4017 x8095               0.15                       0
   4018 x8096         0.14285714                       0
   4019 x8097         0.13095238                       0
   4020 x8098         0.14285714                       0
   4021 x8099               0.15                       0
   4022 x8100         0.06097561                       0
   4023 x8101          0.1038961           8.8817842e-16
   4024 x8102         0.13888889                       0
   4025 x8103        -0.11904762                       0
   4026 x8104        0.073170732                       0
   4027 x8105         0.13888889                       0
   4028 x8106               0.15                       0
   4029 x8107               0.15                       0
   4030 x8108               0.15                       0
   4031 x8109                 -1          -3.5527137e-15
   4032 x8110                 -1                       0
   4033 x8111                 -1          -8.8817842e-16
   4034 x8112                 -1                       0
   4035 x8113                 -1                       0
   4036 x8114                 -1          -8.8817842e-16
   4037 x8115               -0.6           8.8817842e-16
   4038 x8116               -0.6           8.8817842e-16
   4039 x8117                 -1                       0
   4040 x8118        -0.71428571                       0
   4041 x8119                 -1                       0
   4042 x8120                 -1                       0
   4043 x8121        -0.71428571                       0
   4044 x8122        -0.57142857                       0
   4045 x8123        -0.66666667                       0
   4046 x8124        -0.71428571                       0
   4047 x8125             -0.625                       0
   4048 x8126        -0.57142857                       0
   4049 x8127               -0.6           8.8817842e-16
   4050 x8128               -0.2                       0
   4052 x8130              -0.25                       0
   4054 x8132        -0.16666667                       0
   4056 x8134               0.15                       0
   4057 x8135               0.15                       0
   4058 x8136        -0.25048559                       0
   4059 x8137               0.15                       0
   4060 x8138        0.034263072                       0
   4061 x8139        -0.06440836                       0
   4062 x8140               0.15                       0
   4063 x8141               0.15                       0
   4064 x8142               0.15                       0
   4065 x8143               0.15                       0
   4066 x8144               0.15                       0
   4067 x8145               0.15                       0
   4068 x8146        0.045446866          -4.4408921e-16
   4069 x8147         0.13739652          -4.4408921e-16
   4070 x8148               0.15                       0
   4071 x8149               0.15                       0
   4072 x8150               0.15                       0
   4073 x8151               0.15                       0
   4074 x8152               0.15                       0
   4075 x8153       0.0011850347                       0
   4076 x8154        0.067822076                       0
   4077 x8155               0.15                       0
   4078 x8156               0.15                       0
   4079 x8157       -0.066880673          -4.4408921e-16
   4080 x8158               0.15                       0
   4081 x8159               0.15                       0
   4082 x8160         -0.0948362          -4.4408921e-16
   4083 x8161               0.15                       0
   4084 x8162               0.15                       0
   4085 x8163               0.15                       0
   4086 x8164        -0.10775568          -4.4408921e-16
   4087 x8165               0.15                       0
   4088 x8166         0.14222298          -4.4408921e-16
   4089 x8167        0.027872631          -4.4408921e-16
   4090 x8168               0.15                       0
   4091 x8169               0.15                       0
   4092 x8170               0.15                       0
   4093 x8171               0.15                       0
   4094 x8172               0.15                       0
   4095 x8173               0.15                       0
   4096 x8174         0.07521419                       0
   4097 x8175         0.10942007                       0
   4098 x8176               0.15                       0
   4099 x8177               0.15                       0
   4100 x8178        -0.14200292                       0
   4101 x8179        0.091511397                       0
   4102 x8180        -0.12270085                       0
   4103 x8181               0.15                       0
   4104 x8182               0.15                       0
   4105 x8183         -0.1319094                       0
   4106 x8184               0.15                       0
   4107 x8185        -0.14200292                       0
   4108 x8186        0.091511397                       0
   4109 x8187        -0.12270085                       0
   4110 x8188               0.15                       0
   4111 x8189               0.15                       0
   4112 x8190         -0.1319094                       0
   4113 x8191               0.15                       0
   4114 x8192        -0.14602051          -4.4408921e-16
   4115 x8193         0.14414066          -4.4408921e-16
   4116 x8194               0.15                       0
   4117 x8195        0.085920438          -4.4408921e-16
   4118 x8196               0.15                       0
   4119 x8197               0.15                       0
   4120 x8198               0.15                       0
   4121 x8199         0.13811463                       0
   4122 x8200         0.13222105                       0
   4123 x8201        0.095122854                       0
   4124 x8202               0.15                       0
   4125 x8203               0.15                       0
   4126 x8204       -0.077983088                       0
   4127 x8205               0.15                       0
   4128 x8206        -0.12308087                       0
   4129 x8207               0.15                       0
   4130 x8208         0.13027224                       0
   4131 x8209        -0.17744421                       0
   4132 x8210         0.14057417                       0
   4133 x8211               0.15                       0
   4134 x8212               0.15                       0
   4135 x8213        -0.12308087                       0
   4136 x8214               0.15                       0
   4137 x8215         0.13027224                       0
   4138 x8216        -0.17744421                       0
   4139 x8217         0.14057417                       0
   4140 x8218               0.15                       0
   4141 x8219               0.15                       0
   4142 x8220         0.14202564                       0
   4143 x8221               0.15                       0
   4144 x8222        0.074715459                       0
   4145 x8223               0.15                       0
   4146 x8224               0.15                       0
   4147 x8225       -0.085492004                       0
   4148 x8226               0.15                       0
   4149 x8227        0.064317512                       0
   4150 x8228         0.14248136                       0
   4151 x8229         0.14713534                       0
   4152 x8230               0.15                       0
   4153 x8231               0.15                       0
   4154 x8232        -0.13892583                       0
   4155 x8233               0.15                       0
   4156 x8234        0.052255497                       0
   4157 x8235               0.15                       0
   4158 x8236         0.03584396                       0
   4159 x8237               0.15                       0
   4160 x8238               0.15                       0
   4161 x8239       -0.092049845                       0
   4162 x8240               0.15                       0
   4163 x8241        0.061158483                       0
   4164 x8242               0.15                       0
   4165 x8243         0.09594237                       0
   4166 x8244               0.15                       0
   4167 x8245               0.15                       0
   4168 x8246       -0.074301676                       0
   4169 x8247               0.15                       0
   4170 x8248        0.075546602                       0
   4171 x8249        -0.03946199                       0
   4172 x8250               0.15                       0
   4173 x8251               0.15                       0
   4174 x8252               0.15                       0
   4175 x8253       -0.069739883                       0
   4176 x8254               0.15                       0
   4177 x8255         0.13649207                       0
   4178 x8256      -0.0020225454                       0
   4179 x8257               0.15                       0
   4180 x8258               0.15                       0
   4181 x8259               0.15                       0
   4182 x8260        -0.16058416                       0
   4183 x8261               0.15                       0
   4184 x8262         0.13389536                       0
   4185 x8263               0.15                       0
   4186 x8264        0.056882275                       0
   4187 x8265               0.15                       0
   4188 x8266               0.15                       0
   4189 x8267        -0.01650066                       0
   4190 x8268               0.15                       0
   4191 x8269               0.15                       0
   4192 x8270          0.1320245                       0
   4193 x8271               0.15                       0
   4194 x8272         0.05373439                       0
   4195 x8273               0.15                       0
   4196 x8274       0.0026416907                       0
   4197 x8275               0.15                       0
   4198 x8276         0.12942166                       0
   4199 x8277         0.12790058                       0
   4200 x8278               0.15                       0
   4201 x8279       -0.037250396                       0
   4202 x8280               0.15                       0
   4203 x8281       -0.049872164                       0
   4204 x8282               0.15                       0
   4205 x8283        0.055762812                       0
   4206 x8284          0.1189214                       0
   4207 x8285               0.15                       0
   4208 x8286       -0.088127495                       0
   4209 x8287               0.15                       0
   4210 x8288               0.15                       0
   4211 x8289               0.15                       0
   4212 x8290               0.15                       0
   4213 x8291         0.12445422                       0
   4214 x8292               0.15                       0
   4215 x8293       -0.042316405                       0
   4216 x8294               0.15                       0
   4217 x8295       -0.037753193                       0
   4218 x8296               0.15                       0
   4219 x8297       -0.063756841                       0
   4220 x8298         0.14970001                       0
   4221 x8299        0.052218633                       0
   4222 x8300               0.15                       0
   4223 x8301               0.15                       0
   4224 x8302       -0.078591679                       0
   4225 x8303               0.15                       0
   4226 x8304        -0.08979681                       0
   4227 x8305               0.15                       0
   4228 x8306         0.13065327                       0
   4229 x8307               0.15                       0
   4230 x8308               0.15                       0
   4231 x8309       -0.087393489                       0
   4232 x8310               0.15                       0
   4233 x8311        -0.17076903                       0
   4234 x8312      -0.0096926412                       0
   4235 x8313       0.0089274327                       0
   4236 x8314               0.15                       0
   4237 x8315               0.15                       0
   4238 x8316        -0.13148833                       0
   4239 x8317               0.15                       0
   4240 x8318        -0.17076903                       0
   4241 x8319      -0.0096926412                       0
   4242 x8320       0.0089274327                       0
   4243 x8321               0.15                       0
   4244 x8322               0.15                       0
   4245 x8323        -0.13148833                       0
   4246 x8324               0.15                       0
   4248 x8326                  1                       0
   4282 x8360                  1                       0
   4289 x8367                  1                       0
   4298 x8376                  1                       0
   4301 x8379                  1               -0.023354
   4317 x8395                  1               -0.023354
   4327 x8405                  1               -0.023354
   4328 x8406                  1               -0.023354
   4337 x8415                  1               -0.023354
   4338 x8416                  1               -0.023354
   4339 x8417                  1               -0.023354
   4340 x8418                  1               -0.023354
   4344 x8422                  1               -0.023354
   4350 x8428                  1               -0.023354
   4352 x8430                  1               -0.023354
   4353 x8431                  1               -0.023354
   4355 x8433                  1               -0.023354
   4360 x8438                  1               -0.023354
   4361 x8439                  1               -0.070062
   4363 x8441                  1               -0.023354
   4365 x8443                  1               -0.023354
   4366 x8444                  1               -0.023354
   4367 x8445                  1               -0.023354
   4369 x8447                  1               -0.023354
   4371 x8449                  1               -0.023354
   4372 x8450                  1               -0.023354
   4380 x8458                  1               -0.023354
   4382 x8460                  1               -0.023354
   4385 x8463                  1               -0.070062
   4387 x8465                  1               -0.023354
   4388 x8466                  1               -0.023354
   4391 x8469                  1               -0.023354
   4392 x8470                  1               -0.023354
   4393 x8471                  1               -0.023354
   4394 x8472                  1               -0.023354
   4395 x8473                  1               -0.023354
   4396 x8474                  1                       0
   4413 x8491                  1               -0.023354
   4414 x8492                  1               -0.023354
   4418 x8496                  1               -0.023354
   4420 x8498                  1               -0.023354
   4421 x8499                  1               -0.023354
   4423 x8501                  1               -0.023354
   4426 x8504                  1               -0.023354
   4428 x8506                  1               -0.023354
   4429 x8507                  1               -0.023354
   4430 x8508                  1               -0.023354
   4431 x8509                  1               -0.023354
   4432 x8510                  1               -0.023354
   4433 x8511                  1               -0.023354
   4435 x8513                  1               -0.023354
   4438 x8516                  1               -0.023354
   4439 x8517                  1               -0.023354
   4444 x8522                  1               -0.023354
   4445 x8523                  1               -0.023354
   4448 x8526                  1               -0.023354
   4457 x8535                  1               -0.023354
   4463 x8541                  1               -0.023354
   4465 x8543                  1               -0.023354
   4468 x8546                  1               -0.023354
   4469 x8547                  1               -0.023354
   4470 x8548                  1               -0.023354
   4471 x8549                  1               -0.023354
   4472 x8550                  1               -0.023354
   4475 x8553                  1               -0.023354
   4477 x8555                  1               -0.023354
   4479 x8557                  1                       0
   4480 x8558                  1                       0
   4482 x8560                  1                       0
   4483 x8561                  1                       0
   4485 x8563                  1                       0
   4486 x8564                  1                       0
   4491 x8569                  1                       0
   4492 x8570                  1                       0
   4494 x8572                  1                       0
   4495 x8573                  1                       0
   4496 x8574                  1                       0
   4497 x8575                  1                       0
   4498 x8576                  1                       0
   4499 x8577                  1                       0
   4500 x8578                  1                       0
   4501 x8579                  1                       0
   4502 x8580                  1                       0
   4503 x8581                  1                       0
   4504 x8582                  1                       0
   4505 x8583                  1               -0.035031
   4509 x8587                  1                       0
   4510 x8588                  1                       0
   4511 x8589                  1                       0
   4512 x8590                  1                       0
   4515 x8593                  1                       0
   4519 x8597                  1                       0
   4521 x8599                  1                       0
   4522 x8600                  1                       0
   4526 x8604                  1                       0
   4527 x8605                  1                       0
   4528 x8606                  1                       0
   4529 x8607                  1                       0
   4531 x8609                  1               -0.035031
   4532 x8610                  1               -0.023354
   4533 x8611                  1               -0.070062
   4534 x8612                  1               -0.070062
   4535 x8613                  1               -0.070062
   4536 x8614                  1               -0.070062
   4538 x8616                  1               -0.023354
   4539 x8617                  1               -0.023354
   4540 x8618                  1               -0.023354
   4541 x8619                  1               -0.070062
   4542 x8620                  1               -0.070062
   4544 x8622                  1                       0
   4545 x8623                  1                       0
   4546 x8624                  1               -0.023354
   4547 x8625                  1               -0.035031
   4548 x8626                  1                       0
   4549 x8627                  1               -0.023354
   4550 x8628                  1               -0.023354
   4551 x8629                  1               -0.023354
   4552 x8630                  1               -0.023354
   4553 x8631                  1                       0
   4555 x8633                  1               -0.023354
   4556 x8634                  1               -0.023354
   4557 x8635                  1               -0.023354
   4560 x8638                  1               -0.023354
   4561 x8639                  1                       0
   4562 x8640                  1                       0
   4563 x8641                  1                       0
   4564 x8642                  1                       0
   4565 x8643                  1               -0.023354
   4566 x8644                  1                       0
   4567 x8645                  1                       0
   4568 x8646                  1               -0.023354
   4569 x8647                  1               -0.023354
   4572 x8650                  1               -0.023354
   4573 x8651                  1               -0.023354
   4574 x8652                  1               -0.023354
   4575 x8653                  1               -0.023354
   4576 x8654                  1               -0.023354
   4577 x8655                  1                       0
   4579 x8657                  1                       0
   4582 x8660                  1                       0
   4585 x8663                  1                       0
   4586 x8664                  1                       0
   4587 x8665                  1                       0
   4589 x8667                  1               -0.023354
   4591 x8669                  1               -0.023354
   4594 x8672                  1               -0.023354
   4595 x8673                  1               -0.023354
   4596 x8674                  1                       0
   4598 x8676                  1               -0.023354
   4599 x8677                  1               -0.023354
   4600 x8678                  1               -0.023354
   4601 x8679                  1                       0
   4602 x8680                  1               -0.023354
   4603 x8681                  1               -0.023354
   4604 x8682                  1               -0.023354
   4605 x8683                  1               -0.023354
   4606 x8684                  1               -0.023354
   4607 x8685                  1               -0.023354
   4608 x8686                  1               -0.023354
   4609 x8687                  1               -0.023354
   4610 x8688                  1               -0.023354
   4611 x8689                  1               -0.023354
   4612 x8690                  1               -0.023354
   4613 x8691                  1               -0.023354
   4614 x8692                  1               -0.023354
   4615 x8693                  1               -0.023354
   4616 x8694                  1                       0
   4617 x8695                  1                       0
   4618 x8696                  1                       0
   4619 x8697                  1               -0.023354
   4621 x8699                  1               -0.023354
   4622 x8700                  1               -0.023354
   4623 x8701                  1               -0.023354
   4624 x8702                  1               -0.023354
   4625 x8703                  1                       0
   4626 x8704                  1               -0.023354
   4627 x8705                  1               -0.023354
   4628 x8706                  1                       0
   4629 x8707                  1                       0
   4631 x8709                  1                       0
   4727 x8805                  1                       0
   4730 x8808                  1                       0
   4733 x8811                  1                       0
   4735 x8813                  1                       0
   4748 x8826                  1                       0
   4750 x8828                  1                       0
   4752 x8830                  1                       0
   4753 x8831                  1                       0
   4756 x8834                  1                       0
   4757 x8835                  1                       0
   4760 x8838                  1                       0
   4762 x8840                  1                       0
   4763 x8841                  1                       0
   4774 x8852                  1                       0
   4775 x8853                  1                       0
   4787 x8865                  1                       0
   4795 x8873                  1                       0
   4796 x8874                  1                       0
   4797 x8875                  1                       0
   4798 x8876                  1                       0
   4805 x8883                  1                       0
   4807 x8885                  1                       0
   4810 x8888                  1                       0
   4881 x8959                  1                       0
   4882 x8960                  1                       0
   4883 x8961                  1                       0
   4884 x8962                  1                       0
   4890 x8968                  1                       0
   4893 x8971                  1                       0
   4895 x8973                  1                       0
   4897 x8975                  1                       0
   4901 x8979                  1                       0
   4909 x8987                  1                       0
   4916 x8994                  1                       0
   4920 x8998                  1                       0
   4935 x9013                  1                       0
   4940 x9018                  1                       0
   4941 x9019                  1                       0
   4949 x9027                  1                       0
   4951 x9029                  1                       0
   4954 x9032                  1                       0
   4955 x9033                  1                       0
   4957 x9035                  1                       0
   4958 x9036                  1                       0
   4959 x9037                  1                       0
   4960 x9038                  1                       0
   4962 x9040                  1                       0
   4963 x9041                  1                       0
   4964 x9042                  1                       0
   4974 x9052                  1                       0
   4980 x9058                  1                       0
   4987 x9065                  1                       0
   4988 x9066                  1                       0
   4989 x9067                  1                       0
   4992 x9070                  1                       0
   4994 x9072                  1                       0
   4999 x9077                  1                       0
   5002 x9080                  1                       0
   5003 x9081                  1                       0
   5011 x9089                  1                       0
   5012 x9090                  1                       0
   5013 x9091                  1                       0
   5014 x9092                  1                       0
   5015 x9093                  1                       0
   5016 x9094                  1                       0
   5018 x9096                  1                       0
   5019 x9097                  1                       0
   5020 x9098                  1                       0
   5021 x9099                  1                       0
   5032 x9110                  1                       0
   5034 x9112         0.61111111                       0
   5036 x9114                  1                       0
   5040 x9118                  1                       0
   5045 x9123                  1                       0
   5046 x9124                  1                       0
   5047 x9125                  1                       0
   5049 x9127                  1                       0
   5052 x9130                  1                       0
   5054 x9132                  1                       0
   5055 x9133                  1                       0
   5056 x9134                  1                       0
   5057 x9135                  1                       0
   5058 x9136                  1                       0
   5059 x9137                  1                       0
   5060 x9138                  1                       0
   5061 x9139                  1                       0
   5062 x9140                  1                       0
   5063 x9141                  1                       0
   5064 x9142                  1                       0
   5065 x9143                  1                       0
   5066 x9144                  1                       0
   5067 x9145                  1                       0
   5068 x9146                  1                       0
   5069 x9147                  1                       0
   5070 x9148                  1                       0
   5071 x9149                  1                       0
   5072 x9150                  1                       0
   5073 x9151                  1                       0
   5074 x9152                  1                       0
   5075 x9153                  1                       0
   5076 x9154                  1                       0
   5077 x9155                  1                       0
   5078 x9156                  1                       0
   5079 x9157                  1                       0
   5080 x9158                  1                       0
   5082 x9160                  1                       0
   5083 x9161                  1                       0
   5084 x9162                  1                       0
   5085 x9163                  1                       0
   5086 x9164                  1                       0
   5087 x9165                  1                       0
   5088 x9166                  1                       0
   5089 x9167                  1                       0
   5091 x9169                  1                       0
   5092 x9170                  1                       0
   5093 x9171         0.38888889                       0
   5094 x9172                  1                       0
   5095 x9173                  1                       0
   5096 x9174                  1                       0
   5097 x9175                  1                       0
   5098 x9176                  1                       0
   5099 x9177                  1                       0
   6292 x4253                  1              -5.7041779
   6714 x4675                  1              -2.3424991
   7241 x5202                  1            -0.043523251
   7579 x5540                  1              -4.6475021
   7744 x5705                  1                       0
   8102 x6063                  1                       0
