Stopped on time - objective value 547519411.36000013
     57 x58                    1               4241173.8
    183 x184                   1               7684865.3
    222 x223                   1               1519175.7
    334 x335                   1                17610600
    354 x355                   1                11369121
    388 x389                   1               5760349.4
    495 x496                   1               4962867.2
    498 x499                   1               1940163.5
    543 x544                   1               6963171.8
    594 x595                   1               4060750.4
    606 x607                   1               7684865.3
    615 x616                   1               7324018.6
    633 x634                   1               5083149.4
    645 x646                   1               5700208.3
    690 x691                   1                 3880327
    735 x736                   1               5023008.3
    837 x838                   1               2797786.9
    855 x856                   1               2361151.4
    882 x883                   1               1459034.6
    894 x895                   1               5083149.4
   1014 x1015                  1               6121196.2
   1061 x1062                  1                 8918983
   1143 x1144                  1                 4842585
   1188 x1189                  1               4120891.5
   1335 x1336                  1               7925429.8
   1356 x1357                  1               7263877.4
   1371 x1372                  1               5083149.4
   1377 x1378                  1                 8045712
   1381 x1382                  1               7279525.1
   1438 x1439                  1               2436940.2
   1461 x1462                  1               1459034.6
   1470 x1471                  1                10587287
   1492 x1493                  1               6482042.9
   1504 x1505                  1               4962867.2
   1518 x1519                  1                 1699599
   1557 x1558                  1               4481738.2
   1587 x1588                  1               1819881.3
   1605 x1606                  1               3098492.5
   1650 x1651                  1               3278915.8
   1656 x1657                  1               4541879.4
   1734 x1735                  1               2301010.2
   1768 x1769                  1                13806061
   1788 x1789                  1               4181032.6
   1795 x1796                  1               7399807.4
   1806 x1807                  1               3459339.2
   1809 x1810                  1               1639457.9
   1869 x1870                  1               5023008.3
   1929 x1930                  1               8226135.4
   1935 x1936                  1               2120586.9
   1940 x1941                  1                 8918983
   1941 x1942                  1               4541879.4
   1964 x1965                  1               4677809.3
   1981 x1982                  1                11805757
   2037 x2038                  1               4902726.1
   2094 x2095                  1               7083454.1
   2152 x2153                  1               3760044.8
   2161 x2162                  1                18572858
   2163 x2164                  1                 1158329
   2187 x2188                  1                10226440
   2225 x2226                  1               4196680.3
   2229 x2230                  1                 2857928
   2232 x2233                  1               3940468.2
   2322 x2323                  1               9625028.8
   2331 x2332                  1               1759740.2
   2340 x2341                  1                 8526841
   2346 x2347                  1               1459034.6
   2374 x2375                  1               6722607.4
   2376 x2377                  1                 4361456
   2400 x2401                  1               2000304.6
   2403 x2404                  1               4421597.1
   2418 x2419                  1               7745006.4
   2431 x2432                  1               3399198.1
   2440 x2441                  1                 3880327
   2529 x2530                  1               4962867.2
   2532 x2533                  1               2301010.2
   2541 x2542                  1               8105853.1
   2553 x2554                  1               2120586.9
   2617 x2618                  1               2436940.2
   2652 x2653                  1               9023617.6
   2667 x2668                  1               6361760.6
   2712 x2713                  1               7684865.3
   2796 x2797                  1               959647.36
   2961 x2962                  1               420980.48
   3073 x3074                  1               3629444.5
   3093 x3094                  3               2201742.1
   3282 x3283                  2               1498314.2
   3345 x3346                  3               1568926.1
   3384 x3385                  1               1374743.5
   3474 x3475                  7               1036143.5
   3576 x3577                  4               818423.68
   3594 x3595                  2               503360.96
   3621 x3622                  2               415096.16
   3633 x3634                  1               1042027.8
   3800 x3801                  1               2234357.4
   3882 x3883                  1               1018490.6
   3927 x3928                  3               947878.72
   4074 x4075                  1               1592463.4
   4095 x4096                  1               1527735.8
   4209 x4210                  2               2125245.9
   4231 x4232                  2               1451239.7
   4243 x4244                  1               1030259.2
   4326 x4327                  1               450402.08
   4395 x4396                  1               989068.96
   4473 x4474                  8               497476.64
   4668 x4669                  3                 1621885
   4674 x4675                  4               479823.68
   4680 x4681                  2               989068.96
   4703 x4704                  1               1274710.1
   4833 x4834                  1               1510082.9
   4891 x4892                  1                912572.8
   4900 x4901                  2               3723593.6
   4926 x4927                  3                 2089940
   4968 x4969                  1                  824308
   5061 x5062                  1               2031096.8
   5079 x5080                  1               1651306.6
   5115 x5116                  4                  971416
   5179 x5180                  1               924341.44
   5268 x5269                  3               1030259.2
   5292 x5293                  1               479823.68
   5406 x5407                  2                 1439471
