Stopped on time - objective value 52.00000000
      0 B0(1)                   1                       1
      2 B2(1)                   1                       1
      4 B4(1)                   1                       1
      5 B5(1)                   1                       1
      8 B8(1)                   1                       1
      9 B9(1)                   1                       1
     10 B10(1)                  1                       1
     11 B11(1)                  1                       1
     12 B12(1)                  1                       1
     13 B13(1)                  1                       1
     14 B14(1)                  1                       1
     15 B15(1)                  1                       1
     16 B16(1)                  1                       1
     17 B17(1)                  1                       1
     18 B18(1)                  1                       1
     19 B19(1)                  1                       1
     20 B20(1)                  1                       1
     21 B21(1)                  1                       1
     23 B23(1)                  1                       1
     24 B24(1)                  1                       1
     25 B25(1)                  1                       1
     29 B29(1)                  1                       1
     32 B32(1)                  1                       1
     33 B33(1)                  1                       1
     34 B34(1)                  1                       1
     38 B38(1)                  1                       1
     39 B39(1)                  1                       1
     40 B40(1)                  1                       1
     43 B43(1)                  1                       1
     45 B45(1)                  1                       1
     46 B46(1)                  1                       1
     47 B47(1)                  1                       1
     49 B49(1)                  1                       1
     50 B50(1)                  1                       1
     53 B53(1)                  1                       1
     56 B56(1)                  1                       1
     61 B61(1)                  1                       1
     67 B67(1)                  1                       1
     71 B71(1)                  1                       1
     72 B72(1)                  1                       1
     74 B74(1)                  1                       1
     76 B76(1)                  1                       1
     81 B81(1)                  1                       1
     83 B83(1)                  1                       1
     86 B86(1)                  1                       1
     87 B87(1)                  1                       1
     92 B92(1)                  1                       1
     94 B94(1)                  1                       1
    101 B101(1)                 1                       1
    110 B110(1)                 1                       1
    113 B113(1)                 1                       1
    118 B118(1)                 1                       1
    144 B144(4)                 1                       0
    326 B326(4)                 1                       0
    360 B360(2)                 1                       0
    526 B526(4)                 1                       0
    605 B605(2)                 1                       0
    730 B730(2)                 1                       0
    849 B849(2)                 1                       0
    969 B969(2)                 1                       0
   1085 B1085(2)                1                       0
   1220 B1220(2)                1                       0
   1343 B1343(2)                1                       0
   1510 B1510(2)                1                       0
   1538 B1538(2)                1                       0
   1692 B1692(2)                1                       0
   1821 B1821(2)                1                       0
   1872 B1872(2)                1                       0
   1977 B1977(2)                1                       0
   2173 B2173(4)                1                       0
   2219 B2219(2)                1                       0
   2336 B2336(2)                1                       0
   2500 B2500(2)                1                       0
   2595 B2595(2)                1                       0
   2704 B2704(2)                1                       0
   2737 B2737(2)                1                       0
   2846 B2846(2)                1                       0
   2960 B2960(2)                1                       0
   3069 B3069(2)                1                       0
   3182 B3182(2)                1                       0
   3365 B3365(2)                1                       0
   3413 B3413(2)                1                       0
   3502 B3502(2)                1                       0
   3612 B3612(2)                1                       0
   3746 B3746(2)                1                       0
   3829 B3829(2)                1                       0
   3948 B3948(2)                1                       0
   4066 B4066(2)                1                       0
   4199 B4199(2)                1                       0
   4290 B4290(2)                1                       0
   4447 B4447(2)                1                       0
   4544 B4544(2)                1                       0
   4798 B4798(2)                1                       0
   4811 B4811(2)                1                       0
   4935 B4935(2)                1                       0
   5060 B5060(2)                1                       0
   5237 B5237(2)                1                       0
   5351 B5351(2)                1                       0
   5376 B5376(2)                1                       0
   5467 B5467(2)                1                       0
   5609 B5609(2)                1                       0
   5682 B5682(2)                1                       0
   5790 B5790(2)                1                       0
   5937 B5937(2)                1                       0
   6088 B6088(2)                1                       0
   6152 B6152(2)                1                       0
   6267 B6267(2)                1                       0
   6347 B6347(2)                1                       0
   6447 B6447(2)                1                       0
   6622 B6622(2)                1                       0
   6737 B6737(2)                1                       0
   6820 B6820(2)                1                       0
   7060 B7060(2)                1                       0
   7287 B7287(2)                1                       0
   7375 B7375(2)                1                       0
   7438 B7438(2)                1                       0
   7589 B7589(2)                1                       0
   7648 B7648(2)                1                       0
   7774 B7774(2)                1                       0
   7910 B7910(2)                1                       0
   8011 B8011(2)                1                       0
   8086 B8086(2)                1                       0
   8200 B8200(2)                1                       0
   8328 B8328(2)                1                       0
   8434 B8434(2)                1                       0
   8575 B8575(2)                1                       0
   8633 B8633(2)                1                       0
   8759 B8759(2)                1                       0
   8879 B8879(2)                1                       0
   8960 B8960(2)                1                       0
   9149 B9149(2)                1                       0
   9172 B9172(2)                1                       0
   9285 B9285(2)                1                       0
   9431 B9431(2)                1                       0
   9527 B9527(2)                1                       0
   9674 B9674(2)                1                       0
   9788 B9788(2)                1                       0
   9850 B9850(2)                1                       0
   9992 B9992(2)                1                       0
  10069 B10069(2)               1                       0
  10256 B10256(2)               1                       0
  10259 B10259(2)               1                       0
  10385 B10385(2)               1                       0
  10498 B10498(2)               1                       0
  10641 B10641(2)               1                       0
  10703 B10703(2)               1                       0
  10842 B10842(2)               1                       0
  10946 B10946(2)               1                       0
  11093 B11093(2)               1                       0
  11154 B11154(2)               1                       0
  11265 B11265(2)               1                       0
  11438 B11438(2)               1                       0
  11518 B11518(2)               1                       0
  11607 B11607(2)               1                       0
  11728 B11728(2)               1                       0
  11854 B11854(2)               1                       0
  11967 B11967(2)               1                       0
  12089 B12089(2)               1                       0
  12209 B12209(2)               1                       0
  12355 B12355(2)               1                       0
  12465 B12465(2)               1                       0
  12545 B12545(2)               1                       0
  12730 B12730(2)               1                       0
  12768 B12768(2)               1                       0
  12928 B12928(2)               1                       0
  13039 B13039(2)               1                       0
  13294 B13294(2)               1                       0
  13400 B13400(2)               1                       0
