Stopped on time - objective value 148358.00000000
    160 x161                   1                    2039
    444 x445                   1                    2032
    531 x532                   1                    1711
   1038 x1039                  1                    2116
   1129 x1130                  1                    1581
   1246 x1247                  1                    1372
   1326 x1327                  1                    1739
   1539 x1540                  1                    2033
   1930 x1931                  1                    1539
   2221 x2222                  1                    2270
   2274 x2275                  1                    2048
   2278 x2279                  1                    1353
   2339 x2340                  1                    2866
   2635 x2636                  1                    1514
   2741 x2742                  1                    1618
   3304 x3305                  1                    1858
   3305 x3306                  1                    1921
   3801 x3802                  1                    1098
   5032 x5033                  1                    2933
   5114 x5115                  1                    2458
   6022 x6023                  1                    1173
   6696 x6697                  1                    1653
   7115 x7116                  1                    2127
   7227 x7228                  1                    1887
   8006 x8007                  1                    1438
  10547 x10548                 1                    1705
  11057 x11058                 1                    2669
  14121 x14122                 1                    1717
  14587 x14588                 1                    2035
  14856 x14857                 1                    3979
  15632 x15633                 1                    2210
  16716 x16717                 1                    1611
  17512 x17513                 1                    3300
  18950 x18951                 1                    2705
  19671 x19672                 1                    1355
  20147 x20148                 1                    1522
  20666 x20667                 1                    1891
  21779 x21780                 1                    1544
  23278 x23279                 1                    1958
  23313 x23314                 1                    2103
  23786 x23787                 1                    2164
  23972 x23973                 1                    1571
  24636 x24637                 1                    1749
  24754 x24755                 1                    1518
  25406 x25407                 1                    1983
  26219 x26220                 1                    2621
  26420 x26421                 1                    2408
  27431 x27432                 1                    2183
  27451 x27452                 1                    1163
  27514 x27515                 1                    2756
  27660 x27661                 1                    1955
  27890 x27891                 1                    3662
  28070 x28071                 1                    1256
  28248 x28249                 1                    2160
  28466 x28467                 1                    1810
  28878 x28879                 1                    1395
  29506 x29507                 1                    1634
  29855 x29856                 1                    2228
  30034 x30035                 1                    2685
  30087 x30088                 1                    2079
  30875 x30876                 1                    1547
  31079 x31080                 1                    1636
  31116 x31117                 1                    1963
  31618 x31619                 1                    2251
  31693 x31694                 1                    1855
  31853 x31854                 1                    1429
  32097 x32098                 1                    1745
  32130 x32131                 1                    2900
  32235 x32236                 1                    2291
  32294 x32295                 1                    2124
  32742 x32743                 1                    1124
  33725 x33726                 1                    1605
  35411 x35412                 1                    1469
  35762 x35763                 1                    2301
  36293 x36294                 1                    2457
