Stopped on time - objective value 1204442.99999946
      1 x2                    17                       0
      2 x3                    16                       0
      3 x4                     4                       0
      4 x5                    13                       0
      5 x6                    25                       0
      6 x7                    32                       0
      7 x8                     9                       0
      8 x9                    30                       0
     10 x11                   51                       0
     11 x12                   40                       0
     12 x13                   11                       0
     13 x14                   32                       0
     14 x15                    5                       0
     17 x18                   52                       0
     18 x19                   53                   -1400
     19 x20                    3                       0
     20 x21                   11                       0
     21 x22                   37                       0
     22 x23                   32                       0
     23 x24                   14                       0
     24 x25                   34                       0
     25 x26                   15                       0
     26 x27                    4                       0
     27 x28                    5                       0
     28 x29                   54                       0
     29 x30                   58                   -1137
     31 x32                   53                       0
     32 x33                    3                       0
     33 x34                    6                       0
     34 x35                   46                       0
     36 x37                   35                       0
     37 x38                   52                       0
     40 x41                    5                       0
     41 x42                   33                       0
     42 x43                    8                       0
     43 x44                   51                       0
     44 x45                   24                       0
     45 x46                   52                       0
     47 x48                   39                       0
     48 x49                   46                       0
     49 x50                   11                       0
     50 x51                    1                       0
     51 x52                   23                       0
     52 x53                   19                       0
     53 x54                   31                       0
     55 x56                   20                       0
     56 x57                   47                       0
     57 x58                   50                       0
     58 x59                   32                       0
     60 x61                   32                       0
     61 x62                    5                       0
     62 x63                   35                       0
     63 x64                    5                       0
     64 x65                   35                       0
     65 x66                   10                       0
     66 x67                   35                       0
     67 x68                    9                       0
     68 x69                   46                       0
     69 x70                   40                       0
     70 x71                   39                       0
     71 x72                   16                       0
     72 x73                   10                       0
     73 x74                   40                       0
     75 x76                   44                       0
     76 x77                    8                       0
     78 x79                   21                       0
     79 x80                   30                       0
     80 x81                    7                       0
     81 x82                   37                       0
     82 x83                   49                       0
     83 x84                   38                       0
     84 x85                   37                       0
     86 x87                   36                       0
     87 x88                    6                       0
     88 x89                   35                       0
     89 x90                    5                       0
     90 x91                    6                       0
     91 x92                   54                       0
     92 x93                   37                       0
     93 x94                    7                       0
     94 x95                    7                       0
     95 x96                   37                       0
     96 x97                   30                       0
     98 x99                    8                       0
     99 x100                  38                       0
    100 x101                  30                       0
    103 x104                  30                       0
    104 x105                  47                       0
    105 x106                  18                       0
    106 x107                  48                       0
    108 x109                   6                   -1299
    109 x110                  43                       0
    110 x111                  12                       0
    111 x112                  16                       0
    112 x113                   4                    -929
    113 x114                  21                       0
    115 x116                  29                       0
    117 x118                   2                       0
    119 x120                  36                       0
    120 x121                  31                       0
    121 x122                  33                       0
    122 x123                  10                       0
    123 x124                   1                       0
    124 x125                  30                       0
    125 x126                  11                       0
    129 x130                  27                       0
    130 x131                  23                       0
    131 x132                  52                       0
    132 x133                  33                       0
    133 x134                  22                       0
    134 x135                  32                       0
    135 x136                  26                       0
    136 x137                  52                   -2640
    137 x138                  47                       0
    138 x139                  27                       0
    139 x140                  46                       0
    141 x142                  47                       0
    142 x143                  35                       0
    143 x144                  23                       0
    144 x145                  29                       0
    145 x146                   8                       0
    146 x147                   3                       0
    147 x148                  29                       0
    149 x150                  29                       0
    150 x151                   4                       0
    151 x152                   3                       0
    152 x153                  18                       0
    153 x154                   5                       0
    154 x155                  32                       0
    155 x156                  53                    -344
    157 x158                  51                       0
    158 x159                  48                       0
    159 x160                  30                       0
    160 x161                  29                       0
    162 x163                  25                       0
    164 x165                  19                       0
    165 x166                  54                       0
    167 x168                  38                       0
    169 x170                   6                       0
    170 x171                  39                       0
    171 x172                  38                       0
    172 x173                  34                       0
    173 x174                   3                       0
    174 x175                   3                       0
    175 x176                   9                       0
    176 x177                  29                       0
    178 x179                  24                       0
    179 x180                  39                       0
    182 x183                  29                       0
    183 x184                   1                       0
    184 x185                   7                       0
    187 x188                  38                       0
    188 x189                  13                       0
    190 x191                   9                       0
    192 x193                  15                       0
    193 x194                  38                       0
    194 x195                  42                       0
    195 x196                  12                       0
    196 x197                  15                       0
    197 x198                   3                       0
    199 x200                  31                       0
    200 x201                  25                       0
    202 x203                  10                       0
    203 x204                  25                       0
    204 x205                  49                       0
    207 x208                  47                       0
    208 x209                  53                    -657
    210 x211                  18                       0
    211 x212                  15                       0
    212 x213                  41                       0
    213 x214                  16                       0
    214 x215                  30                       0
    217 x218                  14                       0
    218 x219                  42                       0
    219 x220                  40                       0
    220 x221                   9                       0
    221 x222                   4                    -124
    222 x223                  13                       0
    223 x224                  12                       0
    224 x225                  43                       0
    225 x226                  11          -1.1368684e-13
    226 x227                  41                       0
    227 x228                  31                       0
    228 x229                  30                       0
    229 x230                   1                       0
    230 x231                  27                       0
    232 x233                   8                       0
    233 x234                   1                       0
    235 x236                  31                       0
    237 x238                  38           2.2737368e-13
    239 x240                   2                       0
    240 x241                  57                       0
    241 x242                  27                       0
    244 x245                  53                     -72
    245 x246                  52                       0
    247 x248                   4                       0
    248 x249                  27                       0
    249 x250                  56                       0
    250 x251                  30                       0
    251 x252                   3                       0
    252 x253                  38                       0
    253 x254                  41                       0
    254 x255                  26                       0
    255 x256                   4                    -957
    256 x257                   6                       0
    257 x258                  34                       0
    258 x259                   4                       0
    259 x260                  25                       0
    260 x261                   3                       0
    261 x262                  29                       0
    262 x263                  24                       0
    263 x264                  25                       0
    266 x267                  35                       0
    267 x268                  25                       0
    268 x269                  55                       0
    269 x270                  25                       0
    270 x271                  28                       0
    271 x272                   1                       0
    273 x274                  36                       0
    276 x277                   7                       0
    277 x278                   7                       0
    278 x279                  37                       0
    279 x280                   6                       0
    280 x281                  27                       0
    281 x282                   6                       0
    283 x284                  36                       0
    284 x285                   6                       0
    285 x286                   4                   -2033
    286 x287                  33                       0
    288 x289                   3                       0
    289 x290                   7                       0
    291 x292                  20                       0
    292 x293                  45                       0
    293 x294                  32                       0
    294 x295                  22                       0
    295 x296                  32                       0
    298 x299                  15                       0
    300 x301                  57                       0
    301 x302                  30                       0
    302 x303                   3                       0
    303 x304                   3                       0
    305 x306                  33                       0
    308 x309                  30                       0
    310 x311                  41                       0
    312 x313                  10                       0
    313 x314                  56                       0
    314 x315                  24                       0
    316 x317                  33                       0
    317 x318                  14                       0
    318 x319                   3                       0
    319 x320                   4                       0
    320 x321                   1                       0
    321 x322                   2                       0
    322 x323                  25                       0
    323 x324                   3                       0
    324 x325                   4                       0
    326 x327                   2                       0
    327 x328                  33                       0
    328 x329                  22                       0
    329 x330                   3                       0
    330 x331                   1                       0
    332 x333                  33                       0
    333 x334                   4                   -1253
    335 x336                  48                       0
    337 x338                  18                       0
    338 x339                  11                       0
    339 x340                  32                       0
    340 x341                  21                       0
    341 x342                  38                       0
    344 x345                  37                       0
    347 x348                  31                       0
    348 x349                  12                       0
    349 x350                   1                       0
    350 x351                   2                       0
    351 x352                   1                       0
    352 x353                  28                       0
    353 x354                  47                       0
    354 x355                   4                     -12
    355 x356                  16                       0
    356 x357                  37                       0
    358 x359                  51                       0
    359 x360                  29                       0
    360 x361                  33                       0
    361 x362                  36                       0
    362 x363                   2                       0
    363 x364                  34                       0
    364 x365                  38                       0
    365 x366                  31                       0
    366 x367                  12                       0
    367 x368                   4                       0
    369 x370                   3                       0
    371 x372                   4                   -1395
    372 x373                  54                       0
    374 x375                  29                       0
    376 x377                  11                       0
    377 x378                  36                       0
    378 x379                  20                       0
    379 x380                  44                       0
    380 x381                  45                       0
    383 x384                   1                   30000
    385 x386                   1                       0
    387 x388                   1                       0
    388 x389                   1                       0
    389 x390                   2                   47340
    390 x391                   1                       0
    391 x392                   1                   84000
    396 x397                   1                   60000
    397 x398                   1                   21360
    398 x399                   1                   15600
    399 x400                   1                   16200
    400 x401                   1                   10020
    404 x405                   1                    9600
    405 x406                   1                       0
    406 x407                   1                   60000
    407 x408                   2                    4560
    408 x409                   3                       0
    409 x410                   2                   35460
    410 x411                   1                       0
    411 x412                   1                       0
    412 x413                   1                   43140
    413 x414                   1                    5520
    414 x415                   1                    4560
    415 x416                   1                    4260
    416 x417                   1                       0
    417 x418                   2                       0
    419 x420                   1                   30000
    420 x421                   1                   30000
    421 x422                   1                   60000
    422 x423                   1                       0
    423 x424                   1                       0
    424 x425                   2                       0
    425 x426                   2                   10920
    431 x432                   1                       0
    434 x435                   1                       0
    435 x436                   1                   19860
    437 x438                   1                   39000
    438 x439                   1                       0
    439 x440                   1                       0
    440 x441                   1                   15000
    441 x442                   1                       0
    443 x444                   1                   57240
    446 x447                   1                    4560
    447 x448                   1                       0
    454 x455                   1                       0
    455 x456                   2                    6660
    456 x457                   1                  -77640
    457 x458                   1                  -30120
    458 x459                   1                    5100
    459 x460                   1                    6420
    460 x461                   1                   22260
    461 x462                   1                    6240
    463 x464                   1                       0
    465 x466                   1                   31200
    466 x467                   1                  115800
    469 x470                   1                 -174180
    470 x471                   1                   28440
    473 x474                   1                   54540
    474 x475                   1                       0
    479 x480                   1                    1080
    481 x482                   1                    4860
    482 x483                   1                       0
    483 x484                   1                       0
    484 x485                   1                   60000
    485 x486                   1                       0
    486 x487                   3                       0
    487 x488                   3                  158400
    488 x489                   3                       0
    489 x490                   1                    5640
    490 x491                   2                 -120720
    491 x492                   1                       0
    492 x493                   2                   29400
    493 x494                   2                   27840
    494 x495                   2                   66000
    495 x496                   1                   11100
    496 x497                   1                  -21000
    497 x498                   1                       0
    499 x500                   1                       0
    500 x501                   1                       0
    501 x502                   2                   20640
    503 x504                   1                    8700
    504 x505                   1                    5760
    508 x509                   1                   30000
    509 x510                   1                       0
    510 x511                   2                   -7140
    513 x514                   1                   29340
    514 x515                   1                   60000
    517 x518                   1                       0
    519 x520                   1                   13020
    520 x521                   2                       0
    521 x522                   1                   17040
    522 x523                   1                   60000
    524 x525                   2                   24420
    527 x528                   1                   20220
    528 x529                   1                       0
    529 x530                   1                       0
    531 x532                   1                   12480
    533 x534                   2                    8880
    534 x535                   1                    7500
    535 x536                   1                   13320
    539 x540                   2                   42360
    540 x541                   1                       0
    541 x542                   1                   39420
    542 x543                   1                   30000
    544 x545                   1                    9300
    545 x546                   1                    8220
    548 x549                   2                   52500
    550 x551                   2                    7500
    551 x552                   2                   60000
    552 x553                   1                   20000
    553 x554                   1                   20000
    554 x555                   2                   20000
    555 x556                   2                       0
    556 x557                   1                   20000
    557 x558                   1                   20000
    558 x559                   1                   20000
    561 x562                   1                   20000
    563 x564                   1                   55620
    564 x565                   1                    4380
    565 x566                   1                       0
    566 x567                   1                       0
    567 x568                   1                   60060
    568 x569                   1                   59940
    572 x573                   2                   60060
    573 x574                   2                    7680
    574 x575                   2                    9540
    575 x576                   3                    6960
    576 x577                   2                       0
    577 x578                   2                       0
    578 x579                   1                   30000
    579 x580                   3                       0
    580 x581                   1                  117480
    581 x582                   2                   11580
    582 x583                   2                   42180
    583 x584                   2                   17580
    587 x588                   2                   11280
    588 x589                   1                 -105060
    589 x590                   1                  -80640
    590 x591                   1                       0
    591 x592                   2                    8940
    592 x593                   3                    9060
    593 x594                   3                   11760
    594 x595                   1                       0
    595 x596                   1                   60060
    596 x597                   1                   13380
    598 x599                   1                  -41040
    599 x600                   1                    9540
    601 x602                   1                       0
    603 x604                   2                   42480
    604 x605                   1                       0
    605 x606                   1                       0
    606 x607                   2                  182040
    607 x608                   1                    7800
    608 x609                   2                 -148560
    609 x610                   1                    8820
    610 x611                   2                   11580
    612 x613                   1                   12720
    613 x614                   2                    8160
    616 x617                   1                       0
    617 x618                   2                   27300
    618 x619                   1                   60000
    619 x620                   1                    8520
    620 x621                   1                   43500
    621 x622                   2                   29940
    622 x623                   1                    5280
    623 x624                   1                       0
    626 x627                   1                   60000
    627 x628                   1                       0
    633 x634                   1                       0
    635 x636                   1                       0
    636 x637                   1                    9240
    638 x639                   3                  -75240
    639 x640                   1                       0
    641 x642                   3                   30000
    642 x643                   3                   30000
    643 x644                   1                       0
    646 x647                   4                       0
    652 x653                   2                   60060
    653 x654                   1                       0
    654 x655                   1                       0
    655 x656                   2                   60780
    657 x658                   1                    5700
    658 x659                   2                  -48960
    659 x660                   1                    4500
    661 x662                   1                       0
    664 x665                   1                       0
    666 x667                   2                   60060
    667 x668                   2                  143760
    668 x669                   1                       0
    669 x670                   1                   60000
    670 x671                   1                   60000
    671 x672                   1                       0
    672 x673                   1                   30000
    673 x674                   1                       0
    674 x675                   1                       0
