Stopped on time - objective value -3938.06817840
      0 C0000001               1                     -10
      1 C0000002               1                     -10
      2 C0000003               1                     -10
      3 C0000004               1                     -10
      4 C0000005               1                     -10
      5 C0000006               1                     -10
      6 C0000007               1                     -10
      7 C0000008               1                     -10
      8 C0000009               1                     -10
      9 C0000010               1                     -10
     10 C0000011               1                     -10
     11 C0000012               1                     -10
     12 C0000013               1                     -10
     13 C0000014               1                     -10
     14 C0000015               1                     -10
     15 C0000016               1                     -10
     16 C0000017               1                     -10
     17 C0000018               1                     -10
     18 C0000019               1                     -10
     19 C0000020               1                     -10
     20 C0000021               1                     -10
     21 C0000022               1                     -10
     22 C0000023               1                     -10
     23 C0000024               1                     -10
     24 C0000025               1                     -10
     25 C0000026               1                     -10
     26 C0000027               1                     -10
     27 C0000028               1                     -10
     28 C0000029               1                     -10
     29 C0000030               1                     -10
     30 C0000031               1                     -10
     31 C0000032               1                     -10
     32 C0000033               1                     -10
     33 C0000034               1                     -10
     34 C0000035               1                     -10
     35 C0000036               1                     -10
     36 C0000037               1                     -10
     37 C0000038               1                     -10
     38 C0000039               1                     -10
     39 C0000040               1                     -10
     40 C0000041               1                       1
    361 C0000362               1                     -10
    363 C0000364               1                     -10
    365 C0000366               1                     -10
    367 C0000368               1                     -10
    369 C0000370               1                     -10
    370 C0000371               1                     -10
    371 C0000372               1                     -10
    372 C0000373               1                     -10
    373 C0000374               1                     -10
    374 C0000375               1                     -10
    375 C0000376               1                     -10
    376 C0000377               1                     -10
    377 C0000378               1                     -10
    379 C0000380               1                     -10
    380 C0000381               1                     -10
    381 C0000382               1                     -10
    382 C0000383               1                     -10
    383 C0000384               1                     -10
    384 C0000385               1                     -10
    385 C0000386               1                     -10
    386 C0000387               1                     -10
    387 C0000388               1                     -10
    388 C0000389               1                     -10
    389 C0000390               1                     -10
    390 C0000391               1                     -10
    391 C0000392               1                       1
    433 C0000434               1                      65
    450 C0000451               1              -600.32051
    451 C0000452               1              -600.45455
    467 C0000468               1              -600.45455
    472 C0000473               1              -600.45455
    483 C0000484               1              -600.45455
    487 C0000488               1                      40
    490 C0000491               1              -600.32051
    491 C0000492               1              -600.45455
    498 C0000499               1              -600.45455
    630 C0000631               1                     -10
    631 C0000632               1                     -10
    632 C0000633               1                     -10
    633 C0000634               1                     -10
    634 C0000635               1                     -10
    635 C0000636               1                     -10
    636 C0000637               1                     -10
    637 C0000638               1                     -10
    638 C0000639               1                     -10
    639 C0000640               1                     -10
    640 C0000641               1                     -10
    641 C0000642               1                     -10
    642 C0000643               1                     -10
    643 C0000644               1                     -10
    644 C0000645               1                     -10
    645 C0000646               1                     -10
    646 C0000647               1                     -10
    647 C0000648               1                     -10
    648 C0000649               1                     -10
    649 C0000650               1                     -10
    650 C0000651               1                     -10
    651 C0000652               1                     -10
    652 C0000653               1                     -10
    653 C0000654               1                     -10
    654 C0000655               1                     -10
    655 C0000656               1                     -10
    656 C0000657               1                     -10
    657 C0000658               1                     -10
    658 C0000659               1                     -10
    659 C0000660               1                     -10
    660 C0000661               1                     -10
    661 C0000662               1                     -10
    662 C0000663               1                     -10
    663 C0000664               1                     -10
    664 C0000665               1                     -10
    665 C0000666               1                     -10
    666 C0000667               1                     -10
    667 C0000668               1                     -10
    668 C0000669               1                     -10
    669 C0000670               1                     -10
    670 C0000671               1                     -10
    671 C0000672               1                     -10
    672 C0000673               1                     -10
    673 C0000674               1                     -10
    674 C0000675               1                     -10
    675 C0000676               1                     -10
    676 C0000677               1                     -10
    677 C0000678               1                     -10
    678 C0000679               1                     -10
    679 C0000680               1                     -10
    680 C0000681               1                     -10
    681 C0000682               1                     -10
    682 C0000683               1                     -10
    683 C0000684               1                     -10
    684 C0000685               1                     -10
    685 C0000686               1                     -10
    686 C0000687               1                     -10
    687 C0000688               1                     -10
    688 C0000689               1                     -10
    689 C0000690               1                       1
   1084 C0001085               1              -600.59524
   1085 C0001086               1              -600.83333
   1099 C0001100               1                      65
   1101 C0001102               1              -600.83333
   1106 C0001107               1              -600.59524
   1107 C0001108               1              -600.83333
   1119 C0001120               1              -600.59524
   1120 C0001121               1              -600.83333
   1128 C0001129               1              -600.83333
   1140 C0001141               1              -600.59524
   1141 C0001142               1              -600.83333
   1148 C0001149               1              -600.83333
   1162 C0001163               1              -600.83333
   1307 C0001308               1                     -10
   1308 C0001309               1                     -10
   1309 C0001310               1                     -10
   1310 C0001311               1                     -10
   1311 C0001312               1                     -10
   1312 C0001313               1                     -10
   1313 C0001314               1                     -10
   1314 C0001315               1                     -10
   1315 C0001316               1                     -10
   1316 C0001317               1                     -10
   1317 C0001318               1                     -10
   1318 C0001319               1                     -10
   1319 C0001320               1                     -10
   1320 C0001321               1                     -10
   1321 C0001322               1                     -10
   1322 C0001323               1                     -10
   1323 C0001324               1                     -10
   1324 C0001325               1                     -10
   1325 C0001326               1                     -10
   1326 C0001327               1                     -10
   1327 C0001328               1                     -10
   1328 C0001329               1                     -10
   1329 C0001330               1                     -10
   1330 C0001331               1                     -10
   1331 C0001332               1                     -10
   1332 C0001333               1                     -10
   1333 C0001334               1                     -10
   1334 C0001335               1                     -10
   1335 C0001336               1                     -10
   1336 C0001337               1                     -10
   1337 C0001338               1                     -10
   1338 C0001339               1                     -10
   1339 C0001340               1                     -10
   1340 C0001341               1                     -10
   1341 C0001342               1                     -10
   1342 C0001343               1                     -10
   1343 C0001344               1                     -10
   1344 C0001345               1                     -10
   1345 C0001346               1                     -10
   1346 C0001347               1                     -10
   1347 C0001348               1                     -10
   1348 C0001349               1                     -10
   1349 C0001350               1                     -10
   1350 C0001351               1                     -10
   1351 C0001352               1                     -10
   1352 C0001353               1                     -10
   1353 C0001354               1                     -10
   1354 C0001355               1                     -10
   1355 C0001356               1                     -10
   1356 C0001357               1                     -10
   1357 C0001358               1                     -10
   1358 C0001359               1                     -10
   1359 C0001360               1                     -10
   1360 C0001361               1                     -10
   1361 C0001362               1                       1
   1418 C0001419               1                      55
   1483 C0001484               1                     -10
   1484 C0001485               1                     -10
   1485 C0001486               1                     -10
   1486 C0001487               1                     -10
   1487 C0001488               1                     -10
   1488 C0001489               1                     -10
   1489 C0001490               1                     -10
   1490 C0001491               1                     -10
   1491 C0001492               1                     -10
   1492 C0001493               1                     -10
   1493 C0001494               1                     -10
   1494 C0001495               1                     -10
   1495 C0001496               1                     -10
   1496 C0001497               1                     -10
   1497 C0001498               1                     -10
   1498 C0001499               1                     -10
   1499 C0001500               1                     -10
   1500 C0001501               1                     -10
   1501 C0001502               1                     -10
   1502 C0001503               1                     -10
   1503 C0001504               1                     -10
   1504 C0001505               1                     -10
   1505 C0001506               1                     -10
   1506 C0001507               1                     -10
   1507 C0001508               1                     -10
   1508 C0001509               1                     -10
   1509 C0001510               1                     -10
   1510 C0001511               1                     -10
   1511 C0001512               1                     -10
   1512 C0001513               1                     -10
   1513 C0001514               1                     -10
   1514 C0001515               1                     -10
   1515 C0001516               1                     -10
   1516 C0001517               1                     -10
   1517 C0001518               1                     -10
   1518 C0001519               1                     -10
   1519 C0001520               1                     -10
   1520 C0001521               1                     -10
   1521 C0001522               1                     -10
   1522 C0001523               1                     -10
   1523 C0001524               1                     -10
   1524 C0001525               1                     -10
   1525 C0001526               1                     -10
   1526 C0001527               1                     -10
   1527 C0001528               1                     -10
   1528 C0001529               1                     -10
   1529 C0001530               1                     -10
   1530 C0001531               1                     -10
   1531 C0001532               1                     -10
   1532 C0001533               1                     -10
   1533 C0001534               1                     -10
   1534 C0001535               1                     -10
   1535 C0001536               1                     -10
   1536 C0001537               1                       1
   2424 C0002425               1                      65
   2921 C0002922               1                     -10
   2922 C0002923               1                     -10
   2923 C0002924               1                     -10
   2924 C0002925               1                     -10
   2925 C0002926               1                     -10
   2926 C0002927               1                     -10
   2927 C0002928               1                     -10
   2928 C0002929               1                     -10
   2929 C0002930               1                     -10
   2930 C0002931               1                     -10
   2931 C0002932               1                     -10
   2932 C0002933               1                     -10
   2933 C0002934               1                     -10
   2934 C0002935               1                     -10
   2935 C0002936               1                     -10
   2936 C0002937               1                     -10
   2937 C0002938               1                     -10
   2938 C0002939               1                     -10
   2939 C0002940               1                     -10
   2940 C0002941               1                     -10
   2941 C0002942               1                     -10
   2942 C0002943               1                     -10
   2943 C0002944               1                     -10
   2944 C0002945               1                     -10
   2945 C0002946               1                     -10
   2946 C0002947               1                     -10
   2947 C0002948               1                     -10
   2948 C0002949               1                     -10
   2949 C0002950               1                     -10
   2950 C0002951               1                     -10
   2951 C0002952               1                     -10
   2952 C0002953               1                     -10
   2953 C0002954               1                     -10
   2954 C0002955               1                     -10
   2955 C0002956               1                     -10
   2956 C0002957               1                     -10
   2957 C0002958               1                     -10
   2958 C0002959               1                     -10
   2959 C0002960               1                     -10
   2960 C0002961               1                     -10
   2961 C0002962               1                     -10
   2962 C0002963               1                     -10
   2963 C0002964               1                     -10
   2964 C0002965               1                     -10
   2965 C0002966               1                     -10
   2966 C0002967               1                     -10
   2967 C0002968               1                     -10
   2968 C0002969               1                     -10
   2969 C0002970               1                     -10
   2970 C0002971               1                     -10
   2971 C0002972               1                       1
   3039 C0003040               1              -600.52083
   3040 C0003041               1              -600.59524
   3041 C0003042               1              -600.71429
   3048 C0003049               1              -600.52083
   3064 C0003065               1              -600.52083
   3065 C0003066               1              -600.59524
   3070 C0003071               1              -600.52083
   3072 C0003073               1              -600.35714
   3073 C0003074               1              -600.71429
   3080 C0003081               1              -600.52083
   3081 C0003082               1              -600.59524
   3082 C0003083               1              -600.35714
   3095 C0003096               1              -600.52083
   3097 C0003098               1              -600.35714
   3099 C0003100               1                      55
   3105 C0003106               1              -600.71429
   3120 C0003121               1              -600.35714
   3121 C0003122               1              -600.71429
   3380 C0003381               1                     -10
   3381 C0003382               1                     -10
   3382 C0003383               1                     -10
   3383 C0003384               1                     -10
   3384 C0003385               1                     -10
   3385 C0003386               1                     -10
   3386 C0003387               1                     -10
   3387 C0003388               1                     -10
   3388 C0003389               1                     -10
   3389 C0003390               1                     -10
   3390 C0003391               1                     -10
   3391 C0003392               1                     -10
   3392 C0003393               1                     -10
   3393 C0003394               1                     -10
   3394 C0003395               1                     -10
   3395 C0003396               1                     -10
   3396 C0003397               1                     -10
   3397 C0003398               1                     -10
   3398 C0003399               1                     -10
   3399 C0003400               1                     -10
   3400 C0003401               1                     -10
   3401 C0003402               1                     -10
   3402 C0003403               1                     -10
   3403 C0003404               1                     -10
   3404 C0003405               1                     -10
   3405 C0003406               1                     -10
   3406 C0003407               1                     -10
   3407 C0003408               1                     -10
   3408 C0003409               1                     -10
   3409 C0003410               1                     -10
   3410 C0003411               1                     -10
   3411 C0003412               1                     -10
   3412 C0003413               1                     -10
   3413 C0003414               1                     -10
   3414 C0003415               1                     -10
   3415 C0003416               1                     -10
   3416 C0003417               1                     -10
   3417 C0003418               1                     -10
   3418 C0003419               1                     -10
   3419 C0003420               1                     -10
   3420 C0003421               1                     -10
   3421 C0003422               1                     -10
   3422 C0003423               1                     -10
   3423 C0003424               1                     -10
   3424 C0003425               1                     -10
   3425 C0003426               1                     -10
   3426 C0003427               1                     -10
   3427 C0003428               1                     -10
   3428 C0003429               1                       1
   3817 C0003818               1                      55
   3822 C0003823               1              -600.19231
   4508 C0004509               1                     -10
   4509 C0004510               1                     -10
   4510 C0004511               1                     -10
   4511 C0004512               1                     -10
   4512 C0004513               1                     -10
   4513 C0004514               1                     -10
   4514 C0004515               1                     -10
   4515 C0004516               1                     -10
   4516 C0004517               1                     -10
   4517 C0004518               1                     -10
   4518 C0004519               1                     -10
   4519 C0004520               1                     -10
   4520 C0004521               1                     -10
   4521 C0004522               1                     -10
   4522 C0004523               1                     -10
   4523 C0004524               1                     -10
   4524 C0004525               1                     -10
   4525 C0004526               1                     -10
   4526 C0004527               1                     -10
   4527 C0004528               1                     -10
   4528 C0004529               1                     -10
   4529 C0004530               1                     -10
   4530 C0004531               1                     -10
   4531 C0004532               1                     -10
   4532 C0004533               1                     -10
   4533 C0004534               1                     -10
   4534 C0004535               1                     -10
   4535 C0004536               1                     -10
   4536 C0004537               1                     -10
   4537 C0004538               1                     -10
   4538 C0004539               1                     -10
   4539 C0004540               1                     -10
   4540 C0004541               1                     -10
   4541 C0004542               1                     -10
   4542 C0004543               1                     -10
   4543 C0004544               1                     -10
   4544 C0004545               1                     -10
   4545 C0004546               1                     -10
   4546 C0004547               1                     -10
   4547 C0004548               1                     -10
   4548 C0004549               1                     -10
   4549 C0004550               1                     -10
   4550 C0004551               1                     -10
   4551 C0004552               1                     -10
   4552 C0004553               1                       1
   4887 C0004888               1              -600.20833
   4915 C0004916               1                      55
   5611 C0005612               1                     -10
   5612 C0005613               1                     -10
   5613 C0005614               1                     -10
   5614 C0005615               1                     -10
   5615 C0005616               1                     -10
   5616 C0005617               1                     -10
   5617 C0005618               1                     -10
   5618 C0005619               1                     -10
   5619 C0005620               1                     -10
   5620 C0005621               1                     -10
   5621 C0005622               1                     -10
   5622 C0005623               1                     -10
   5623 C0005624               1                     -10
   5624 C0005625               1                     -10
   5625 C0005626               1                     -10
   5626 C0005627               1                     -10
   5627 C0005628               1                     -10
   5628 C0005629               1                     -10
   5629 C0005630               1                     -10
   5630 C0005631               1                     -10
   5631 C0005632               1                     -10
   5632 C0005633               1                     -10
   5633 C0005634               1                     -10
   5634 C0005635               1                     -10
   5635 C0005636               1                     -10
   5636 C0005637               1                     -10
   5637 C0005638               1                     -10
   5638 C0005639               1                     -10
   5639 C0005640               1                     -10
   5640 C0005641               1                     -10
   5641 C0005642               1                     -10
   5642 C0005643               1                     -10
   5643 C0005644               1                     -10
   5644 C0005645               1                     -10
   5645 C0005646               1                     -10
   5646 C0005647               1                     -10
   5647 C0005648               1                     -10
   5648 C0005649               1                     -10
   5649 C0005650               1                     -10
   5650 C0005651               1                     -10
   5651 C0005652               1                       1
   6222 C0006223               1              -600.19231
   6223 C0006224               1              -600.20833
   6237 C0006238               1              -600.27778
   6396 C0006397               1              -600.20833
   6399 C0006400               1                      40
   6416 C0006417               1              -600.27778
   6426 C0006427               1              -600.19231
   6440 C0006441               1              -600.27778
   6521 C0006522               1              -600.27778
   6545 C0006546               1              -600.19231
   6567 C0006568               1              -600.27778
   6907 C0006908               1                     -10
   6908 C0006909               1                     -10
   6909 C0006910               1                     -10
   6910 C0006911               1                     -10
   6911 C0006912               1                     -10
   6912 C0006913               1                     -10
   6913 C0006914               1                     -10
   6914 C0006915               1                     -10
   6915 C0006916               1                     -10
   6916 C0006917               1                     -10
   6917 C0006918               1                     -10
   6918 C0006919               1                     -10
   6919 C0006920               1                       1
   6973 C0006974               1                     -10
   6975 C0006976               1                     -10
   6977 C0006978               1                     -10
   6979 C0006980               1                     -10
   6981 C0006982               1                     -10
   6983 C0006984               1                     -10
   6984 C0006985               1                     -10
   6985 C0006986               1                     -10
   6986 C0006987               1                     -10
   6990 C0006991               1                     -10
   6991 C0006992               1                     -10
   6992 C0006993               1                     -10
   6994 C0006995               1                     -10
   6996 C0006997               1                     -10
   6997 C0006998               1                     -10
   6998 C0006999               1                     -10
   6999 C0007000               1                     -10
   7000 C0007001               1                     -10
   7001 C0007002               1                     -10
   7002 C0007003               1                     -10
   7003 C0007004               1                     -10
   7004 C0007005               1                     -10
   7006 C0007007               1                     -10
   7007 C0007008               1                     -10
   7008 C0007009               1                     -10
   7009 C0007010               1                       1
   7303 C0007304               8                    5000
   7304 C0007305               1                      55
   7336 C0007337               1                      45
   7554 C0007555               1                     -10
   7555 C0007556               1                     -10
   7556 C0007557               1                     -10
   7557 C0007558               1                     -10
   7558 C0007559               1                     -10
   7559 C0007560               1                     -10
   7560 C0007561               1                     -10
   7561 C0007562               1                     -10
   7562 C0007563               1                     -10
   7563 C0007564               1                     -10
   7564 C0007565               1                     -10
   7565 C0007566               1                     -10
   7566 C0007567               1                     -10
   7567 C0007568               1                     -10
   7568 C0007569               1                     -10
   7569 C0007570               1                     -10
   7570 C0007571               1                     -10
   7571 C0007572               1                     -10
   7572 C0007573               1                     -10
   7573 C0007574               1                     -10
   7574 C0007575               1                     -10
   7575 C0007576               1                     -10
   7576 C0007577               1                     -10
   7577 C0007578               1                     -10
   7578 C0007579               1                     -10
   7579 C0007580               1                     -10
   7580 C0007581               1                     -10
   7581 C0007582               1                     -10
   7582 C0007583               1                     -10
   7583 C0007584               1                     -10
   7584 C0007585               1                     -10
   7585 C0007586               1                     -10
   7586 C0007587               1                     -10
   7587 C0007588               1                     -10
   7588 C0007589               1                     -10
   7589 C0007590               1                       1
   7762 C0007763               1                      40
   7857 C0007858               1                     -10
   7858 C0007859               1                     -10
   7859 C0007860               1                     -10
   7860 C0007861               1                     -10
   7861 C0007862               1                     -10
   7862 C0007863               1                     -10
   7863 C0007864               1                     -10
   7864 C0007865               1                     -10
   7865 C0007866               1                     -10
   7866 C0007867               1                     -10
   7867 C0007868               1                     -10
   7868 C0007869               1                     -10
   7869 C0007870               1                     -10
   7870 C0007871               1                     -10
   7871 C0007872               1                     -10
   7872 C0007873               1                     -10
   7873 C0007874               1                     -10
   7874 C0007875               1                     -10
   7875 C0007876               1                     -10
   7876 C0007877               1                     -10
   7877 C0007878               1                     -10
   7878 C0007879               1                     -10
   7879 C0007880               1                     -10
   7880 C0007881               1                     -10
   7881 C0007882               1                     -10
   7882 C0007883               1                     -10
   7883 C0007884               1                     -10
   7884 C0007885               1                     -10
   7885 C0007886               1                     -10
   7886 C0007887               1                     -10
   7887 C0007888               1                     -10
   7888 C0007889               1                     -10
   7889 C0007890               1                     -10
   7890 C0007891               1                     -10
   7891 C0007892               1                     -10
   7892 C0007893               1                       1
   8377 C0008378               1                      40
   9056 C0009057               1                     -10
   9057 C0009058               1                     -10
   9058 C0009059               1                     -10
   9059 C0009060               1                     -10
   9060 C0009061               1                     -10
   9061 C0009062               1                     -10
   9062 C0009063               1                     -10
   9063 C0009064               1                     -10
   9064 C0009065               1                     -10
   9065 C0009066               1                     -10
   9066 C0009067               1                     -10
   9067 C0009068               1                     -10
   9068 C0009069               1                     -10
   9069 C0009070               1                     -10
   9070 C0009071               1                     -10
   9071 C0009072               1                     -10
   9072 C0009073               1                     -10
   9073 C0009074               1                     -10
   9074 C0009075               1                     -10
   9075 C0009076               1                     -10
   9076 C0009077               1                     -10
   9077 C0009078               1                     -10
   9078 C0009079               1                     -10
   9079 C0009080               1                     -10
   9080 C0009081               1                     -10
   9081 C0009082               1                     -10
   9082 C0009083               1                     -10
   9083 C0009084               1                     -10
   9084 C0009085               1                     -10
   9085 C0009086               1                     -10
   9086 C0009087               1                     -10
   9087 C0009088               1                     -10
   9088 C0009089               1                     -10
   9089 C0009090               1                     -10
   9090 C0009091               1                       1
   9167 C0009168               1                      55
   9324 C0009325               1                     -10
   9325 C0009326               1                     -10
   9326 C0009327               1                     -10
   9327 C0009328               1                     -10
   9328 C0009329               1                     -10
   9329 C0009330               1                     -10
   9330 C0009331               1                     -10
   9331 C0009332               1                     -10
   9332 C0009333               1                     -10
   9333 C0009334               1                     -10
   9334 C0009335               1                     -10
   9335 C0009336               1                     -10
   9336 C0009337               1                     -10
   9337 C0009338               1                     -10
   9338 C0009339               1                     -10
   9339 C0009340               1                     -10
   9340 C0009341               1                     -10
   9341 C0009342               1                     -10
   9342 C0009343               1                     -10
   9343 C0009344               1                     -10
   9344 C0009345               1                     -10
   9345 C0009346               1                     -10
   9346 C0009347               1                     -10
   9347 C0009348               1                     -10
   9348 C0009349               1                     -10
   9349 C0009350               1                     -10
   9350 C0009351               1                     -10
   9351 C0009352               1                     -10
   9352 C0009353               1                     -10
   9353 C0009354               1                     -10
   9354 C0009355               1                     -10
   9355 C0009356               1                     -10
   9356 C0009357               1                     -10
   9357 C0009358               1                     -10
   9358 C0009359               1                       1
   9521 C0009522               1              -600.32051
   9533 C0009534               1                      65
   9546 C0009547               1              -600.45455
   9552 C0009553               1              -600.32051
   9566 C0009567               1              -600.32051
   9567 C0009568               1              -600.45455
   9700 C0009701               1                     -10
   9701 C0009702               1                     -10
   9702 C0009703               1                     -10
   9703 C0009704               1                     -10
   9704 C0009705               1                     -10
   9705 C0009706               1                     -10
   9706 C0009707               1                     -10
   9707 C0009708               1                     -10
   9708 C0009709               1                     -10
   9709 C0009710               1                     -10
   9710 C0009711               1                     -10
   9711 C0009712               1                     -10
   9712 C0009713               1                     -10
   9713 C0009714               1                     -10
   9714 C0009715               1                     -10
   9715 C0009716               1                     -10
   9716 C0009717               1                     -10
   9717 C0009718               1                     -10
   9718 C0009719               1                     -10
   9719 C0009720               1                     -10
   9720 C0009721               1                     -10
   9721 C0009722               1                     -10
   9722 C0009723               1                     -10
   9723 C0009724               1                     -10
   9724 C0009725               1                     -10
   9725 C0009726               1                     -10
   9726 C0009727               1                     -10
   9727 C0009728               1                     -10
   9728 C0009729               1                     -10
   9729 C0009730               1                     -10
   9730 C0009731               1                     -10
   9731 C0009732               1                     -10
   9732 C0009733               1                       1
   9837 C0009838               1              -600.59524
   9857 C0009858               1              -600.35714
   9862 C0009863               1                      45
   9871 C0009872               1              -600.59524
   9872 C0009873               1              -600.35714
   9885 C0009886               1              -600.59524
  10103 C0010104               1                     -10
  10104 C0010105               1                     -10
  10105 C0010106               1                     -10
  10106 C0010107               1                     -10
  10107 C0010108               1                     -10
  10108 C0010109               1                     -10
  10109 C0010110               1                     -10
  10110 C0010111               1                     -10
  10111 C0010112               1                     -10
  10112 C0010113               1                     -10
  10113 C0010114               1                     -10
  10114 C0010115               1                     -10
  10115 C0010116               1                     -10
  10116 C0010117               1                     -10
  10117 C0010118               1                     -10
  10118 C0010119               1                     -10
  10119 C0010120               1                     -10
  10120 C0010121               1                     -10
  10121 C0010122               1                     -10
  10122 C0010123               1                     -10
  10123 C0010124               1                     -10
  10124 C0010125               1                     -10
  10125 C0010126               1                       1
  10268 C0010269               1               -600.3125
  10269 C0010270               1              -600.26042
  10307 C0010308               1                      55
  10333 C0010334               1              -600.20833
  10339 C0010340               1               -600.3125
  10377 C0010378               1              -600.20833
  10384 C0010385              22                       0
  10400 C0010401              22                       0
  10412 C0010413              35                       0
  10428 C0010429              35                       0
  10445 C0010446              54                       0
  10450 C0010451              54                       0
  10458 C0010459              48                       0
  10474 C0010475              48                       0
  10489 C0010490              35                       0
  10499 C0010500              35                       0
  10518 C0010519              44                       0
  10539 C0010540              55                       0
  10548 C0010549              53                       0
  10575 C0010576              53                       0
  10603 C0010604              59                       0
  10616 C0010617              65                       0
  10648 C0010649              12                       0
  10653 C0010654              25                       0
  10684 C0010685              12                       0
  10689 C0010690              25                       0
  10704 C0010705              40                       0
  10713 C0010714              25                       0
  10715 C0010716              65                       0
  10724 C0010725              40                       0
  10731 C0010732              34                       0
  10742 C0010743              65                       0
  10756 C0010757              50                       0
  10767 C0010768              50                       0
  10774 C0010775              32                       0
  10782 C0010783              45                       0
  10803 C0010804              34                       0
  10821 C0010822              55                       0
  10846 C0010847              40                       0
  10900 C0010901              40                       0
