Stopped on time - objective value 5192053.00000000
      0 X1                     1                   31944
      2 X3                     1                   30902
      4 X5                     1                   30640
      7 X8                     1                   30659
      9 X10                    1                   30881
     11 X12                    1                   31665
     13 X14                    1                   31648
     15 X16                    1                   30863
     17 X18                    1                   31650
     20 X21                    1                   31634
     21 X22                    1                   30883
     23 X24                    1                   30887
     25 X26                    1                   30684
     27 X28                    1                   30891
     29 X30                    1                   30654
     31 X32                    1                   31100
     32 X33                    1                   30657
     35 X36                    1                   30648
     41 X42                    1                   30663
     42 X43                    1                   30630
     43 X44                    1                   30888
     47 X48                    1                   30672
     50 X51                    1                   30625
     51 X52                    1                   30669
     52 X53                    1                   30852
     55 X56                    1                   31654
     56 X57                    1                   31889
     57 X58                    1                   31636
     59 X60                    1                   30667
     60 X61                    1                   30647
     61 X62                    1                   30883
     62 X63                    1                   30661
     63 X64                    1                   30657
     64 X65                    1                   31673
     66 X67                    1                   32147
     67 X68                    1                   30873
     68 X69                    1                   30663
     69 X70                    1                   30671
     71 X72                    1                   31673
     72 X73                    1                   30631
     75 X76                    1                   30904
     76 X77                    1                   30614
     77 X78                    1                   30666
     81 X82                    1                   31668
     82 X83                    1                   30627
     84 X85                    1                   31661
     85 X86                    1                   31631
     88 X89                    1                   30669
     90 X91                    1                   32160
     92 X93                    1                   31896
     93 X94                    1                   30585
     94 X95                    1                   30667
     96 X97                    1                   32388
     97 X98                    1                   30612
     98 X99                    1                   31667
    100 X101                   1                   31668
    101 X102                   1                   30612
    103 X104                   1                   31627
    104 X105                   1                   31882
    107 X108                   1                   31784
    108 X109                   1                   30682
    111 X112                   1                   31638
    112 X113                   1                   32145
    114 X115                   1                   32133
    117 X118                   1                   30641
    118 X119                   1                   31930
    120 X121                   1                   31641
    121 X122                   1                   30668
    123 X124                   1                   31674
    125 X126                   1                   30668
    126 X127                   1                   31640
    127 X128                   1                   31648
    130 X131                   1                   31909
    133 X134                   1                   30607
    134 X135                   1                   30896
    136 X137                   1                   31875
    150 X151                   1                   34573
    151 X152                   1                   30806
    152 X153                   1                   35575
    153 X154                   1                   30852
    156 X157                   1                   30903
    157 X158                   1                   30893
    158 X159                   1                   31938
    161 X162                   1                   30561
    162 X163                   1                   30786
    164 X165                   1                   31975
    165 X166                   1                   30787
    166 X168                   1                   30619
    199 X218                   1                   30578
    202 X226                   1                   31811
    242 X289                   1                   30664
    277 X336                   1                   31676
    291 X357                   1                   30658
    342 X458                   1                   30629
    384 X774                   1                   30667
    535 X2065                  1                   30800
    588 X2555                  1                   30858
    740 X14166                 1                   30784
    741 X14167                 1                   30639
    743 X14172                 1                   32094
    751 X14182                 1                   30617
    770 X14209                 1                   30661
    802 X14245                 1                   32124
    923 X14397                 1                   31857
    984 X14467                 1                   32135
   1018 X14530                 1                   30654
   1028 X14545                 1                   30574
   1085 X14675                 1                   32701
   1098 X14699                 1                   30887
   1111 X14738                 1                   30655
   1135 X14794                 1                   31585
   1144 X14817                 1                   31884
   1305 X15185                 1                   31669
   1345 X15249                 1                   30632
   1520 X15592                 1                   32139
   1578 X15693                 1                   32137
   1605 X15741                 1                   30646
   1632 X15823                 1                   30881
   1888 X16321                 1                   32798
   1991 X27707                 1                   30874
   2002 X27736                 1                   30846
   2030 X27779                 1                   30621
   2120 X27915                 1                   30611
   2154 X27962                 1                   31625
   2164 X27973                 1                   30636
   2165 X27974                 1                   30825
   2225 X28111                 1                   30630
   2227 X28115                 1                   30673
   2296 X28185                 1                   32141
   2309 X28206                 1                   31785
   2381 X28332                 1                   32910
   2387 X28347                 1                   30859
   2409 X28396                 1                   31899
   2414 X28401                 1                   32121
   2415 X28402                 1                   31681
   2540 X30772                 1                   31623
   2608 X37498                 1                   30862
   2628 X37519                 1                   30820
   2651 X37551                 1                   31600
   2665 X37571                 1                   31062
   2693 X37613                 1                   30637
   2706 X37635                 1                   31666
   2715 X37648                 1                   32147
   3015 X45835                 1                   31611
   3119 X46002                 1                   32130
   3127 X46012                 1                   30561
   3129 X46018                 1                   31637
   3386 X51504                 1                   30624
   3444 X51595                 1                   31878
   3832 X53100                 1                   30674
   4209 X55285                 1                   32338
   5224 X60106                 1                   30587
   5419 X61491                 1                   30872
   5434 X61529                 1                   30576
   5451 X61561                 1                   32127
   5467 X61578                 1                   31784
   5479 X61592                 1                   31116
   5539 X61684                 1                   32664
   5729 X62174                 1                   31657
   5768 X62239                 1                   32157
   5783 X62254                 1                   31664
   5785 X62256                 1                   30610
   5849 X62504                 1                   31133
   5907 X63031                 1                   31295
   5998 X63511                 1                   31887
   6304 X64543                 1                   30658
