Stopped on time - objective value 30185486.00000000
     12 id13                   1                  600000
     13 id14                   1                  600000
     14 id15                   1                  600000
     18 id19                   1                  600000
     20 id21                   1                  600000
     22 id23                   1                  600000
     23 id24                   1                  600000
     24 id25                   1                 1400000
     25 id26                   1                 1400000
     32 id33                   1                  139676
     49 id44                   1                  138735
     68 id57                   1                  142162
     86 id69                   1                  139179
    102 id79                   1                  140333
    126 id97                   1                  140193
    140 id105                  1                  143773
    156 id115                  1                  139043
    174 id127                  1                  139601
    192 id139                  1                  139199
    211 id152                  1                  140495
    234 id169                  1                  138901
    248 id177                  1                  142424
    265 id188                  1                  138681
    284 id201                  1                  140378
    302 id213                  1                  141302
    320 id225                  1                  141369
    336 id235                  1                  140147
    354 id247                  1                  139896
    372 id259                  1                  141198
    396 id277                  1                  140662
    410 id285                  1                  138202
    434 id303                  1                  140051
    444 id307                  1                  140335
    464 id321                  1                  141035
    481 id332                  1                  138954
    500 id345                  1                  139732
    518 id357                  1                  140044
    535 id368                  1                  139952
    552 id379                  1                  139928
    578 id399                  1                  138717
    594 id409                  1                  138909
    612 id421                  1                  140355
    626 id429                  1                  138248
    643 id440                  1                  139882
    668 id459                  1                  140890
    678 id463                  1                  139789
    707 id486                  1                  142417
    722 id495                  1                  140216
    743 id510                  1                  142340
    752 id513                  1                  140619
    769 id524                  1                  139579
    788 id537                  1                  139749
    815 id558                  1                  142306
    822 id559                  1                  139252
    840 id571                  1                  140077
    869 id594                  1                  140798
    882 id601                  1                  140006
    896 id609                  1                  142005
    920 id627                  1                  138714
    930 id631                  1                  140140
    949 id644                  1                  138652
    974 id663                  1                  142865
    995 id678                  1                  139788
   1002 id679                  1                  140379
   1028 id699                  1                  138712
   1049 id714                  1                  140602
   1058 id717                  1                  140296
   1074 id727                  1                  140290
   1092 id739                  1                  140271
   1120 id761                  1                  138869
   1136 id771                  1                  139985
   1156 id785                  1                  139682
   1164 id787                  1                  142325
   1192 id809                  1                  144622
   1211 id822                  1                  140620
   1229 id834                  1                  138771
   1246 id845                  1                  140202
   1264 id857                  1                  144714
   1280 id867                  1                  141411
   1292 id873                  1                  140990
   1309 id884                  1                  140070
   1336 id905                  1                  138904
   1354 id917                  1                  139969
   1373 id930                  1                  139941
   1388 id939                  1                  140529
   1408 id953                  1                  140024
   1422 id961                  1                  141585
   1436 id969                  1                  140756
   1463 id990                  1                  141235
   1481 id1002                 1                  140051
   1499 id1014                 1                  139859
   1508 id1017                 1                  139923
   1525 id1028                 1                  140126
   1542 id1039                 1                  142307
   1560 id1051                 1                  142624
   1584 id1069                 1                  141067
   1607 id1086                 1                  140403
   1622 id1095                 1                  140246
   1634 id1101                 1                  139747
   1656 id1117                 1                  139630
   1679 id1134                 1                  144151
   1696 id1145                 1                  138702
   1710 id1153                 1                  139558
   1730 id1167                 1                  140666
   1741 id1172                 1                  139910
   1758 id1183                 1                  141132
   1778 id1197                 1                  142800
   1795 id1208                 1                  139825
   1812 id1219                 1                  144054
   1831 id1232                 1                  140974
   1850 id1245                 1                  139935
   1874 id1263                 1                  139732
   1894 id1277                 1                  145150
   1908 id1285                 1                  140152
   1926 id1297                 1                  143735
   1939 id1304                 1                  143251
   1962 id1321                 1                  141484
   1982 id1335                 1                  139406
   2003 id1350                 1                  144117
   2018 id1359                 1                  141685
   2029 id1364                 1                  143528
   2047 id1376                 1                  143531
   2075 id1398                 1                  140415
   2090 id1407                 1                  140992
   2106 id1417                 1                  145504
   2124 id1429                 1                  144629
   2142 id1441                 1                  141096
   2160 id1453                 1                  142229
   2183 id1470                 1                  144217
   2198 id1479                 1                  143451
   2219 id1494                 1                  141557
   2234 id1503                 1                  142366
   2254 id1517                 1                  141700
   2268 id1525                 1                  141864
   2280 id1531                 1                  146451
   2306 id1551                 1                  141248
   2317 id1556                 1                  142676
   2342 id1575                 1                  142179
   2358 id1585                 1                  143242
   2371 id1592                 1                  144770
   2398 id1613                 1                  139815
   2407 id1616                 1                  146095
   2434 id1637                 1                  142182
   2443 id1640                 1                  145635
   2471 id1662                 1                  142520
   2489 id1674                 1                  142606
   2504 id1683                 1                  143158
   2524 id1697                 1                  140978
   2532 id1699                 1                  146111
   2556 id1717                 1                  144966
   2574 id1729                 1                  141596
   2587 id1736                 1                  145805
   2605 id1748                 1                  142467
   2630 id1767                 1                  143160
   2650 id1781                 1                  145485
   2664 id1789                 1                  142379
   2682 id1801                 1                  144277
   2705 id1818                 1                  144242
   2720 id1827                 1                  139792
   2731 id2738                 7                   40396
   2737 id2756                 7                   38994
   2742 id2773                 7                   43606
   2767 id2846                 7                   40506
   2778 id2881                 7                   44956
   2790 id2917                 6                   40747
   2796 id2935                 7                   42405
   2802 id2947                 1                       0
   2816 id2732                 1                       0
   2822 id2750                 1                       0
   2827 id2767                 1                       0
   2852 id2840                 1                       0
   2863 id2875                 1                       0
   2872 id2911                 1                       0
   2877 id2929                 1                       0
   2883 id2779               600                       0
   2889 id2887               600                       0
   2891 id2923               556                       0
   2892 id2941               600                       0
   2893 id2744               600                       0
   2894 id2762               600                       0
   2899 id2852               600                       0
