atlanta-ip;cgl;0;0;81.2431988513;32.57;0;0;0.00
MaxSz: 45 QntRows: 15385
atlanta-ip;cgl;1;138;81.2979522640;186.94;0;52;100.47
MaxSz: 46 QntRows: 15818
atlanta-ip;cgl;2;195;81.2984351107;533.86;0;64;387.60
MaxSz: 46 QntRows: 16018
atlanta-ip;cgl;3;226;81.2984380886;917.05;0;73;714.25
MaxSz: 46 QntRows: 16036
atlanta-ip;cgl;4;247;81.2984397027;1276.44;0;78;1020.12
MaxSz: 46 QntRows: 16045
atlanta-ip;cgl;5;256;81.2984405363;1682.44;0;80;1371.85
MaxSz: 46 QntRows: 16065
atlanta-ip;cgl;6;256;81.2984405363;2084.85;0;80;1371.85
