attfInstD;cgl;0;0;635.5000000000;41.45;0;0;0.00
MaxSz: 45 QntRows: 2566
attfInstD;cgl;1;114;635.5000000000;558.92;0;0;493.13
MaxSz: 45 QntRows: 2748
attfInstD;cgl;2;159;635.5000000000;1470.39;0;0;1378.24
MaxSz: 45 QntRows: 2817
attfInstD;cgl;3;195;635.5000000000;2163.47;0;0;2049.84
MaxSz: 45 QntRows: 2838
attfInstD;cgl;4;214;635.5000000000;3259.70;0;0;3129.80
MaxSz: 45 QntRows: 2862
attfInstD;cgl;5;233;635.5000000000;4307.13;0;0;4162.51
MaxSz: 45 QntRows: 2880
attfInstD;cgl;6;240;635.5000000000;5382.48;0;0;5225.34
MaxSz: 45 QntRows: 2889
attfInstD;cgl;7;240;635.5000000000;6280.77;0;0;5225.34
