f2gap40400;cgl;0;0;20650.8981539633;0.06;0;0;0.00
MaxSz: 29 QntRows: 40
f2gap40400;cgl;1;43;20661.7731295277;76.16;0;0;75.63
MaxSz: 29 QntRows: 83
f2gap40400;cgl;2;86;20701.3169060600;183.61;0;0;182.28
MaxSz: 29 QntRows: 126
f2gap40400;cgl;3;120;20736.3453223466;227.40;0;0;224.86
MaxSz: 29 QntRows: 160
f2gap40400;cgl;4;145;20760.0360928592;264.51;0;0;260.70
MaxSz: 29 QntRows: 185
f2gap40400;cgl;5;159;20769.3464357095;272.27;0;0;267.60
MaxSz: 29 QntRows: 199
f2gap40400;cgl;6;163;20772.0000000000;283.70;0;0;278.37
MaxSz: 29 QntRows: 203
f2gap40400;cgl;7;163;20772.0000000000;285.07;0;0;278.37
