neos-4360552-sangro;cgl;0;0;-29.5000000000;176.72;0;0;0.00
MaxSz: 102 QntRows: 4444
neos-4360552-sangro;cgl;1;139;-29.5000000000;269.63;0;0;76.64
MaxSz: 102 QntRows: 4591
neos-4360552-sangro;cgl;2;196;-29.5000000000;315.48;0;0;111.03
MaxSz: 102 QntRows: 4571
neos-4360552-sangro;cgl;3;225;-29.5000000000;370.04;0;0;154.58
MaxSz: 102 QntRows: 4589
neos-4360552-sangro;cgl;4;229;-29.5000000000;422.78;0;0;196.87
MaxSz: 102 QntRows: 4589
neos-4360552-sangro;cgl;5;231;-29.5000000000;473.68;0;0;237.37
MaxSz: 102 QntRows: 4591
neos-4360552-sangro;cgl;6;231;-29.5000000000;519.15;0;0;237.37
