uccase7;cgl;0;0;26527.7896542327;20.52;0;0;0.00
MaxSz: 49 QntRows: 1624
uccase7;cgl;1;75;26528.1906089550;322.15;0;75;277.72
MaxSz: 49 QntRows: 1709
uccase7;cgl;2;91;26528.2420162539;624.57;0;91;558.47
MaxSz: 49 QntRows: 1728
uccase7;cgl;3;99;26528.2495026275;942.73;0;99;854.00
MaxSz: 49 QntRows: 1736
uccase7;cgl;4;102;26528.2497717411;1180.48;0;102;1068.06
MaxSz: 49 QntRows: 1745
uccase7;cgl;5;103;26528.2498326995;1438.28;0;103;1303.42
MaxSz: 49 QntRows: 1746
uccase7;cgl;6;103;26528.2498326995;1669.40;0;103;1303.42
