A-2;cgl;0;0;5600038.0000000000;4.45;0;0
A-2;cgl;1;21;5600038.0000000000;23.61;0;0
A-2;cgl;2;38;5600038.0000000000;42.77;0;0
A-2;cgl;3;52;5600038.0000000000;61.98;0;0
A-2;cgl;4;70;5600038.0000000000;81.14;0;0
A-2;cgl;5;85;5600038.0000000000;100.38;0;0
A-2;cgl;6;95;5600038.0000000000;119.02;0;0
A-2;cgl;7;110;5600038.0000000000;137.36;0;0
A-2;cgl;8;127;5600038.0000000000;155.61;0;0
A-2;cgl;9;139;5600038.0000000000;173.36;0;0
A-2;cgl;10;154;5600038.0000000000;191.26;0;0
A-2;cgl;11;160;5600038.0000000000;209.31;0;0
A-2;cgl;12;170;5600038.0000000000;227.29;0;0
A-2;cgl;13;179;5600038.0000000000;245.46;0;0
A-2;cgl;14;185;5600038.0000000000;264.30;0;0
A-2;cgl;15;195;5600038.0000000000;283.61;0;0
A-2;cgl;16;201;5600038.0000000000;302.44;0;0
A-2;cgl;17;208;5600038.0000000000;321.08;0;0
A-2;cgl;18;212;5600038.0000000000;338.89;0;0
A-2;cgl;19;215;5600038.0000000000;357.08;0;0
A-2;cgl;20;218;5600038.0000000000;375.21;0;0
A-2;cgl;21;225;5600038.0000000000;392.93;0;0
A-2;cgl;22;228;5600038.0000000000;411.59;0;0
A-2;cgl;23;235;5600038.0000000000;429.88;0;0
A-2;cgl;24;241;5600038.0000000000;447.39;0;0
A-2;cgl;25;248;5600038.0000000000;460.83;0;0
A-2;cgl;26;254;5600038.0000000000;478.82;0;0
A-2;cgl;27;260;5600038.0000000000;497.39;0;0
A-2;cgl;28;267;5600038.0000000000;516.11;0;0
A-2;cgl;29;275;5600038.0000000000;534.97;0;0
A-2;cgl;30;282;5600038.0000000000;553.81;0;0
A-2;cgl;31;288;5600038.0000000000;572.45;0;0
A-2;cgl;32;296;5600038.0000000000;591.26;0;0
A-2;cgl;33;301;5600038.0000000000;609.86;0;0
A-2;cgl;34;308;5600038.0000000000;628.33;0;0
A-2;cgl;35;315;5600038.0000000000;646.99;0;0
A-2;cgl;36;318;5600038.0000000000;665.50;0;0
A-2;cgl;37;321;5600038.0000000000;683.87;0;0
A-2;cgl;38;322;5600038.0000000000;702.32;0;0
A-2;cgl;39;323;5600038.0000000000;720.77;0;0
A-2;cgl;40;323;5600038.0000000000;738.71;0,0
