blp-ir98;cgl;0;0;2235.2023230962;0.89;0;0
blp-ir98;cgl;1;42;2251.3406717033;13.93;0;0
blp-ir98;cgl;2;80;2253.2396350962;37.12;0;0
blp-ir98;cgl;3;109;2253.2396350962;69.09;0;0
blp-ir98;cgl;4;132;2253.2396350962;109.11;0;0
blp-ir98;cgl;5;140;2253.2396350962;155.68;0;0
blp-ir98;cgl;6;154;2253.2396350962;203.24;0;0
blp-ir98;cgl;7;156;2253.2396350962;255.30;0;0
blp-ir98;cgl;8;160;2253.2396350962;306.18;0;0
blp-ir98;cgl;9;161;2253.2396350962;356.38;0;0
blp-ir98;cgl;10;162;2253.2396350962;405.29;0;0
blp-ir98;cgl;11;162;2253.2396350962;454.96;0,0
