fhnw-binschedule2;cgl;0;0;1706.8862544363;24.25;0;0
fhnw-binschedule2;cgl;1;773;1706.8862544363;28.35;0;0
fhnw-binschedule2;cgl;2;1214;1706.8862544363;32.12;0;0
fhnw-binschedule2;cgl;3;1769;1706.8862544363;37.18;0;0
fhnw-binschedule2;cgl;4;2304;1706.8862544363;42.97;0;0
fhnw-binschedule2;cgl;5;2890;1706.8862544363;49.16;0;0
fhnw-binschedule2;cgl;6;3588;1706.8965576462;58.27;0;0
fhnw-binschedule2;cgl;7;4560;1706.8974580764;68.63;0;0
fhnw-binschedule2;cgl;8;5588;1706.9108137695;87.68;0;0
fhnw-binschedule2;cgl;9;6385;1707.3523716524;102.95;0;0
fhnw-binschedule2;cgl;10;7105;1709.5588694389;133.65;0;0
fhnw-binschedule2;cgl;11;7883;1713.2294236067;150.85;0;0
fhnw-binschedule2;cgl;12;8723;1728.0884379477;171.14;0;0
fhnw-binschedule2;cgl;13;9727;1732.1576224465;187.57;0;0
fhnw-binschedule2;cgl;14;10543;1734.2227061051;209.82;0;0
fhnw-binschedule2;cgl;15;11841;1735.3759134230;237.97;0;0
fhnw-binschedule2;cgl;16;13030;1736.1558387744;263.81;0;0
fhnw-binschedule2;cgl;17;14209;1738.1802134996;376.39;0;0
fhnw-binschedule2;cgl;18;15461;1739.7919385226;495.34;0;0
fhnw-binschedule2;cgl;19;16635;1740.7444518717;537.98;0;0
fhnw-binschedule2;cgl;20;17667;1742.2261904762;574.20;0;0
fhnw-binschedule2;cgl;21;18963;1742.2261904762;620.62;0;0
fhnw-binschedule2;cgl;22;20351;1742.2261904762;676.57;0;0
fhnw-binschedule2;cgl;23;21443;1742.2261904762;741.37;0;0
fhnw-binschedule2;cgl;24;22923;1743.0000000000;817.25;0;0
fhnw-binschedule2;cgl;25;24486;1743.0000000000;918.31;0;0
fhnw-binschedule2;cgl;26;26062;1743.0000000000;1047.36;0;0
fhnw-binschedule2;cgl;27;28579;1743.0000000000;1215.29;0;0
fhnw-binschedule2;cgl;28;31001;1743.0000000000;1425.00;0;0
fhnw-binschedule2;cgl;29;33462;1743.0000000000;1642.61;0;0
fhnw-binschedule2;cgl;30;35233;1743.0000000000;1910.37;0;0
fhnw-binschedule2;cgl;31;37236;1743.0000000000;2199.41;0;0
fhnw-binschedule2;cgl;32;38618;1743.0000000000;2529.99;0;0
fhnw-binschedule2;cgl;33;39862;1743.0000000000;2892.93;0;0
fhnw-binschedule2;cgl;34;40391;1743.0000000000;3225.92;0;0
fhnw-binschedule2;cgl;35;41084;1743.0000000000;3588.51;0;0
fhnw-binschedule2;cgl;36;41708;1743.0000000000;3959.76;0;0
fhnw-binschedule2;cgl;37;42910;1743.0000000000;4372.57;0;0
fhnw-binschedule2;cgl;38;44076;1743.0000000000;4790.37;0;0
fhnw-binschedule2;cgl;39;44643;1743.0000000000;5265.15;0;0
fhnw-binschedule2;cgl;40;45142;1743.0000000000;5670.16;0;0
fhnw-binschedule2;cgl;41;45870;1743.0000000000;6055.78;0;0
fhnw-binschedule2;cgl;42;46030;1743.0000000000;6376.26;0;0
fhnw-binschedule2;cgl;43;46030;1743.0000000000;6427.77;0,0
