n3seq24;cgl;0;0;52000.0000000001;34.95;0;0
n3seq24;cgl;1;53;52000.0000000000;416.59;0;0
n3seq24;cgl;2;75;52000.0000000000;807.27;3;0
n3seq24;cgl;3;110;52000.0000000000;1197.91;4;0
n3seq24;cgl;4;148;52000.0000000000;1589.70;5;0
n3seq24;cgl;5;175;52000.0000000000;1991.96;8;0
n3seq24;cgl;6;203;52000.0000000000;2397.72;8;0
n3seq24;cgl;7;231;52000.0000000000;2811.81;9;0
n3seq24;cgl;8;252;52000.0000000000;3227.67;9;0
n3seq24;cgl;9;273;52000.0000000000;3654.79;9;0
n3seq24;cgl;10;296;52000.0000000000;4086.26;9;0
n3seq24;cgl;11;328;52000.0000000000;4521.66;13;0
n3seq24;cgl;12;358;52000.0000000000;4952.31;15;0
n3seq24;cgl;13;376;52000.0000000000;5374.35;15;0
n3seq24;cgl;14;405;52000.0000000000;5798.43;16;0
n3seq24;cgl;15;444;52000.0000000000;6223.06;22;0
n3seq24;cgl;16;479;52000.0000000000;6650.61;25;0
n3seq24;cgl;17;507;52000.0000000000;7074.84;25;0
n3seq24;cgl;18;542;52000.0000000000;7508.86;28;0
n3seq24;cgl;19;584;52000.0000000000;7948.91;31;0
n3seq24;cgl;20;594;52000.0000000000;8373.15;31;0
n3seq24;cgl;21;625;52000.0000000000;8802.14;35;0
n3seq24;cgl;22;628;52000.0000000000;9226.44;35;0
n3seq24;cgl;23;629;52000.0000000000;9653.79;35;0
n3seq24;cgl;24;631;52000.0000000000;10089.74;35;0
n3seq24;cgl-opt;25;632;52000.0000000000;10524.10;35;0
