neos-1437164;cgl;0;0;7.6297058824;0.27;0;0
neos-1437164;cgl;1;21;7.6297058824;0.33;0;0
neos-1437164;cgl;2;57;7.6297058824;0.39;0;0
neos-1437164;cgl;3;101;7.6297058824;0.45;0;0
neos-1437164;cgl;4;129;7.6297058824;0.51;0;0
neos-1437164;cgl;5;156;7.6297058824;0.57;0;0
neos-1437164;cgl;6;179;7.6297058824;0.64;0;0
neos-1437164;cgl;7;191;7.6297058824;0.73;0;0
neos-1437164;cgl;8;202;7.6297058824;0.81;0;0
neos-1437164;cgl;9;219;7.6297058824;0.88;0;0
neos-1437164;cgl;10;229;7.6297058824;0.96;0;0
neos-1437164;cgl;11;239;7.6297058824;1.03;0;0
neos-1437164;cgl;12;255;7.6297058824;1.11;0;0
neos-1437164;cgl;13;265;7.6297058824;1.19;0;0
neos-1437164;cgl;14;273;7.6297058824;1.27;0;0
neos-1437164;cgl;15;278;7.6297058824;1.35;0;0
neos-1437164;cgl;16;282;7.6297058824;1.43;0;0
neos-1437164;cgl;17;286;7.6297058824;1.50;0;0
neos-1437164;cgl;18;288;7.6297058824;1.58;0;0
neos-1437164;cgl;19;292;7.6297058824;1.66;0;0
neos-1437164;cgl;20;293;7.6297058824;1.73;0;0
neos-1437164;cgl;21;293;7.6297058824;1.80;0,0
