prod1;cgl;0;0;-100.0000000000;0.05;0;0
prod1;cgl;1;107;-100.0000000000;0.34;0;0
prod1;cgl;2;232;-100.0000000000;0.51;0;0
prod1;cgl;3;390;-100.0000000000;0.76;0;0
prod1;cgl;4;548;-100.0000000000;1.12;0;0
prod1;cgl;5;653;-100.0000000000;1.55;0;0
prod1;cgl;6;742;-100.0000000000;2.03;0;0
prod1;cgl;7;824;-100.0000000000;2.54;0;0
prod1;cgl;8;862;-100.0000000000;3.09;0;0
prod1;cgl;9;904;-100.0000000000;3.65;0;0
prod1;cgl;10;930;-100.0000000000;4.21;0;0
prod1;cgl;11;956;-100.0000000000;4.81;0;0
prod1;cgl;12;980;-100.0000000000;5.42;0;0
prod1;cgl;13;1034;-100.0000000000;6.04;0;0
prod1;cgl;14;1088;-100.0000000000;6.69;0;0
prod1;cgl;15;1125;-100.0000000000;7.39;0;0
prod1;cgl;16;1145;-100.0000000000;8.06;0;0
prod1;cgl;17;1165;-100.0000000000;8.76;0;0
prod1;cgl;18;1188;-100.0000000000;9.45;0;0
prod1;cgl;19;1197;-100.0000000000;10.16;0;0
prod1;cgl;20;1207;-100.0000000000;10.87;0;0
prod1;cgl;21;1210;-100.0000000000;11.59;0;0
prod1;cgl;22;1216;-100.0000000000;12.31;0;0
prod1;cgl;23;1217;-100.0000000000;13.05;0;0
prod1;cgl;24;1222;-100.0000000000;13.77;0;0
prod1;cgl;25;1229;-100.0000000000;14.50;0;0
prod1;cgl;26;1230;-100.0000000000;15.21;0;0
prod1;cgl;27;1231;-100.0000000000;15.94;0;0
prod1;cgl;28;1232;-100.0000000000;16.68;0;0
prod1;cgl;29;1235;-100.0000000000;17.40;0;0
prod1;cgl;30;1236;-100.0000000000;18.12;0;0
prod1;cgl;31;1237;-100.0000000000;18.85;0;0
prod1;cgl;32;1237;-100.0000000000;19.57;0,0
