stdc0025;cgl;0;0;-1743072.6205816469;4.27;0;0
stdc0025;cgl;1;383;13279184.4635264166;12.93;0;0
stdc0025;cgl;2;933;14737369.6276958399;24.81;0;0
stdc0025;cgl;3;2265;14775019.4548554253;40.71;0;0
stdc0025;cgl;4;5798;14837660.0504147038;67.68;0;0
stdc0025;cgl;5;16461;14882782.5030511580;122.02;0;0
stdc0025;cgl;6;42178;14894697.3001673482;279.56;0;0
stdc0025;cgl;7;81962;14899458.1851233765;667.28;0;0
stdc0025;cgl;8;122038;14902244.1044319589;1200.12;0;0
stdc0025;cgl;9;147898;14907800.7552901991;1715.21;0;0
stdc0025;cgl;10;172153;14907800.7976201475;2331.50;0;0
stdc0025;cgl;11;183847;14907800.8023596108;2895.67;0;0
stdc0025;cgl;12;195542;14907800.9031128082;3414.64;0;0
stdc0025;cgl;13;206510;14907803.2686686181;3999.20;0;0
stdc0025;cgl;14;209627;14907803.2798173875;4601.44;0;0
stdc0025;cgl;15;216266;14907803.2798110303;5222.77;0;0
stdc0025;cgl;16;223104;14907803.2944471631;5816.41;0;0
stdc0025;cgl;17;223678;14907803.2944456432;6450.36;0;0
stdc0025;cgl;18;225439;14907803.2944475487;7075.32;0;0
stdc0025;cgl;19;228660;14907803.2944493089;7731.64;0;0
stdc0025;cgl;20;242439;14907803.4437024519;8272.46;0;0
stdc0025;cgl;21;243152;14907803.4437033534;8751.67;0;0
stdc0025;cgl;22;243448;14907803.4437048156;9229.56;0;0
stdc0025;cgl;23;244148;14907803.4437028002;9705.67;0;0
stdc0025;cgl-opt;24;244475;14907803.4437028002;10181.01;0;0
