Stopped on time - objective value 3067994.86000000
     29 X1537                  1                20930.44
     31 X2351                  1                20952.68
     37 X2656                  1                   21926
     45 X3121                  1                   20850
     80 X4094                  1                20957.64
    104 X6550                  1                21186.38
    148 X8174                  1                24846.33
    203 X9134                  1                   22070
    213 X9288                  1                 20902.7
    290 X19130                 1                20903.49
    315 X19585                 1                 22997.7
    359 X19963                 1                   21777
    362 X19973                 1                21900.41
    375 X20050                 1                   21787
    414 X22727                 1                 21398.7
    433 X24814                 1                 21681.2
    491 X28994                 1                21947.09
    547 X30847                 1                   22162
    701 X35447                 1                 23372.7
    826 X39306                 1                 21405.7
    847 X39886                 1                 22850.2
    857 X40101                 1                   22984
    867 X40175                 1                 21101.5
    876 X40257                 1                 22264.7
    884 X40300                 1                   22047
    901 X40424                 1                22151.52
    916 X40527                 1                22530.88
    941 X40666                 1                 22196.7
   1160 X48205                 1                22475.92
   1215 X49080                 1                 22498.7
   1224 X49228                 1                   22349
   1251 X49430                 1                21427.66
   1266 X49521                 1                22189.79
   1277 X49597                 1                   22602
   1282 X49619                 1                   21560
   1304 X49742                 1                 23851.7
   1316 X49777                 1                23918.94
   1323 X49812                 1                25841.69
   1333 X49946                 1                21247.23
   1486 X59262                 1                   23736
   1487 X59294                 1                 22535.4
   1509 X59563                 1                 22450.7
   1534 X59801                 1                 21851.7
   1579 X60185                 1                 23148.2
   1585 X60213                 1                 22642.7
   1599 X60327                 1                23615.67
   1601 X60329                 1                22786.64
   1679 X61135                 1                22863.04
   1719 X63339                 1                 22258.8
   1751 X64149                 1                 21765.7
   1900 X66706                 1                 22980.7
   1905 X66752                 1                   21899
   1997 X67491                 1                   21843
   2150 X67968                 1                 22622.7
   2245 X69627                 1                 22135.7
   2281 X69738                 1                21213.92
   2369 X70172                 1                23993.87
   2379 X70227                 1                 22033.7
   2405 X70516                 1                 21782.7
   2495 X71188                 1                 20958.7
   2703 X72579                 1                   21861
   2867 X73519                 1                   21178
   3225 X78347                 1                   22469
   3557 X84638                 1                   21566
   3566 X84666                 1                   23102
   3571 X84673                 1                   20985
   3643 X86481                 1                   22052
   3678 X86699                 1                 22453.2
   3715 X86833                 1                   21090
   3719 X86848                 1                22894.94
   3769 X87458                 1                   21901
   3839 X88512                 1                   21168
   4408 X93282                 1                24040.21
   4546 X94966                 1                22142.76
   4577 X95166                 1                 23842.7
   4617 X95360                 1                23077.28
   4630 X95426                 1                22620.12
   4648 X96011                 1                   23300
   4665 X96068                 1                 21665.7
   4668 X96080                 1                   21130
   4670 X96082                 1                23926.05
   4682 X96147                 1                22779.91
   4777 X96548                 1                   22166
   4783 X96595                 1                   22188
   4811 X96708                 1                24701.96
   4825 X97014                 1                23430.28
   4892 X97392                 1                22107.09
   4982 X98162                 1                   22770
   5036 X99266                 1                   21887
   5040 X99270                 1                22471.88
   5047 X99295                 1                   22432
   5066 X99336                 1                   22279
   5069 X99342                 1                   21190
   5078 X99359                 1                21878.42
   5095 X99448                 1                 24586.7
   5124 X99950                 1                 22612.9
   5204 X103749                1                   22239
   5228 X103812                1                 22175.1
   5293 X104638                1                22530.69
   5333 X106767                1                 21140.7
   5350 X106865                1                24133.49
   5394 X107142                1                   22673
   5496 X108049                1                   22846
   5504 X108095                1                   23841
   5515 X108346                1                   21355
   5518 X108381                1                23043.82
   5525 X108406                1                21808.18
   5592 X108982                1                 23220.7
   5687 X109876                1                21876.19
   5706 X109944                1                21217.64
   5708 X109948                1                   23102
   5723 X109983                1                   21988
   5724 X109984                1                   20920
   5725 X109989                1                   21785
   5727 X109993                1                23582.16
   5733 X110003                1                23544.15
   5743 X110022                1                 24102.3
   5748 X110033                1                   21846
   5758 X110053                1                   21662
   5788 X110094                1                   22150
   5789 X110096                1                   22275
   5794 X110111                1                   20900
   5795 X110114                1                   21277
   5803 X110123                1                   20950
   5805 X110125                1                   20990
   5806 X110126                1                   20866
   5808 X110130                1                22644.01
   5813 X110136                1                   21147
   5819 X110145                1                   21568
   5820 X110146                1                   20970
   5821 X110147                1                 23489.6
   5822 X110148                1                   20923
   5823 X110150                1                   21820
   5824 X110151                1                 21784.2
   5862 X110759                1                   22091
   5897 X110941                1                   21953
   6046 X111121                1                   22170
   6077 X111152                1                   22686
   6117 S11                    1                       0
   6294 S238                   1                       0
   6295 S239                   1                       0
   6368 S343                   1                       0
   6999 S1187                  1                       0
   7124 S1384                  1                       0
