Stopped on time (no integer solution - continuous used) - objective value -63828901980820872.00000000
      0 id1           0.71067556                       0
      1 id16         0.011572978                       0
      3 id17         0.011318615                       0
      4 id3           0.74037568                       0
      5 id18         0.010384973                       0
      7 id19         0.012677942                       0
      9 id20        0.0088322068                       0
     10 id6           0.73194839                       0
     11 id21         0.010722065                       0
     12 id7           0.76125528                       0
     13 id22        0.0095497886                       0
     14 id8           0.77571824                       0
     15 id23        0.0089712705                       0
     17 id24        0.0080982134                       0
     19 id25        0.0098895774                       0
     20 id11          0.81810952                       0
     21 id26        0.0072756193                       0
     22 id12          0.70864304                       0
     23 id27         0.011654278                       0
     24 id13          0.76650324                       0
     25 id28        0.0093398706                       0
     26 id14          0.73943011                       0
     27 id29         0.010422796                       0
     28 id15          0.85939863                       0
     29 id30        0.0056240547                       0
     33 id4639         47653.059                       0
     35 id4675         256.38864                       0
     44 id4819         7642.9415                       0
     45 id4843         652.29639                       0
     51 id4939         28827.154                       0
     57 id5047         48303.658                       0
     58 id5071         233.66937                       0
     65 id5239         54753.643                       0
     79 id5455         54970.459                       0
     82 id5515             55296                       0
     92 id5731          23524.68                       0
     96 id5803         1115.4556                       0
     98 id5827         15.448708                       0
    101 id5863         723.83647                       0
    108 id5971         32633.913                       0
    110 id6019         103.62411                       0
    114 id6091         31486.222                       0
    116 id6175         12.057085                       0
    117 id6187         869.78656                       0
    118 id6247             55296                       0
    129 id6475         48373.507                       0
    130 id6499         0.2238147                       0
    131 id6523         215.77442                       0
    133 id6571         16614.419                       0
    134 id6583         35752.415                       0
    137 id6643         71.124897                       0
    150 id6907         31394.648                       0
    151 id6919          876.7035                       0
    156 id7003         1324.5787                       0
    158 id7063          19352.79                       0
    161 id7111         38681.581                       0
    168 id7231         605.66719                       0
    172 id7291         22.831471                       0
    173 id7303         40.990108                       0
    180 id7423         33.883845                       0
    187 id7543         37.908659                       0
    188 id7555         2.8108166                       0
    189 id7591         32.496282                       0
    201 id7747         243.10356                       0
    234 id4724         27070.274                       0
    236 id4748         27174.286                       0
    241 id4844          247.0331                       0
    244 id4904         28225.726                       0
    245 id4916         18855.487                       0
    252 id5036         271.92556                       0
    253 id5048         47270.741                       0
    261 id5240         54753.643                       0
    273 id5432         54970.459                       0
    279 id5540         335.97671                       0
    280 id5564         46128.766                       0
    288 id5732         13869.992                       0
    293 id5816         1349.6486                       0
    294 id5828         138.83669                       0
    297 id5864         302.51438                       0
    298 id5876         1098.6661                       0
    306 id6020         637.75431                       0
    307 id6032         520.71212                       0
    310 id6092         41236.773                       0
    314 id6248         12019.819                       0
    315 id6296         192.57582                       0
    317 id6380         1410.2457                       0
    319 id6404         5.4802541                       0
    322 id6440         18029.451                       0
    325 id6476         36103.934                       0
    330 id6584         46980.145                       0
    334 id6656         246.31589                       0
    335 id6692         12.057085                       0
    342 id6800         28195.178                       0
    343 id6824         92.494091                       0
    346 id6908         24373.124                       0
    348 id6932         29484.401                       0
    350 id6956         949.33387                       0
    357 id7112         11752.371                       0
    359 id7148         43276.181                       0
    363 id7220         0.2238147                       0
    368 id7292         35.090416                       0
    369 id7304         53.249053                       0
    376 id7424          46.14279                       0
    383 id7544         37.908659                       0
    385 id7592         29.685466                       0
    417 id8108         281.35974                       0
    426 id4665         15858.893                       0
    428 id4689         53.140528                       0
    433 id4761         36827.985                       0
    434 id4773         30195.722                       0
    440 id4905         23432.496                       0
    446 id5013         37387.258                       0
    450 id5073         637.98046                       0
    456 id5217         265.13576                       0
    457 id5241         47594.978                       0
    465 id5373         54.536438                       0
    468 id5409         1338.0798                       0
    472 id5469         17369.821                       0
    475 id5541         1012.8978                       0
    477 id5577         18702.006                       0
    478 id5589         8960.6553                       0
    482 id5697         26111.335                       0
    483 id5721          27947.76                       0
    492 id5853         929.63992                       0
    493 id5865         650.13829                       0
    494 id5877         459.15662                       0
    506 id6093         16436.258                       0
    507 id6105         38680.158                       0
    508 id6177         6.6512666                       0
    511 id6297         607.72605                       0
    512 id6333          769.3114                       0
    513 id6381         670.96255                       0
    517 id6429         52988.614                       0
    523 id6525         47.879164                       0
    526 id6585         37742.266                       0
    527 id6609         85.458751                       0
    529 id6645         28.035165                       0
    530 id6657         482.47129                       0
    537 id6777         621.75691                       0
    542 id6909         37926.179                       0
    543 id6921         13.038017                       0
    551 id7077         55116.416                       0
    559 id7221         265.35957                       0
    560 id7233         640.70814                       0
    561 id7245         30570.767                       0
    564 id7293          39.64185                       0
    565 id7305         57.800488                       0
    572 id7425         50.694224                       0
    579 id7545         37.908659                       0
    581 id7593         29.685466                       0
    604 id7929         309.03148                       0
    624 id4690         132.27536                       0
    626 id4726         51620.567                       0
    631 id4810         788.62988                       0
    635 id4894         29.007367                       0
    638 id4930         32622.342                       0
    642 id5014         28886.641                       0
    645 id5050          25726.09                       0
    652 id5218         69.100818                       0
    656 id5302         52887.921                       0
    661 id5374         515.85559                       0
    663 id5398         41042.358                       0
    671 id5542          1014.747                       0
    675 id5614         1022.6938                       0
    681 id5758          12387.92                       0
    685 id5818         614.42364                       0
    686 id5830          839.7651                       0
    687 id5842         89.188112                       0
    689 id5866         75.570874                       0
    695 id5962         1781.4246                       0
    697 id5986         136.12716                       0
    700 id6058             55296                       0
    706 id6250         28395.931                       0
    708 id6334         996.29885                       0
    710 id6394         1047.9585                       0
    713 id6430          5607.062                       0
    715 id6454         462.26881                       0
    718 id6502         246.71194                       0
    721 id6574         27001.121                       0
    722 id6586         4.7047473                       0
    724 id6622         27897.831                       0
    735 id6826         1374.1642                       0
    736 id6850         665.30407                       0
    741 id6946         24274.587                       0
    747 id7078         30841.829                       0
    750 id7126         28976.295                       0
    753 id7186         673.83583                       0
    758 id7258          291.2864                       0
    761 id7306         18.158638                       0
    768 id7426         11.052374                       0
    775 id7546         37.908659                       0
    776 id7558         45.812217                       0
    777 id7594         75.497682                       0
    800 id7930         281.73036                       0
    814 id4607         23512.527                       0
    819 id4679         121.31766                       0
    822 id4727         27333.567                       0
    826 id4775         28528.766                       0
    830 id4859         519.19444                       0
    834 id4931         11081.202                       0
    838 id5015         14114.512                       0
    841 id5051         40498.219                       0
    849 id5243         54753.643                       0
    860 id5411         5.4292835                       0
    861 id5435         11518.841                       0
    864 id5471         43305.028                       0
    866 id5519             55296                       0
    876 id5735         35011.036                       0
    877 id5759         11689.298                       0
    878 id5771         6448.9917                       0
    882 id5831         33.695184                       0
    889 id5915         5885.3534                       0
    890 id5927         5388.7276                       0
    892 id5975         43777.159                       0
    897 id6083         1185.6974                       0
    899 id6107         23102.585                       0
    900 id6179         6.6512666                       0
    905 id6383              2048                       0
    913 id6479         26312.876                       0
    914 id6503         0.2238147                       0
    915 id6527         1035.6456                       0
    917 id6575         26767.234                       0
    919 id6611          266.4839                       0
    921 id6647         735.96396                       0
    928 id6767         31783.473                       0
    930 id6803         23282.169                       0
    943 id7079         55116.416                       0
    947 id7151         48100.935                       0
    949 id7187         256.80223                       0
    956 id7295          39.64185                       0
    957 id7307         57.800487                       0
    964 id7427         50.694224                       0
    971 id7547         37.908659                       0
    973 id7595         29.685466                       0
    985 id7751         109.88994                       0
    996 id7931         178.02313                       0
   1010 id4608         7225.4926                       0
   1011 id4620         480.68852                       0
   1014 id4668         12098.901                       0
   1020 id4752         21818.688                       0
   1026 id4860         25.306266                       0
   1028 id4908         52944.949                       0
   1036 id5040         2022.6937                       0
   1045 id5244         17611.934                       0
   1048 id5304         37141.709                       0
   1053 id5376         1117.2903                       0
   1059 id5460          24803.62                       0
   1063 id5544         9.6816649                       0
   1064 id5568         43197.099                       0
   1066 id5592         11552.397                       0
   1068 id5676         12054.604                       0
   1069 id5688         274.92629                       0
   1070 id5700          32230.43                       0
   1076 id5808         87.075968                       0
   1088 id5976          55051.24                       0
   1092 id6060          10086.98                       0
   1094 id6096         25129.161                       0
   1097 id6192         743.69849                       0
   1098 id6252             55296                       0
   1110 id6504         1375.8427                       0
   1112 id6564         634.57776                       0
   1113 id6576         43241.396                       0
   1119 id6696         9.0651702                       0
   1120 id6720         10347.171                       0
   1124 id6768         40647.498                       0
   1130 id6912         13397.453                       0
   1131 id6924         37.803402                       0
   1137 id7032         1295.2299                       0
   1139 id7080          20145.21                       0
   1144 id7164         2038.3183                       0
   1152 id7296          39.64185                       0
   1153 id7308         57.800488                       0
   1160 id7428         50.694224                       0
   1167 id7548         37.908659                       0
   1169 id7596         29.685466                       0
   1181 id7752         309.03148                       0
   1206 id4609         34690.309                       0
   1211 id4681          284.1336                       0
   1212 id4693         475.18832                       0
   1222 id4861         151.23197                       0
   1223 id4897         25.306266                       0
   1224 id4909         49932.016                       0
   1234 id5077         2022.6937                       0
   1244 id5305         54753.643                       0
   1249 id5377         1439.5103                       0
   1252 id5413         596.43264                       0
   1261 id5581          43541.13                       0
   1262 id5593         11469.772                       0
   1266 id5701         43387.712                       0
   1270 id5773         9331.0559                       0
   1272 id5809         49.641759                       0
   1278 id5881         23.808777                       0
   1282 id5929         54408.403                       0
   1292 id6181              2048                       0
   1294 id6253             55296                       0
   1298 id6397         424.68393                       0
   1300 id6421         417.23894                       0
   1303 id6457         608.48973                       0
   1306 id6505         410.98349                       0
   1307 id6529         149.02433                       0
   1309 id6577         43829.534                       0
   1312 id6625         10186.526                       0
   1313 id6649         32.873947                       0
   1326 id6913         55057.907                       0
   1327 id6925        0.28648279                       0
   1329 id6949         9472.3199                       0
   1331 id6985         45109.474                       0
   1336 id7105         19.800812                       0
   1338 id7129         11133.371                       0
   1343 id7225          1617.153                       0
   1347 id7273          8.818248                       0
   1349 id7309         18.158638                       0
   1356 id7429         11.052374                       0
   1363 id7549         37.908659                       0
   1365 id7597         29.685466                       0
   1388 id7933         190.10593                       0
   1410 id4730         54121.671                       0
   1416 id4826         16008.587                       0
   1419 id4898         744.68188                       0
   1421 id4922          17513.22                       0
   1426 id5018         54612.731                       0
   1437 id5246         54753.643                       0
   1447 id5402         30742.027                       0
   1449 id5438         24228.432                       0
   1458 id5594         44049.744                       0
   1459 id5618         405.96879                       0
   1460 id5678         14687.251                       0
   1470 id5834         456.48357                       0
   1471 id5846         1001.7329                       0
   1476 id5906         23974.636                       0
   1478 id5930         29833.632                       0
   1479 id5966         0.2238147                       0
   1484 id6062             55296                       0
   1490 id6254             55296                       0
   1494 id6398          83.90457                       0
   1495 id6410         141.36815                       0
   1499 id6458         25.306266                       0
   1500 id6470         20550.487                       0
   1501 id6482         24553.973                       0
   1503 id6530         43.493649                       0
   1505 id6578         38343.326                       0
   1514 id6746             15490                       0
   1522 id6914         42306.431                       0
   1523 id6926         472.56338                       0
   1525 id6950         39487.717                       0
   1527 id6986         10716.818                       0
   1528 id7010         181.92152                       0
   1534 id7130         11991.343                       0
   1536 id7166         170.22071                       0
   1542 id7262         1399.3622                       0
   1543 id7274          24.61158                       0
   1544 id7298          39.64185                       0
   1545 id7310         57.800488                       0
   1552 id7430         50.694224                       0
   1559 id7550         37.908659                       0
   1560 id7562         45.812217                       0
   1561 id7598         75.497682                       0
   1584 id7934         41.109097                       0
   1593 id8114         359.54682                       0
   1605 id4719         821.60903                       0
   1607 id4743         33008.558                       0
   1616 id4911         54698.548                       0
   1622 id5019         53375.826                       0
   1624 id5043         45.811292                       0
   1633 id5247         54753.643                       0
   1644 id5415         519.17778                       0
   1649 id5487         1516.7651                       0
   1650 id5523         44492.024                       0
   1655 id5619         400.14725                       0
   1661 id5763         54059.095                       0
   1668 id5859         6.6512666                       0
   1672 id5907         54274.204                       0
   1677 id5991         22.127852                       0
   1683 id6111             55296                       0
   1686 id6255             55296                       0
   1691 id6411         1418.6272                       0
   1695 id6459         60.558349                       0
   1700 id6567         531.23487                       0
   1702 id6591         16993.066                       0
   1707 id6699         578.63512                       0
   1708 id6723         22287.442                       0
   1713 id6783         400.14725                       0
   1716 id6855         1343.9626                       0
   1718 id6915         7974.6758                       0
   1720 id6939         55116.416                       0
   1732 id7167         37.844289                       0
   1735 id7227         0.2238147                       0
   1736 id7239         247.60859                       0
   1739 id7275         1752.6416                       0
   1741 id7311         18.158638                       0
   1748 id7431         11.052374                       0
   1755 id7551         37.908659                       0
   1757 id7599         29.685466                       0
   1769 id7755         168.98751                       0
   1794 id4612         51102.574                       0
   1799 id4684         151.46028                       0
   1806 id4780         7337.0902                       0
   1810 id4864         71.412541                       0
   1812 id4912         45433.319                       0
   1818 id5020         5310.8147                       0
   1821 id5056         49301.916                       0
   1829 id5248         54753.643                       0
   1837 id5380         17.241823                       0
   1838 id5392         37114.458                       0
   1844 id5476         17390.471                       0
   1846 id5524         43978.862                       0
   1851 id5620         419.15326                       0
   1853 id5692         155.31208                       0
   1859 id5800         40044.708                       0
   1861 id5824         18.169149                       0
   1863 id5848         345.57014                       0
   1864 id5860         38.703173                       0
   1869 id5920         35087.471                       0
   1874 id6028         700.69569                       0
   1877 id6088         1101.0755                       0
   1880 id6184         946.92454                       0
   1882 id6256             55296                       0
   1886 id6400         127.31081                       0
   1891 id6460         523.96617                       0
   1893 id6484         24656.397                       0
   1894 id6508         0.2238147                       0
   1896 id6568         445.71973                       0
   1897 id6580         13063.974                       0
   1903 id6700          145.7094                       0
   1905 id6736         37905.529                       0
   1909 id6784         419.15326                       0
   1910 id6808         25566.962                       0
   1911 id6832         673.39044                       0
   1921 id7036          37.14351                       0
   1922 id7072         9862.6808                       0
   1923 id7084         29238.471                       0
   1924 id7108         556.01443                       0
   1925 id7120         30412.558                       0
   1930 id7204         911.92728                       0
   1937 id7312         18.158638                       0
   1944 id7432         11.052374                       0
   1951 id7552         37.908659                       0
   1953 id7600         29.685466                       0
   1985 id8116         168.98751                       0
   1990 id4613         24221.332                       0
   1998 id4733         21757.739                       0
   1999 id4745         9212.9306                       0
   2002 id4781         41022.298                       0
   2004 id4829          13676.25                       0
   2014 id5021         4878.1372                       0
   2017 id5057         49734.594                       0
   2025 id5249         54753.643                       0
   2035 id5405         32290.098                       0
   2039 id5465         22680.361                       0
   2042 id5525         49310.378                       0
   2043 id5549         211.13051                       0
   2048 id5681         14273.702                       0
   2052 id5741         21396.065                       0
   2055 id5801         18389.328                       0
   2065 id5921         29021.798                       0
   2068 id5981         16117.994                       0
   2070 id6029         367.09071                       0
   2073 id6089         1330.3417                       0
   2076 id6185         717.65829                       0
   2078 id6257             55296                       0
   2088 id6473         37820.616                       0
   2089 id6485         16454.692                       0
   2090 id6509         0.2238147                       0
   2094 id6593         31074.668                       0
   2102 id6749         23828.989                       0
   2110 id6917         49102.612                       0
   2111 id6929         220.85297                       0
   2114 id6965         221.68971                       0
   2118 id7073         33538.261                       0
   2120 id7109         577.50119                       0
   2125 id7193         647.23643                       0
   2126 id7205         242.63742                       0
   2128 id7241         769.95106                       0
   2130 id7265          149.1087                       0
   2131 id7277         229.38473                       0
   2133 id7313         18.158638                       0
   2140 id7433         11.052374                       0
   2147 id7553         37.908659                       0
   2149 id7601         29.685466                       0
   2181 id8117         190.10593                       0
   2187 id4626         216.48748                       0
   2194 id4734         49346.839                       0
   2198 id4782         37958.955                       0
   2207 id4950         16739.593                       0
   2210 id5022         54612.731                       0
   2220 id5226         556.01736                       0
   2221 id5250         39741.174                       0
   2229 id5382         14.747057                       0
   2230 id5394         14373.413                       0
   2232 id5418         288.58906                       0
   2235 id5466         6424.5283                       0
   2237 id5490         962.31267                       0
   2240 id5574         36008.639                       0
   2241 id5586         19287.361                       0
   2247 id5730         11546.209                       0
   2250 id5778         42512.886                       0
   2264 id5982          55051.24                       0
   2267 id6042         94.266797                       0
   2268 id6066         42916.793                       0
   2273 id6198         364.22237                       0
   2274 id6258             55296                       0
   2279 id6414         23.596413                       0
   2282 id6450         41366.066                       0
   2287 id6534         220.33928                       0
   2288 id6570         234.40819                       0
   2290 id6594         54658.897                       0
   2295 id6702         9.0651702                       0
   2299 id6762         3069.6008                       0
   2301 id6786         242.00168                       0
   2306 id6918         45461.996                       0
   2315 id7086         48871.472                       0
   2316 id7110         231.29423                       0
   2317 id7122          11722.24                       0
   2320 id7170         88.286107                       0
   2321 id7194         181.99807                       0
   2322 id7206         777.63594                       0
   2323 id7230         556.24117                       0
   2329 id7314         18.158638                       0
   2336 id7434         11.052374                       0
   2343 id7554         37.908659                       0
   2345 id7602         29.685466                       0
   2357 id7758         168.98751                       0
   2400 id707         0.42521208                       0
   2401 id708         0.13066935                       0
   2402 id709         0.62735658                       0
   2405 id712         0.92416402                       0
   2406 id713         0.43803046                       0
   2408 id4292        0.21211937                       0
   2414 id720         0.23471119                       0
   2420 id726         0.10570678                       0
   2421 id4293       0.028368164                       0
   2435 id739          0.8617813                       0
   2447 id4295       0.071815108                       0
   2463 id765         0.28679999                       0
   2466 id768         0.21880246                       0
   2473 id4297       0.042133538                       0
   2474 id775         0.12518976                       0
   2478 id779        0.059237139                       0
   2480 id781         0.13873711                       0
   2483 id784        0.073955216                       0
   2486 id4298       0.033093269                       0
   2489 id789        0.025947523                       0
   2490 id790        0.064587576                       0
   2493 id793         0.23202555                       0
   2499 id4299       0.026880054                       0
   2521 id819         0.40117629                       0
   2525 id4301       0.033431357                       0
   2527 id824         0.48955213                       0
   2529 id826         0.93353166                       0
   2530 id827         0.49431365                       0
   2533 id830         0.97876287                       0
   2536 id833         0.39347762                       0
   2537 id834         0.89241246                       0
   2538 id4302         0.3485042                       0
   2547 id843         0.59694295                       0
   2549 id845         0.16661116                       0
   2551 id4303       0.063629509                       0
   2553 id848         0.49143312                       0
   2557 id852         0.39457986                       0
   2564 id4304       0.073834415                       0
   2567 id861         0.66601535                       0
   2577 id4305       0.055501279                       0
   2580 id873         0.54607426                       0
   2582 id875          0.5159282                       0
   2587 id880         0.13268754                       0
   2588 id881         0.74186737                       0
   2589 id882         0.68646838                       0
   2590 id4306        0.21858548                       0
   2620 id910         0.38507319                       0
   2629 id4309       0.032089432                       0
   2630 id919          0.1382187                       0
   2637 id926         0.28950715                       0
   2640 id929         0.24732802                       0
   2642 id4310       0.056254489                       0
   2656 id943          0.3185041                       0
   2657 id944         0.12062163                       0
   2668 id4312       0.036593811                       0
   2673 id959         0.25351291                       0
   2674 id960        0.012356575                       0
   2675 id961        0.073843734                       0
   2678 id964        0.034869405                       0
   2681 id4313       0.031215219                       0
   2711 id994        0.014163753                       0
   2714 id997        0.012356575                       0
   2715 id998          0.3636142                       0
   2720 id4316       0.032511211                       0
   2722 id1004        0.51044787                       0
   2723 id1005        0.42376475                       0
   2726 id1008        0.95748244                       0
   2727 id1009        0.90299508                       0
   2729 id1011        0.98919538                       0
   2730 id1012        0.82163844                       0
   2733 id4317        0.38379366                       0
   2735 id1016        0.34099189                       0
   2741 id1022        0.31671767                       0
   2746 id4318       0.054809129                       0
   2750 id1030        0.58995845                       0
   2751 id1031         0.2003979                       0
   2759 id4319       0.065863029                       0
   2760 id1039        0.52132441                       0
   2771 id1050        0.30272701                       0
   2772 id4320       0.068670951                       0
   2840 id1113        0.67612953                       0
   2841 id1114         0.5224002                       0
   2842 id1115        0.25525376                       0
   2845 id1118        0.98764342                       0
   2846 id1119        0.96527463                       0
   2847 id1120       0.096043379                       0
   2848 id1121       0.088218627                       0
   2849 id1122        0.98764342                       0
   2850 id4326        0.38155058                       0
   2865 id1136        0.13277615                       0
   2869 id1140        0.98764342                       0
   2872 id1143       0.022368795                       0
   2876 id4328       0.095232364                       0
   2877 id1147        0.87354705                       0
   2878 id1148        0.85486727                       0
   2880 id1150        0.46524323                       0
   2881 id1151        0.73238966                       0
   2886 id1156        0.89160005                       0
   2887 id1157         0.8994248                       0
   2889 id4329        0.39308934                       0
   2903 id1171        0.11409637                       0
   2905 id1173         0.3115139                       0
   2909 id1177        0.98764342                       0
   2915 id4331        0.11777114                       0
   3061 id1317        0.12946082                       0
   3062 id1318       0.033740634                       0
   3070 id1326        0.27149285                       0
   3071 id4343       0.036224525                       0
   3085 id1339        0.99019175                       0
   3086 id1340        0.99019175                       0
   3087 id1341        0.86073093                       0
   3089 id1343        0.99019175                       0
   3090 id1344        0.31850286                       0
   3092 id1346        0.99019175                       0
   3093 id1347        0.99019175                       0
   3094 id1348        0.99019175                       0
   3095 id1349        0.99019175                       0
   3096 id1350         0.7186989                       0
   3097 id4345        0.73577291                       0
   3153 id1402        0.95645112                       0
   3155 id1404        0.67168889                       0
   3156 id1405        0.99019175                       0
   3162 id4350        0.21819431                       0
   3230 id1473        0.02662912                       0
   3231 id1474        0.25188261                       0
   3233 id1476        0.54555192                       0
   3234 id1477        0.70288588                       0
   3237 id1480      0.0084188586                       0
   3239 id1482      0.0072007115                       0
   3240 id4356        0.12854742                       0
   3250 id1492        0.67119608                       0
   3252 id1494        0.25993586                       0
   3253 id4357       0.077594328                       0
   3257 id1498        0.74223014                       0
   3261 id1502         0.5559539                       0
   3264 id1505        0.58394998                       0
   3266 id4358         0.1568445                       0
   3269 id1509        0.65335927                       0
   3271 id1511      0.0026510173                       0
   3273 id1513        0.29122688                       0
   3275 id1515        0.25350478                       0
   3278 id1518        0.14091263                       0
   3279 id4359        0.11180455                       0
   3294 id1532        0.99411275                       0
   3297 id1535        0.20831236                       0
   3300 id1538        0.43815885                       0
   3305 id4361        0.13671533                       0
   3319 id1555        0.99411275                       0
   3324 id1560        0.44856083                       0
   3329 id1565        0.41016277                       0
   3330 id1566        0.11618432                       0
   3331 id4363        0.16408506                       0
   3334 id1569        0.31412436                       0
   3336 id1571        0.78314937                       0
   3341 id1576        0.31449782                       0
   3344 id4364        0.15251121                       0
   3353 id1587        0.74060797                       0
   3356 id1590        0.46987923                       0
   3357 id4365        0.10087393                       0
   3384 id1615                 1             -0.13555362
   3388 id1619                 1              0.43753479
   3392 id1623         0.8046156                       0
   3393 id1624        0.79533532                       0
   3394 id1625        0.89175307                       0
   3396 id4368        0.37430867                       0
   3411 id1640        0.16405113                       0
   3412 id1641        0.49457899                       0
   3413 id1642        0.49548194                       0
   3415 id1644      0.0047273754                       0
   3420 id1649        0.10309107                       0
   3422 id4370        0.11257772                       0
   3437 id1664        0.83421524                       0
   3441 id1668        0.78119754                       0
   3447 id1674         0.6511979                       0
   3448 id4372        0.18888422                       0
   3451 id1677        0.33821626                       0
   3455 id1681        0.78741916                       0
   3460 id1686         0.3488021                       0
   3461 id4373        0.12286979                       0
   3464 id1689        0.16204889                       0
   3467 id1692        0.20891923                       0
   3468 id1693        0.20742498                       0
   3469 id1694        0.79661719                       0
   3474 id4374        0.11458419                       0
   3491 id1714         0.4993622                       0
   3495 id1718        0.19822695                       0
   3496 id1719         0.1953844                       0
   3497 id1720        0.20466468                       0
   3500 id4376       0.091469852                       0
   3558 id1776        0.21800137                       0
   3560 id1778        0.26561145                       0
   3563 id1781        0.25813263                       0
   3565 id4381       0.086444251                       0
   3571 id1788        0.13424135                       0
   3575 id1792       0.075835977                       0
   3578 id4382       0.017506444                       0
   3581 id1797        0.47221019                       0
   3584 id1800        0.58287092                       0
   3585 id1801        0.78464467                       0
   3591 id4383        0.15331048                       0
   3607 id1821        0.50542101                       0
   3616 id1830         0.2088073                       0
   3617 id4385       0.059519027                       0
   3618 id1831        0.42543185                       0
   3619 id1832        0.25083174                       0
   3622 id1835        0.63315676                       0
   3628 id1841        0.38693694                       0
   3630 id4386        0.14136311                       0
   3647 id1858        0.22402923                       0
   3648 id1859        0.21139499                       0
   3652 id1863        0.97763121                       0
   3656 id4388        0.11775462                       0
   3661 id1871        0.11662673                       0
   3663 id1873        0.16874739                       0
   3668 id1878         0.7688239                       0
   3669 id4389       0.087849835                       0
   3692 id1900        0.72418815                       0
   3693 id1901        0.33256163                       0
   3695 id4391       0.088062481                       0
   3696 id1903        0.54465604                       0
   3701 id1908       0.042517563                       0
   3702 id1909        0.02423914                       0
   3708 id4392       0.050951062                       0
   3710 id1916        0.65900811                       0
   3712 id1918        0.30001154                       0
   3718 id1924      0.0088716546                       0
   3721 id4393       0.080657609                       0
   3722 id1927      0.0075433147                       0
   3723 id1928       0.067791353                       0
   3725 id1930        0.41004155                       0
   3726 id1931       0.016452727                       0
   3729 id1934        0.22289237                       0
   3734 id4394       0.072832536                       0
   3738 id1942       0.043548883                       0
   3742 id1946        0.48912739                       0
   3744 id1948        0.16873542                       0
   3747 id4395       0.058450975                       0
   3750 id1953        0.45392574                       0
   3756 id1959      0.0032476888                       0
   3757 id1960       0.018898034                       0
   3760 id4396        0.07788468                       0
   3761 id1963        0.35343578                       0
   3762 id1964         0.1477121                       0
   3763 id1965        0.31745034                       0
   3764 id1966       0.036899841                       0
   3773 id4397       0.071291505                       0
   3775 id1976        0.53645807                       0
   3776 id1977        0.22419757                       0
   3780 id1981       0.011625379                       0
   3786 id4398       0.064356752                       0
   3807 id2006        0.43356908                       0
   3808 id2007        0.98152134                       0
   3812 id4400         0.1179242                       0
   3817 id2015        0.10643362                       0
   3822 id2020        0.63453904                       0
   3823 id2021        0.52484443                       0
   3825 id4401        0.10548476                       0
   3830 id2027       0.097452394                       0
   3832 id2029        0.98394827                       0
   3833 id2030        0.53952604                       0
   3838 id4402        0.13507723                       0
   3868 id2062        0.86983622                       0
   3872 id2066     0.00010928452                       0
   3877 id4405       0.072495459                       0
   3878 id2071        0.59016769                       0
   3882 id2075        0.79168764                       0
   3883 id2076        0.99557365                       0
   3888 id2081        0.29148571                       0
   3889 id2082        0.99557365                       0
   3890 id4406        0.30537403                       0
   3894 id2086       0.066468337                       0
   3899 id2091       0.010804615                       0
   3903 id4407       0.077272953                       0
   3930 id2119       0.050597711                       0
   3931 id2120        0.31140347                       0
   3939 id2128        0.34213657                       0
   3940 id2129        0.17924351                       0
   3942 id4410       0.073615105                       0
   3944 id2132        0.25425397                       0
   3954 id2142        0.04602871                       0
   3955 id4411        0.11076447                       0
   3972 id2158                 1             -0.25488281
   3974 id2160        0.18241789                       0
   3976 id2162                 1             -0.41992187
   3980 id2166        0.77612834                       0
   3981 id4413        0.24654552                       0
   3999 id2183        0.57895382                       0
   4004 id2188         0.5376345                       0
   4005 id2189        0.64958091                       0
   4007 id4415        0.14718077                       0
   4008 id2191        0.56941228                       0
   4009 id2192        0.74574603                       0
   4010 id2193        0.29724135                       0
   4013 id2196        0.45444808                       0
   4020 id4416        0.17223731                       0
   4023 id2205        0.69951096                       0
   4025 id2207        0.41779849                       0
   4029 id2211                 1                 0.09375
   4033 id4417        0.17644245                       0
   4099 id2275      0.0058872484                       0
   4101 id2277      0.0032476888                       0
   4103 id2279      0.0032476888                       0
   4105 id2281                 1                       0
   4108 id2284         0.4623655                       0
   4109 id2285        0.35041909                       0
   4111 id4423        0.15209727                       0
   4112 id2287        0.42470047                       0
   4117 id2292        0.36313403                       0
   4123 id2298        0.17784295                       0
   4124 id4424         0.1293732                       0
   4177 id2347                 1             -0.37792969
   4178 id2348        0.21737231                       0
   4180 id2350        0.51352595                       0
   4182 id2352                 1              -0.6953125
   4183 id2353                 1             -0.58203125
   4184 id2354                 1             -0.24414063
   4185 id2355                 1             -0.70996094
   4186 id2356                 1               -0.734375
   4187 id2357                 1             0.026367188
   4188 id2358                 1             0.051757812
   4189 id4429        0.72757486                       0
   4230 id2396       0.094031163                       0
   4231 id2397        0.29674124                       0
   4241 id4433       0.032564367                       0
   4270 id2433        0.37564033                       0
   4271 id2434        0.48647405                       0
   4280 id4436       0.071842865                       0
   4321 id2480        0.68859653                       0
   4322 id2481        0.32761843                       0
   4324 id2483                 1             -0.18383789
   4332 id4440        0.16801791                       0
   4336 id2494        0.51169848                       0
   4339 id2497         0.2073652                       0
   4340 id2498       0.040969028                       0
   4342 id2500        0.06216348                       0
   4345 id4441       0.068516349                       0
   4347 id2504      0.0026759053                       0
   4353 id2510       0.069027416                       0
   4354 id2511        0.69268906                       0
   4357 id2514       0.011521686                       0
   4358 id4442       0.064659506                       0
   4365 id2521        0.20372995                       0
   4371 id4443       0.016977496                       0
   4374 id2529        0.95827209                       0
   4375 id2530        0.10140086                       0
   4384 id4444        0.08830608                       0
   4386 id2540        0.32605343                       0
   4396 id2550        0.74808424                       0
   4397 id4445       0.089511473                       0
   4401 id2554        0.22571719                       0
   4404 id2557        0.29711412                       0
   4405 id2558       0.012356575                       0
   4406 id2559       0.029569506                       0
   4407 id2560        0.25584285                       0
   4410 id4446       0.068383354                       0
   4418 id2570        0.37164509                       0
   4421 id2573        0.68396659                       0
   4423 id4447        0.08796764                       0
   4424 id2575        0.87481024                       0
   4425 id2576        0.65292125                       0
   4428 id2579        0.47585496                       0
   4431 id2582         0.4440461                       0
   4433 id2584        0.44589839                       0
   4434 id2585        0.29757472                       0
   4436 id4448        0.26592547                       0
   4450 id2599     0.00010928452                       0
   4453 id2602        0.12046481                       0
   4454 id2603     0.00010928452                       0
   4455 id2604        0.67179817                       0
   4456 id2605        0.20067553                       0
   4459 id2608     0.00010928452                       0
   4460 id2609     0.00010928452                       0
   4462 id4450       0.082781305                       0
   4476 id2623         0.1053586                       0
   4478 id2625       0.023378498                       0
   4480 id2627        0.50568635                       0
   4482 id2629       0.072765784                       0
   4483 id2630       0.021237133                       0
   4487 id2634        0.10758754                       0
   4488 id4452       0.069667826                       0
   4520 id2664        0.30985242                       0
   4523 id2667        0.25939203                       0
   4524 id2668        0.21763659                       0
   4526 id2670        0.11445712                       0
   4527 id4455       0.075111513                       0
   4528 id2671        0.30046331                       0
   4531 id2674        0.48830152                       0
   4532 id2675         0.4840718                       0
   4533 id2676        0.78199863                       0
   4534 id2677         0.7926348                       0
   4535 id2678        0.69341952                       0
   4537 id2680        0.23625531                       0
   4540 id4456        0.31476207                       0
   4541 id2683        0.64656422                       0
   4542 id2684        0.84961199                       0
   4543 id2685        0.68254966                       0
   4544 id2686     8.5082958e-05                       0
   4549 id2691        0.30731094                       0
   4551 id2693        0.56196954                       0
   4552 id2694        0.98847831                       0
   4553 id4457        0.33638081                       0
   4569 id2709       0.041727906                       0
   4571 id2711        0.13011909                       0
   4579 id4459       0.028721911                       0
   4583 id2722        0.50451806                       0
   4586 id2725        0.18421814                       0
   4592 id4460       0.057394683                       0
   4606 id2743       0.034728954                       0
   4608 id2745       0.013689045                       0
   4610 id2747         0.3593574                       0
   4612 id2749       0.016051732                       0
   4618 id4462       0.035318928                       0
   4620 id2756        0.12027143                       0
   4621 id2757        0.23558168                       0
   4631 id4463       0.029654426                       0
   4659 id2792      0.0058872484                       0
   4663 id2796      0.0044263526                       0
   4666 id2799        0.28253668                       0
   4667 id2800       0.071147169                       0
   4669 id2802      0.0044263526                       0
   4670 id4466       0.030701984                       0
   4689 id2820        0.18712331                       0
   4692 id2823        0.40305705                       0
   4696 id4468       0.049181697                       0
   4706 id2836        0.68550218                       0
   4709 id4469       0.057125182                       0
   4717 id2846        0.28012877                       0
   4720 id2849        0.43093512                       0
   4722 id4470       0.059255324                       0
   4734 id2862       0.055512168                       0
   4735 id4471       0.004626014                       0
   4740 id2867        0.57478792                       0
   4741 id2868        0.73508929                       0
   4748 id4472        0.11781138                       0
   4751 id2877        0.30359224                       0
   4757 id2883         0.1953844                       0
   4758 id2884        0.20466468                       0
   4760 id2886        0.11816488                       0
   4761 id4473       0.068483851                       0
   4776 id2900        0.50989544                       0
   4779 id2903        0.42104618                       0
   4784 id2908         0.4623655                       0
   4787 id4475        0.11610893                       0
   4802 id2924       0.045163131                       0
   4804 id2926         0.6709786                       0
   4810 id2932        0.32880392                       0
   4813 id4477       0.087078804                       0
   4830 id2950         0.3248555                       0
   4835 id2955        0.65623175                       0
   4839 id4479       0.081757271                       0
   4892 id3007        0.56775622                       0
   4893 id3008        0.44077553                       0
   4894 id3009        0.68587564                       0
   4897 id3012        0.24228611                       0
   4898 id3013        0.99569421                       0
   4899 id3014        0.76509026                       0
   4900 id3015        0.14421795                       0
   4902 id3017        0.88799574                       0
   4903 id3018        0.82215705                       0
   4904 id4484        0.46265406                       0
   4905 id3019        0.42807788                       0
   4907 id3021      0.0063662191                       0
   4910 id3024       0.018458692                       0
   4911 id3025     0.00013988418                       0
   4912 id3026        0.23074384                       0
   4915 id3029        0.10783836                       0
   4917 id4485        0.06596874                       0
   4919 id3032        0.53321038                       0
   4926 id3039        0.99675231                       0
   4930 id4486        0.12749689                       0
   4934 id3046        0.43899354                       0
   4937 id3049        0.17130208                       0
   4938 id3050        0.71411525                       0
   4943 id4487        0.11036757                       0
   4945 id3056        0.46354193                       0
   4954 id3065        0.10824693                       0
   4956 id4488       0.047649072                       0
   4976 id3085        0.81578186                       0
   4977 id3086        0.19380819                       0
   4982 id4490       0.084132505                       0
   4996 id3103        0.64676695                       0
   5003 id3110       0.088828868                       0
   5008 id4492       0.061299652                       0
   5027 id3132        0.63243646                       0
   5031 id3136       0.018136479                       0
   5034 id4494       0.054214411                       0
   5061 id3163        0.34998536                       0
   5070 id3172        0.17836156                       0
   5071 id3173        0.60652238                       0
   5073 id4497        0.10921794                       0
   5076 id3177        0.99675231                       0
   5077 id3178        0.55775877                       0
   5078 id3179        0.99675231                       0
   5079 id3180        0.36431585                       0
   5083 id3184        0.52876285                       0
   5085 id3186        0.88381568                       0
   5086 id4498        0.36067981                       0
   5106 id3205      0.0096683653                       0
   5109 id3208        0.27149142                       0
   5110 id3209        0.28198301                       0
   5111 id3210        0.11293663                       0
   5112 id4500       0.056339952                       0
   5113 id3211        0.69953669                       0
   5114 id3212        0.21253565                       0
   5122 id3220        0.54999563                       0
   5124 id3222        0.21199075                       0
   5125 id4501        0.13950489                       0
   5129 id3226        0.52402154                       0
   5132 id3229        0.20134134                       0
   5133 id3230        0.21685733                       0
   5138 id4502       0.078518351                       0
   5153 id3248        0.78262769                       0
   5156 id3251        0.86988091                       0
   5164 id4504        0.13770905                       0
   5170 id3264        0.99527262                       0
   5172 id3266       0.083115583                       0
   5173 id3267       0.018478657                       0
   5176 id3270       0.043108451                       0
   5177 id4505       0.094997943                       0
   5194 id3286         0.3290214                       0
   5195 id3287        0.12539171                       0
   5201 id3293        0.31603341                       0
   5202 id3294       0.088866244                       0
   5203 id4507       0.071609398                       0
   5213 id3304        0.44527699                       0
   5214 id3305         0.1184753                       0
   5215 id3306        0.37970505                       0
   5216 id4508       0.078621445                       0
   5231 id3320     0.00010928452                       0
   5232 id3321         0.1295701                       0
   5236 id3325         0.7896255                       0
   5238 id3327     0.00010928452                       0
   5241 id3330        0.27160214                       0
   5242 id4510       0.099251359                       0
   5243 id3331        0.29573593                       0
   5245 id3333        0.31284577                       0
   5251 id3339        0.12090263                       0
   5253 id3341        0.37595267                       0
   5255 id4511       0.092119751                       0
   5258 id3345        0.55285675                       0
   5268 id4512        0.16490713                       0
   5272 id3358        0.14222969                       0
   5276 id3362        0.68328233                       0
   5279 id3365       0.072806982                       0
   5281 id4513       0.074859917                       0
   5288 id3373      0.0043057851                       0
   5289 id3374       0.012017373                       0
   5290 id3375        0.85578205                       0
   5292 id3377        0.11200426                       0
   5294 id4514       0.082009123                       0
   5308 id3391       0.011148179                       0
   5309 id3392       0.017133992                       0
   5310 id3393       0.019356372                       0
   5312 id3395       0.019356372                       0
   5313 id3396       0.019356372                       0
   5315 id3398       0.019356372                       0
   5320 id4516      0.0088089716                       0
   5321 id3403       0.020014701                       0
   5322 id3404       0.026000514                       0
   5323 id3405       0.028222894                       0
   5324 id3406      0.0088665222                       0
   5325 id3407       0.028222894                       0
   5326 id3408       0.028222894                       0
   5327 id3409      0.0088665222                       0
   5328 id3410       0.028222894                       0
   5329 id3411      0.0088665222                       0
   5330 id3412      0.0088665222                       0
   5331 id3413      0.0088665222                       0
   5332 id3414      0.0088665222                       0
   5333 id4517       0.017675494                       0
   5451 id3523       0.016544846                       0
   5452 id3524       0.022530659                       0
   5453 id3525       0.024753039                       0
   5454 id3526      0.0053966671                       0
   5455 id3527       0.024753039                       0
   5456 id3528       0.024753039                       0
   5457 id3529      0.0053966671                       0
   5458 id3530       0.024753039                       0
   5459 id3531      0.0053966671                       0
   5460 id3532      0.0053966671                       0
   5461 id3533      0.0053966671                       0
   5462 id3534      0.0053966671                       0
   5463 id4527       0.014205639                       0
   5581 id3643       0.018510088                       0
   5582 id3644       0.018510088                       0
   5583 id3645       0.018510088                       0
   5584 id3646       0.018510088                       0
   5585 id3647       0.018510088                       0
   5586 id3648       0.018510088                       0
   5587 id3649       0.018510088                       0
   5588 id3650       0.018510088                       0
   5589 id3651       0.018510088                       0
   5590 id3652       0.018510088                       0
   5591 id3653       0.018510088                       0
   5592 id3654       0.018510088                       0
   5593 id4537       0.018510088                       0
   5594 id3655      0.0013724691                       0
   5597 id3658       0.022369246                       0
   5601 id3662       0.022369246                       0
   5606 id4538        0.01803443                       0
   5633 id3691       0.015867325                       0
   5634 id3692       0.014494856                       0
   5635 id3693       0.014494856                       0
   5636 id3694       0.036864103                       0
   5637 id3695       0.014494856                       0
   5638 id3696       0.014494856                       0
   5639 id3697       0.014494856                       0
   5640 id3698       0.036864103                       0
   5641 id3699       0.014494856                       0
   5642 id3700       0.014494856                       0
   5643 id3701       0.014494856                       0
   5644 id3702       0.014494856                       0
   5645 id4541       0.018337436                       0
   5802 id3847        0.11870291                       0
   5806 id3851       0.053657195                       0
   5807 id3852        0.15089428                       0
   5810 id3855       0.082513434                       0
   5813 id3858       0.082513434                       0
   5814 id4554       0.040690104                       0
   5999 id4029        0.15089428                       0
   6000 id4030        0.13756365                       0
   6001 id4031       0.086925355                       0
   6003 id4033       0.092825161                       0
   6004 id4034       0.020072802                       0
   6009 id4569       0.040690104                       0
   6193 id4208        0.13738269                       0
   6199 id4214        0.17555997                       0
   6201 id4216       0.082513434                       0
   6202 id4217       0.092825161                       0
   6204 id4584       0.040690104                       0
   7540 id45                5000                       0
   7546 id31                   1          -8.6737886e+13
   7547 id32                   1          -8.6648046e+13
   7548 id33                   1          -8.9748311e+13
   7549 id34                   1          -8.9748311e+13
   7550 id35                   1          -8.9748311e+13
   7551 id71           18.807611                       0
   7552 id72            19.38093                       0
   7553 id73           123.56575                       0
   7554 id74           98.082495                       0
   7555 id75           58.872484                       0
   7556 id76           51.558637                       0
   7557 id77           38.587072                       0
   7558 id78           44.263526                       0
   7559 id79           77.500404                       0
   7560 id80           96.989649                       0
   7561 id81           38.545515                       0
   7562 id82           16.986661                       0
   7563 id83            41.65901                       0
   7564 id84           32.476888                       0
   7565 id85           47.273754                       0
   7566 id86           691.03412                       0
   7567 id87             12.0182                       0
   7568 id88           647.41931                       0
   7569 id89                 700                       0
   7570 id90           308.20694                       0
   7571 id51           18.807611                       0
   7580 id100        0.024845308                       0
   7587 id52            19.38093                       0
   7594 id113        0.031215219                       0
   7603 id53           123.56575                       0
   7615 id133         0.20313153                       0
   7619 id54           98.082495                       0
   7621 id137         0.16239734                       0
   7635 id55           58.872484                       0
   7637 id152         0.17088146                       0
   7651 id56           51.558637                       0
   7660 id175        0.050165313                       0
   7667 id57           38.587072                       0
   7671 id184        0.048894823                       0
   7683 id58           44.263526                       0
   7684 id196         0.07788468                       0
   7699 id59           77.500404                       0
   7713 id225        0.076742358                       0
   7715 id60           96.989649                       0
   7720 id230         0.12435499                       0
   7731 id61           38.545515                       0
   7732 id241        0.068516349                       0
   7747 id62           16.986661                       0
   7761 id270        0.059255324                       0
   7763 id63            41.65901                       0
   7765 id272         0.11781138                       0
   7779 id64           32.476888                       0
   7782 id288        0.047649072                       0
   7795 id65           47.273754                       0
   7800 id305        0.094997943                       0
   7811 id66           691.03412                       0
   7819 id323                  1                       0
   7827 id67             12.0182                       0
   7832 id335        0.034018076                       0
   7843 id68           647.41931                       0
   7854 id356                  1                       0
   7859 id69                 700                       0
   7861 id362         0.79564692                       0
   7875 id70           308.20694                       0
   7880 id380                  1                       0
