Stopped on time - objective value 204.00000000
      0 h                    204                       0
      7 X0.32                  1                       0
    249 X1.197                 1                      16
    333 X2.132                 1                      92
    430 X3.93                  1                       0
    525 X4.0                   1                       0
    809 X5.220                 1                       0
    859 X6.98                  1                       0
    958 X7.27                  1                       0
   1214 X8.158                 1                      17
   1266 X9.26                  1                       0
   1474 X10.100                1                       0
   1745 X11.218                1                       0
   1919 X12.227                1                       0
   1966 X13.90                 1                       0
   2237 X14.181                1                      79
   2480 X15.267                1                       0
   2482 X16.0                  1                       0
   2665 X17.0                  1                       0
   3047 X18.295                1                       0
   3149 X19.298                1                       0
