Stopped on time (no integer solution - continuous used) - objective value 76.56730000
      0 x(0,0)                       1                       0
      1 x(1,1)              0.49940875                       0
      2 x(2,2)                       1                       0
      3 x(3,3)                       1                       0
      4 x(4,4)                     0.5                       0
      5 x(5,5)                       1                       0
      6 x(6,6)              0.50059125                       0
      7 x(7,7)                     0.5                       0
      8 x(8,8)                       1                       0
      9 x(9,9)              0.50059125                       0
     10 x(10,10)                     1           -4.166465e-16
     11 x(11,11)                   0.5                       0
     12 x(12,12)            0.40821633                       0
     13 x(13,13)            0.74620324                       0
     14 x(14,14)            0.41675834                       0
     15 x(15,15)            0.34085669                       0
     16 x(16,16)                     1                       0
     17 x(17,17)                   0.5                       0
     18 x(18,18)                   0.5                       0
     19 x(19,19)            0.14197572                       0
     20 x(20,20)                   0.5                       0
     21 x(21,21)            0.69470046                       0
     22 x(22,22)          0.0058548465                       0
     23 x(23,23)                   0.5                       0
     24 x(24,24)                   0.5                       0
     25 x(25,25)                   0.5                       0
     26 x(26,26)            0.30529954                       0
     27 x(27,27)             0.1059646                       0
     28 x(28,28)            0.33576785                       0
     30 x(30,30)            0.15914331                       0
     31 x(31,31)                   0.5                       0
     32 x(32,32)            0.50059125                       0
     33 x(33,33)                   0.5                       0
     34 x(34,34)            0.35861553                       0
     35 x(35,35)            0.16276539                       0
     37 x(37,37)            0.24462341                       0
     39 x(39,39)           0.077386811                       0
     40 x(40,40)                   0.5                       0
     41 x(41,41)            0.50059125                       0
     44 x(44,44)            0.17171915                       0
     45 x(45,45)            0.24462341                       0
     46 x(46,46)            0.16276539                       0
     47 x(47,47)            0.11775025                       0
     48 x(48,48)            0.59178367                       0
     49 x(49,49)                   0.5                       0
     50 x(50,50)            0.14161303                       0
     51 x(51,51)            0.15695146                       0
     52 x(52,52)           0.083241657                       0
     53 x(53,53)             0.3420568                       0
     54 x(54,54)             0.1222317                       0
     55 x(55,55)                   0.5                       0
     56 x(56,56)            0.40506726                       0
     57 x(57,57)            0.22484445                       0
     58 x(58,58)           0.083241657                       0
     60 x(60,60)                   0.5                       0
     61 x(61,61)                   0.5                       0
     62 x(62,62)            0.20213989                       0
     63 x(63,63)                   0.5                       0
     64 x(64,64)           0.057537386                       0
     65 x(65,65)           0.074287895                       0
     67 x(67,67)            0.23865867                       0
     69 x(69,69)                   0.5                       0
     70 x(70,70)                   0.5                       0
     72 x(72,72)            0.28545597                       0
     74 x(74,74)            0.34085669                       0
     75 x(75,75)            0.26134133                       0
     77 x(77,77)           0.085950004                       0
     80 x(80,80)           0.083241657                       0
     83 x(83,83)            0.11255414                       0
     86 x(86,86)            0.25498766                       0
     87 x(87,87)            0.25537659                       0
     89 x(89,89)            0.30529954                       0
     90 x(90,90)            0.24049786                       0
     91 x(91,91)            0.14009988                       0
     92 x(92,92)            0.16423215                       0
     96 x(96,96)           0.070665814                       0
     99 x(99,99)            0.17155074                       0
    100 x(100,100)                 0.5                       0
    101 x(101,101)         0.087291965                       0
    102 x(102,102)         0.053450974                       0
    105 x(105,105)          0.14138447                       0
    106 x(106,106)          0.24108911                       0
    110 x(110,110)                 0.5                       0
    111 x(111,111)                 0.5                       0
    112 x(112,112)          0.24108911                       0
    118 x(118,118)         0.099318591                       0
    120 x(120,120)           0.2476208                       0
    121 x(121,121)         0.081606103                       0
    125 x(125,125)                 0.5                       0
    130 x(130,130)         0.030468306                       0
    132 x(132,132)          0.55753739                       0
    133 x(133,133)          0.19470046                       0
    135 x(135,135)         0.057537386                       0
    138 x(138,138)          0.13892174                       0
    139 x(139,139)          0.16423215                       0
    142 x(142,142)         0.056804761                       0
    143 x(143,143)          0.20180139                       0
    147 x(147,147)          0.22031432                       0
    148 x(148,148)           0.0372897                       0
    151 x(151,151)         0.061100938                       0
    152 x(152,152)                 0.5                       0
    154 x(154,154)          0.16423215                       0
    155 x(155,155)          0.15914331                       0
    160 x(160,160)          0.24238497                       0
    161 x(161,161)                 0.5                       0
    163 x(163,163)                 0.5                       0
    167 x(167,167)         0.046034504                       0
    168 x(168,168)         0.076815385                       0
    172 x(172,172)          0.20180139                       0
    174 x(174,174)          0.19470046                       0
    176 x(176,176)                 0.5                       0
    180 x(180,180)        0.0070577701                       0
    185 x(185,185)          0.30221615                       0
    186 x(186,186)          0.45079718                       0
    188 x(188,188)         0.062994561                       0
    189 x(189,189)          0.24427205                       0
    192 x(192,192)         0.050479616                       0
    193 x(193,193)         0.091783671                       0
    194 x(194,194)         0.064179087                       0
    195 x(195,195)        3.447211e-06                       0
    199 x(199,199)         0.050479616                       0
    203 x(203,203)         0.077386811                       0
    205 x(205,205)         0.071092001                       0
    206 x(206,206)         0.050479616                       0
    207 x(207,207)          0.25101866                       0
    208 x(208,208)          0.11517893                       0
    212 x(212,212)         0.033216143                       0
    213 x(213,213)          0.19967483                       0
    214 x(214,214)          0.16845753                       0
    215 x(215,215)        0.0076850965                       0
    216 x(216,216)         0.077313241                       0
    220 x(220,220)          0.17228707                       0
    221 x(221,221)          0.31776063                       0
    222 x(222,222)           0.3448814                       0
    223 x(223,223)          0.52615591                       0
    224 x(224,224)          0.58729197                       0
    225 x(225,225)          0.34304854                       0
    226 x(226,226)          0.33359639                       0
    227 x(227,227)                 0.5                       0
    228 x(228,228)          0.43702844                       0
    229 x(229,229)          0.49855678                       0
    230 x(230,230)          0.42093426                       0
    231 x(231,231)                   1           -1.109072e-15
    232 x(232,232)          0.62937514                       0
    233 x(233,233)                   1          -2.2949869e-16
    234 x(234,234)          0.48531171                       0
    235 x(235,235)                   1          -4.2543997e-16
    236 x(236,236)          0.25313473                       0
    237 x(237,237)          0.19774976                       0
    238 x(238,238)                 0.5                       0
    239 x(239,239)          0.45371703                       0
    240 x(240,240)          0.85995316                       0
    241 x(241,241)           0.5047899                       0
    242 x(242,242)          0.54628297                       0
    243 x(243,243)          0.30670836                       0
    244 x(244,244)          0.24733627                       0
    245 x(245,245)                 0.5                       0
    246 x(246,246)          0.44043645                       0
    247 x(247,247)          0.15430245                       0
    248 x(248,248)          0.18250348                       0
    249 x(249,249)          0.56297156                       0
    250 x(250,250)          0.28881597                       0
    251 x(251,251)                 0.5                       0
    252 x(252,252)                 0.5                       0
    253 x(253,253)          0.14591237                       0
    254 x(254,254)          0.19774976                       0
    255 x(255,255)           0.2808276                       0
    256 x(256,256)          0.57727594                       0
    257 x(257,257)          0.69470046                       0
    258 x(258,258)         0.059563553                       0
    259 x(259,259)          0.59951505                       0
    260 x(260,260)          0.54628297                       0
    261 x(261,261)          0.40048495                       0
    263 x(263,263)                 0.5                       0
    264 x(264,264)          0.32581162                       0
    265 x(265,265)          0.07314075                       0
    266 x(266,266)         0.066727026                       0
    267 x(267,267)          0.43370995                       0
    268 x(268,268)         0.099515051                       0
    269 x(269,269)          0.54628297                       0
    270 x(270,270)          0.30771717                       0
    271 x(271,271)          0.46428796                       0
    272 x(272,272)          0.14709382                       0
    273 x(273,273)          0.14137853                       0
    274 x(274,274)          0.13241669                       0
    275 x(275,275)          0.22554487                       0
    276 x(276,276)                 0.5                       0
    277 x(277,277)          0.15911234                       0
    278 x(278,278)          0.14666856                       0
    279 x(279,279)          0.24280918                       0
    280 x(280,280)          0.09209039                       0
    281 x(281,281)          0.40220484                       0
    283 x(283,283)          0.21651501                       0
    284 x(284,284)          0.24132497                       0
    285 x(285,285)         0.066290052                       0
    287 x(287,287)          0.23031514                       0
    291 x(291,291)          0.55956355                       0
    292 x(292,292)          0.19228283                       0
    293 x(293,293)          0.45371703                       0
    294 x(294,294)          0.36748002                       0
    295 x(295,295)         0.066290052                       0
    296 x(296,296)          0.30771717                       0
    297 x(297,297)                 0.5                       0
    298 x(298,298)          0.18252009                       0
    299 x(299,299)         0.049812734                       0
    300 x(300,300)          0.10876631                       0
    302 x(302,302)          0.12285451                       0
    305 x(305,305)         0.056454303                       0
    306 x(306,306)                 0.5                       0
    307 x(307,307)                 0.5                       0
    310 x(310,310)          0.13251998                       0
    313 x(313,313)           0.1072756                       0
    318 x(318,318)          0.13623712                       0
    319 x(319,319)          0.25393577                       0
    321 x(321,321)         0.097795164                       0
    322 x(322,322)                 0.5                       0
    323 x(323,323)         0.099849984                       0
    325 x(325,325)         0.037509409                       0
    328 x(328,328)          0.32581162                       0
    329 x(329,329)         0.092730587                       0
    330 x(330,330)          0.22043527                       0
    331 x(331,331)          0.28438596                       0
    332 x(332,332)          0.20051602                       0
    333 x(333,333)          0.18531981                       0
    336 x(336,336)         0.039005522                       0
    339 x(339,339)         0.055141415                       0
    340 x(340,340)          0.27237638                       0
    341 x(341,341)          0.15605049                       0
    346 x(346,346)         0.073627912                       0
    347 x(347,347)          0.13241669                       0
    350 x(350,350)          0.07999007                       0
    351 x(351,351)          0.12592016                       0
    353 x(353,353)          0.20200818                       0
    354 x(354,354)         0.049370368                       0
    356 x(356,356)          0.35703645                       0
    360 x(360,360)          0.15265449                       0
    368 x(368,368)          0.35169239                       0
    369 x(369,369)         0.046282974                       0
    370 x(370,370)          0.12315182                       0
    371 x(371,371)         0.099515051                       0
    372 x(372,372)         0.046282974                       0
    373 x(373,373)          0.33164783                       0
    376 x(376,376)         0.020955753                       0
    377 x(377,377)          0.10876631                       0
    378 x(378,378)         0.034750455                       0
    379 x(379,379)         0.053031703                       0
    380 x(380,380)          0.07943779                       0
    381 x(381,381)          0.13251564                       0
    384 x(384,384)         0.023491078                       0
    385 x(385,385)         0.027341197                       0
    386 x(386,386)         0.037109439                       0
    389 x(389,389)         0.037528759                       0
    394 x(394,394)         0.029746703                       0
    396 x(396,396)          0.10876631                       0
    398 x(398,398)          0.20557169                       0
    402 x(402,402)         0.046282974                       0
    409 x(409,409)         0.011447998                       0
    410 x(410,410)         0.068108653                       0
    415 x(415,415)         0.049586513                       0
    419 x(419,419)         0.048711641                       0
    421 x(421,421)          0.01755594                       0
    423 x(423,423)         0.023675018                       0
    424 x(424,424)          0.07184958                       0
    429 x(429,429)          0.10595521                       0
    430 x(430,430)         0.066941986                       0
    435 x(435,435)         0.018765885                       0
    445 x(445,445)        0.0045957111                       0
    446 x(446,446)         0.093493657                       0
    449 x(449,449)          0.09485136                       0
    464 x(464,464)          0.03564001                       0
    469 x(469,469)         0.089506486                       0
    472 x(472,472)         0.027097142                       0
    473 x(473,473)         0.056510584                       0
    474 x(474,474)         0.034350577                       0
    475 x(475,475)         0.056073271                       0
    476 x(476,476)         0.025082557                       0
    478 x(478,478)         0.041168063                       0
    479 x(479,479)         0.085303772                       0
    483 x(483,483)         0.068193367                       0
    484 x(484,484)         0.039150336                       0
    486 x(486,486)         0.041973138                       0
    489 x(489,489)         0.032138897                       0
    491 x(491,491)         0.047157569                       0
    500 x(0,1)              0.50059125                       0
    501 x(0,6)              0.49940875                       0
    502 x(0,9)              0.49940875                       0
    503 x(0,19)             0.49940875                       0
    504 x(0,32)             0.49940875                       0
    506 x(0,41)             0.49940875                       0
    508 x(0,54)             0.49940875                       0
    511 x(0,109)            0.49940875                       0
    519 x(0,157)          0.0023738062                       0
    576 x(0,90)             0.50059125                       0
    592 x(1,27)             0.23127001                       0
    596 x(1,55)                    0.5                       0
    605 x(1,98)                    0.5                       0
    608 x(1,112)                   0.5                       0
    670 x(1,68)                    0.5                       0
    686 x(2,4)                     0.5                       0
    687 x(2,7)                     0.5                       0
    689 x(2,17)                    0.5                       0
    693 x(2,39)                    0.5                       0
    695 x(2,61)                    0.5                       0
    697 x(2,84)                    0.5                       0
    701 x(2,106)                   0.5                       0
    703 x(2,117)                   0.5                       0
    704 x(2,123)                   0.5                       0
    713 x(2,189)            0.20756173                       0
    766 x(2,18)                    0.5                       0
    791 x(3,13)             0.25379676                       0
    796 x(3,36)                    0.5                       0
    797 x(3,46)                    0.5                       0
    799 x(3,56)                    0.5                       0
    800 x(3,63)                    0.5                       0
    805 x(3,85)                    0.5                       0
    810 x(3,115)                   0.5                       0
    823 x(3,212)            0.46678386                       0
    825 x(3,215)                   0.5                       0
    889 x(3,24)                    0.5                       0
    895 x(4,26)             0.69470046                       0
    899 x(4,72)             0.30529954                       0
    903 x(4,89)             0.69470046                       0
    907 x(4,133)            0.30529954                       0
    910 x(4,156)            0.30529954                       0
    913 x(4,170)            0.30529954                       0
    967 x(4,21)             0.30529954                       0
    989 x(5,15)             0.65914331                       0
    993 x(5,30)             0.34085669                       0
    995 x(5,53)             0.34085669                       0
    998 x(5,96)             0.34085669                       0
   1001 x(5,120)            0.34085669                       0
   1004 x(5,136)            0.34085669                       0
   1005 x(5,155)            0.34085669                       0
   1006 x(5,160)            0.34085669                       0
   1007 x(5,166)            0.34085669                       0
   1009 x(5,173)            0.34085669                       0
   1044 x(5,420)             0.2168369                       0
   1063 x(5,74)             0.65914331                       0
   1067 x(5,204)            0.34085669                       0
   1083 x(6,37)             0.75537659                       0
   1087 x(6,45)             0.75537659                       0
   1092 x(6,87)             0.24462341                       0
   1099 x(6,121)            0.24462341                       0
   1153 x(6,38)             0.24462341                       0
   1156 x(6,103)            0.24462341                       0
   1157 x(6,113)            0.24462341                       0
   1174 x(7,12)             0.59178367                       0
   1177 x(7,48)             0.40821633                       0
   1181 x(7,66)             0.40821633                       0
   1186 x(7,83)             0.40821633                       0
   1188 x(7,91)             0.59178367                       0
   1204 x(7,175)            0.40821633                       0
   1206 x(7,193)            0.40821633                       0
   1270 x(8,11)                    0.5                       0
   1272 x(8,29)                    0.5                       0
   1273 x(8,35)                    0.5                       0
   1278 x(8,59)                    0.5                       0
   1279 x(8,60)                    0.5                       0
   1282 x(8,67)                    0.5                       0
   1283 x(8,69)                    0.5                       0
   1294 x(8,137)                   0.5                       0
   1297 x(8,153)                   0.5                       0
   1304 x(8,214)           0.072631579                       0
   1350 x(8,79)                    0.5                       0
   1363 x(8,70)                    0.5                       0
   1370 x(9,47)                    0.5                       0
   1379 x(9,95)                    0.5                       0
   1380 x(9,100)                   0.5                       0
   1383 x(9,122)                   0.5                       0
   1384 x(9,125)                   0.5                       0
   1387 x(9,161)                   0.5                       0
   1394 x(9,206)                   0.5                       0
   1448 x(9,159)                   0.5                       0
   1453 x(10,20)                   0.5                       0
   1456 x(10,42)                   0.5                       0
   1457 x(10,43)                   0.5                       0
   1458 x(10,51)                   0.5                       0
   1462 x(10,101)                  0.5                       0
   1464 x(10,118)                  0.5                       0
   1468 x(10,150)                  0.5                       0
   1474 x(10,195)                  0.5                       0
   1489 x(10,266)          0.062534588                       0
   1521 x(10,23)                   0.5                       0
   1535 x(11,33)                   0.5                       0
   1542 x(11,71)                   0.5                       0
   1543 x(11,76)                   0.5                       0
   1546 x(11,81)                   0.5                       0
   1563 x(11,187)           0.40888278                       0
   1630 x(11,219)                  0.5                       0
   1637 x(12,28)            0.66423215                       0
   1644 x(12,86)            0.33576785                       0
   1647 x(12,92)            0.33576785                       0
   1648 x(12,97)            0.33576785                       0
   1653 x(12,130)           0.66423215                       0
   1655 x(12,139)           0.33576785                       0
   1657 x(12,154)           0.33576785                       0
   1661 x(12,202)           0.33576785                       0
   1728 x(13,14)            0.58324166                       0
   1732 x(13,22)            0.41675834                       0
   1737 x(13,44)            0.41675834                       0
   1738 x(13,52)            0.41675834                       0
   1740 x(13,58)            0.41675834                       0
   1742 x(13,62)            0.41675834                       0
   1745 x(13,73)            0.41675834                       0
   1811 x(13,140)           0.58324166                       0
   1824 x(14,94)                   0.5                       0
   1829 x(14,127)                  0.5                       0
   1838 x(14,172)                  0.5                       0
   1897 x(14,147)                  0.5                       0
   1911 x(15,93)                   0.5                       0
   1922 x(15,185)                  0.5                       0
   1962 x(15,107)                  0.5                       0
   1970 x(15,379)          0.062535822                       0
   1981 x(16,29)                   0.5                       0
   1983 x(16,49)                   0.5                       0
   1987 x(16,80)                   0.5                       0
   1990 x(16,88)                   0.5                       0
   1995 x(16,111)                  0.5                       0
   2000 x(16,171)                  0.5                       0
   2001 x(16,188)                  0.5                       0
   2003 x(16,200)                  0.5                       0
   2006 x(16,209)           0.22547743                       0
   2059 x(16,40)                   0.5                       0
   2067 x(16,167)                  0.5                       0
   2083 x(17,19)            0.35861553                       0
   2087 x(17,34)            0.64138447                       0
   2093 x(17,105)           0.35861553                       0
   2097 x(17,114)           0.35861553                       0
   2106 x(17,166)           0.35861553                       0
   2113 x(17,208)           0.35861553                       0
   2187 x(18,27)            0.66276539                       0
   2188 x(18,35)            0.33723461                       0
   2190 x(18,46)            0.33723461                       0
   2191 x(18,50)            0.33723461                       0
   2193 x(18,65)            0.33723461                       0
   2196 x(18,77)            0.33723461                       0
   2269 x(18,53)            0.31708651                       0
   2284 x(19,36)                   0.5                       0
   2331 x(19,308)           0.17322594                       0
   2380 x(20,22)            0.57738681                       0
   2399 x(20,182)           0.42261319                       0
   2400 x(20,203)           0.42261319                       0
   2454 x(20,39)            0.42261319                       0
   2457 x(20,128)           0.57738681                       0
   2459 x(20,201)           0.42261319                       0
   2470 x(20,57)            0.42261319                       0
   2477 x(21,25)                   0.5                       0
   2479 x(21,31)                   0.5                       0
   2480 x(21,43)                   0.5                       0
   2488 x(21,129)                  0.5                       0
   2493 x(21,144)                  0.5                       0
   2495 x(21,162)                  0.5                       0
   2498 x(21,174)                  0.5                       0
   2499 x(21,181)           0.21443992                       0
   2564 x(21,102)                  0.5                       0
   2567 x(21,176)                  0.5                       0
   2665 x(22,429)          0.026147722                       0
   2703 x(23,54)            0.37835955                       0
   2704 x(23,64)            0.44246261                       0
   2716 x(23,132)           0.44246261                       0
   2717 x(23,135)           0.44246261                       0
   2722 x(23,169)           0.55753739                       0
   2726 x(23,180)           0.44246261                       0
   2731 x(23,205)           0.44246261                       0
   2794 x(24,30)                   0.5                       0
   2814 x(24,152)                  0.5                       0
   2819 x(24,183)                  0.5                       0
   2825 x(24,211)                  0.5                       0
   2826 x(24,218)           0.24069286                       0
   2895 x(24,104)                  0.5                       0
   2911 x(25,141)                  0.5                       0
   2912 x(25,143)                  0.5                       0
   2914 x(25,155)                  0.5                       0
   2920 x(25,197)                  0.5                       0
   2921 x(25,198)                  0.5                       0
   2927 x(25,222)            0.1551186                       0
   3000 x(26,62)            0.38110177                       0
   3027 x(26,204)           0.38110177                       0
   3030 x(26,216)           0.38110177                       0
   3080 x(26,134)           0.61889823                       0
   3115 x(27,148)            0.9627103                       0
   3198 x(28,67)            0.26134133                       0
   3200 x(28,75)            0.73865867                       0
   3207 x(28,119)           0.26134133                       0
   3215 x(28,164)           0.26134133                       0
   3253 x(28,421)           0.04508609                       0
   3270 x(28,217)           0.73865867                       0
   3465 x(30,38)            0.75537659                       0
   3489 x(31,51)            0.34304854                       0
   3493 x(31,66)            0.59178367                       0
   3506 x(31,173)           0.34304854                       0
   3507 x(31,179)           0.40821633                       0
   3516 x(31,221)           0.34304854                       0
   3559 x(31,124)           0.65695146                       0
   3576 x(32,47)            0.38224975                       0
   3578 x(32,56)            0.09493274                       0
   3582 x(32,82)                   0.5                       0
   3584 x(32,108)                  0.5                       0
   3598 x(32,210)                  0.5                       0
   3650 x(32,178)                  0.5                       0
   3663 x(32,113)                  0.5                       0
   3673 x(33,72)            0.40924449                       0
   3676 x(33,83)            0.47922953                       0
   3678 x(33,86)            0.40924449                       0
   3686 x(33,126)           0.59075551                       0
   3694 x(33,189)           0.40924449                       0
   3749 x(34,44)            0.41152251                       0
   3751 x(34,65)            0.58847749                       0
   3756 x(34,96)            0.58847749                       0
   3758 x(34,120)           0.41152251                       0
   3759 x(34,131)           0.41152251                       0
   3788 x(34,319)           0.18309267                       0
   3839 x(35,50)            0.52115236                       0
   3848 x(35,99)            0.32844926                       0
   3863 x(35,220)           0.47884764                       0
   4030 x(37,77)            0.57681538                       0
   4042 x(37,145)           0.50421063                       0
   4044 x(37,168)           0.42318462                       0
   4226 x(39,149)           0.36925296                       0
   4304 x(40,42)                   0.5                       0
   4305 x(40,52)                   0.5                       0
   4307 x(40,78)                   0.5                       0
   4308 x(40,79)                   0.5                       0
   4320 x(40,121)           0.17377049                       0
   4324 x(40,142)                  0.5                       0
   4379 x(40,58)                   0.5                       0
   4411 x(41,110)                  0.5                       0
   4417 x(41,137)                  0.5                       0
   4420 x(41,157)                  0.5                       0
   4426 x(41,194)                  0.5                       0
   4430 x(41,213)           0.30032517                       0
   4466 x(41,163)                  0.5                       0
   4699 x(44,202)           0.66423215                       0
   4722 x(44,408)          0.084312117                       0
   4770 x(45,57)            0.35254236                       0
   4772 x(45,59)                   0.5                       0
   4869 x(45,76)                   0.5                       0
   4871 x(45,209)           0.17099222                       0
   4893 x(46,94)                   0.5                       0
   4972 x(46,164)           0.34758936                       0
   5072 x(47,97)            0.66423215                       0
   5080 x(48,84)                   0.5                       0
   5083 x(48,106)           0.25891089                       0
   5085 x(48,112)           0.25891089                       0
   5091 x(48,145)           0.25891089                       0
   5099 x(48,208)           0.25891089                       0
   5100 x(48,214)           0.25891089                       0
   5137 x(48,90)            0.25891089                       0
   5139 x(48,103)           0.25891089                       0
   5158 x(48,177)           0.74108911                       0
   5166 x(49,64)                   0.5                       0
   5167 x(49,87)                   0.5                       0
   5173 x(49,133)                  0.5                       0
   5174 x(49,136)           0.15914331                       0
   5175 x(49,139)                  0.5                       0
   5179 x(49,167)            0.4539655                       0
   5181 x(49,199)                  0.5                       0
   5273 x(50,186)           0.54920282                       0
   5348 x(51,123)                  0.5                       0
   5424 x(51,241)          0.094725155                       0
   5466 x(52,182)           0.34286884                       0
   5539 x(53,73)            0.58324166                       0
   5543 x(53,80)            0.41675834                       0
   5558 x(53,160)           0.41675834                       0
   5644 x(54,146)           0.41270803                       0
   5651 x(54,207)           0.58729197                       0
   5730 x(54,101)           0.41270803                       0
   5735 x(55,93)                   0.5                       0
   5737 x(55,105)                  0.5                       0
   5754 x(55,191)                  0.5                       0
   5756 x(55,197)           0.22006745                       0
   5758 x(55,218)                  0.5                       0
   5814 x(56,98)                   0.5                       0
   5833 x(56,215)            0.4923149                       0
   5834 x(56,216)            0.4923149                       0
   5901 x(56,190)            0.5076851                       0
   5973 x(57,158)                    1                       0
   6009 x(58,250)            0.3089792                       0
   6159 x(60,88)                   0.5                       0
   6162 x(60,95)                   0.5                       0
   6166 x(60,117)                  0.5                       0
   6169 x(60,121)                  0.5                       0
   6181 x(60,221)           0.33919083                       0
   6229 x(60,91)            0.26811645                       0
   6246 x(61,68)                   0.5                       0
   6248 x(61,71)                   0.5                       0
   6251 x(61,92)                   0.5                       0
   6261 x(61,142)            0.3042735                       0
   6264 x(61,154)                  0.5                       0
   6315 x(61,99)                   0.5                       0
   6344 x(62,143)           0.29819861                       0
   6349 x(62,165)           0.70180139                       0
   6353 x(62,172)           0.29819861                       0
   6415 x(63,82)                   0.5                       0
   6424 x(63,140)           0.41675834                       0
   6433 x(63,256)           0.22497431                       0
   6486 x(63,151)                  0.5                       0
   6487 x(63,213)                  0.5                       0
   6528 x(64,265)            0.2840465                       0
   6610 x(65,170)           0.33011325                       0
   6777 x(67,104)                  0.5                       0
   6783 x(67,135)                  0.5                       0
   6823 x(67,414)           0.19871998                       0
   6941 x(69,102)           0.44654903                       0
   6946 x(69,116)           0.55345097                       0
   6950 x(69,147)           0.27968568                       0
   6957 x(69,196)           0.44654903                       0
   7012 x(69,119)           0.44654903                       0
   7025 x(70,78)                   0.5                       0
   7027 x(70,85)                   0.5                       0
   7029 x(70,107)                  0.5                       0
   7040 x(70,149)                  0.5                       0
   7048 x(70,198)           0.16835217                       0
   7102 x(70,127)                  0.5                       0
   7204 x(72,181)           0.36849846                       0
   7256 x(72,115)           0.36107826                       0
   7257 x(72,166)           0.30052778                       0
   7364 x(74,118)           0.40068141                       0
   7380 x(74,229)           0.50144322                       0
   7409 x(74,433)           0.10359301                       0
   7435 x(74,128)           0.42261319                       0
   7444 x(75,81)                   0.5                       0
   7454 x(75,162)                  0.5                       0
   7456 x(75,192)                  0.5                       0
   7671 x(77,364)           0.30611786                       0
   7939 x(80,467)           0.34208724                       0
   8239 x(83,131)           0.58847749                       0
   8417 x(86,113)           0.25537659                       0
   8418 x(86,116)           0.44654903                       0
   8427 x(86,164)           0.39106931                       0
   8469 x(86,463)          0.091744898                       0
   8496 x(87,138)           0.86107826                       0
   8497 x(87,142)           0.13892174                       0
   8499 x(87,151)           0.13892174                       0
   8507 x(87,189)           0.13892174                       0
   8558 x(87,495)           0.13892174                       0
   8578 x(87,115)           0.13892174                       0
   8660 x(89,114)           0.64138447                       0
   8675 x(89,205)           0.48644539                       0
   8676 x(89,209)           0.10353035                       0
   8753 x(90,219)                  0.5                       0
   8772 x(90,339)           0.10889671                       0
   8804 x(90,144)                  0.5                       0
   8866 x(91,418)           0.43558119                       0
   8894 x(92,134)           0.38110177                       0
   8897 x(92,145)           0.23687848                       0
   8962 x(92,422)           0.40453706                       0
   9206 x(96,201)           0.57738681                       0
   9500 x(99,481)           0.10236193                       0
   9510 x(99,103)           0.49646571                       0
   9529 x(100,109)          0.50059125                       0
   9532 x(100,124)          0.34304854                       0
   9545 x(100,182)          0.23451797                       0
   9551 x(100,225)          0.65695146                       0
   9560 x(100,283)          0.34304854                       0
   9579 x(100,374)          0.19295412                       0
   9608 x(100,317)          0.34304854                       0
   9620 x(101,108)                 0.5                       0
   9756 x(102,393)          0.32416156                       0
   9952 x(105,141)                 0.5                       0
   9961 x(105,208)          0.26729465                       0
  10033 x(106,165)          0.29819861                       0
  10034 x(106,173)          0.31609476                       0
  10047 x(106,226)          0.66640361                       0
  10073 x(106,384)         0.013059048                       0
  10341 x(110,119)          0.29210964                       0
  10346 x(110,136)                 0.5                       0
  10349 x(110,168)                 0.5                       0
  10350 x(110,169)          0.44246261                       0
  10353 x(110,214)                 0.5                       0
  10396 x(110,196)          0.18568419                       0
  10402 x(110,350)                 0.5                       0
  10417 x(111,153)                 0.5                       0
  10418 x(111,156)          0.69470046                       0
  10424 x(111,174)          0.30529954                       0
  10440 x(111,257)          0.30529954                       0
  10444 x(111,271)          0.53571204                       0
  10445 x(111,286)          0.30529954                       0
  10480 x(111,130)          0.30529954                       0
  10498 x(112,129)                 0.5                       0
  10505 x(112,159)                 0.5                       0
  10513 x(112,212)                 0.5                       0
  10516 x(112,216)         0.049270088                       0
  10931 x(118,122)                 0.5                       0
  11080 x(120,126)          0.40924449                       0
  11132 x(120,491)          0.14721119                       0
  11150 x(120,157)          0.49762619                       0
  11213 x(121,412)          0.31000077                       0
  11448 x(125,149)          0.13074704                       0
  11454 x(125,171)                 0.5                       0
  11456 x(125,195)          0.49999655                       0
  11460 x(125,209)                 0.5                       0
  11463 x(125,223)          0.47384409                       0
  11864 x(130,352)          0.16868946                       0
  11986 x(132,170)          0.36458721                       0
  11988 x(132,180)          0.55047962                       0
  11990 x(132,192)          0.44952038                       0
  12007 x(132,323)          0.44952038                       0
  12038 x(132,199)          0.44952038                       0
  12039 x(132,206)          0.44952038                       0
  12045 x(132,494)          0.15095731                       0
  12057 x(133,191)                 0.5                       0
  12060 x(133,217)          0.26134133                       0
  12068 x(133,258)                 0.5                       0
  12103 x(133,479)         0.034981807                       0
  12270 x(135,360)          0.34734551                       0
  12449 x(138,289)          0.59676523                       0
  12497 x(139,178)                 0.5                       0
  12500 x(139,194)          0.43582091                       0
  12704 x(142,185)          0.19778385                       0
  12783 x(143,146)          0.58729197                       0
  12784 x(143,151)          0.29997733                       0
  12803 x(143,224)          0.41270803                       0
  13054 x(147,150)                 0.5                       0
  13060 x(147,177)          0.25891089                       0
  13094 x(147,410)          0.40821633                       0
  13117 x(147,175)          0.59178367                       0
  13174 x(148,391)          0.19871199                       0
  13380 x(151,394)          0.23180384                       0
  13418 x(152,183)                 0.5                       0
  13422 x(152,200)                 0.5                       0
  13428 x(152,222)                 0.5                       0
  13436 x(152,290)                 0.5                       0
  13441 x(152,316)                 0.5                       0
  13465 x(152,456)         0.023414219                       0
  13569 x(154,184)                 0.5                       0
  13607 x(154,452)          0.20664375                       0
  13636 x(155,181)          0.41706162                       0
  13692 x(155,497)          0.20821725                       0
  13985 x(160,187)          0.59111722                       0
  13988 x(160,207)          0.16168938                       0
  13992 x(160,220)          0.34886529                       0
  13994 x(160,234)          0.51468829                       0
  14035 x(160,485)          0.11304996                       0
  14054 x(161,193)                 0.5                       0
  14074 x(161,276)                 0.5                       0
  14096 x(161,401)          0.17680608                       0
  14115 x(161,203)                 0.5                       0
  14120 x(161,365)                 0.5                       0
  14123 x(161,184)                 0.5                       0
  14189 x(163,198)          0.33164783                       0
  14195 x(163,240)          0.14004684                       0
  14203 x(163,309)          0.66835217                       0
  14212 x(163,362)          0.33164783                       0
  14214 x(163,373)          0.66835217                       0
  14217 x(163,392)          0.27843818                       0
  14486 x(167,453)          0.18664461                       0
  14508 x(168,188)          0.43700544                       0
  14806 x(172,196)          0.36776679                       0
  14812 x(172,387)          0.41648211                       0
  14886 x(174,179)          0.59178367                       0
  14889 x(174,204)          0.27804154                       0
  14915 x(174,382)          0.24185175                       0
  15005 x(176,197)          0.27993255                       0
  15021 x(176,329)          0.37532442                       0
  15032 x(176,403)          0.37532442                       0
  15044 x(176,482)          0.37532442                       0
  15049 x(176,333)          0.62467558                       0
  15269 x(180,336)         0.074386938                       0
  15581 x(185,318)                 0.5                       0
  15595 x(185,404)          0.42766212                       0
  15608 x(185,211)                 0.5                       0
  15609 x(185,218)          0.25930714                       0
  15642 x(186,278)                 0.5                       0
  15654 x(186,377)                 0.5                       0
  15668 x(186,424)                 0.5                       0
  15684 x(186,423)                 0.5                       0
  15750 x(188,190)           0.4923149                       0
  15817 x(189,270)          0.19228283                       0
  15822 x(189,292)          0.80771717                       0
  15823 x(189,296)          0.19228283                       0
  16003 x(192,210)                 0.5                       0
  16105 x(193,471)           0.3340358                       0
  16124 x(194,280)          0.40790961                       0
  16218 x(195,232)       3.7854841e-05                       0
  16444 x(199,461)          0.19604335                       0
  16608 x(203,236)          0.24686527                       0
  16652 x(203,474)         0.086936061                       0
  16777 x(205,429)           0.2609771                       0
  16808 x(206,277)          0.50798258                       0
  16849 x(207,311)                   1                       0
  16902 x(208,358)          0.40958318                       0
  17099 x(212,232)          0.37058701                       0
  17164 x(213,230)          0.57906574                       0
  17185 x(213,356)          0.42093426                       0
  17213 x(213,478)          0.15555692                       0
  17243 x(214,408)          0.78150402                       0
  17294 x(215,375)          0.10647682                       0
  17380 x(216,492)          0.28580043                       0
  17569 x(220,314)                 0.5                       0
  17571 x(220,325)                 0.5                       0
  17618 x(221,303)          0.75266373                       0
  17623 x(221,346)          0.24733627                       0
  17670 x(222,236)                 0.5                       0
  17689 x(222,307)                 0.5                       0
  17707 x(222,381)                 0.5                       0
  17715 x(222,428)                 0.5                       0
  17724 x(222,476)          0.39941169                       0
  17738 x(223,228)          0.56297156                       0
  17765 x(223,398)          0.25437876                       0
  17769 x(223,432)          0.43702844                       0
  17782 x(223,266)          0.43702844                       0
  17785 x(223,319)          0.56297156                       0
  17795 x(223,249)          0.43702844                       0
  17799 x(224,227)                 0.5                       0
  17803 x(224,238)                 0.5                       0
  17805 x(224,253)                 0.5                       0
  17810 x(224,284)                 0.5                       0
  17817 x(224,354)                 0.5                       0
  17828 x(224,414)         0.018194173                       0
  17836 x(224,443)                 0.5                       0
  17861 x(225,247)          0.84569755                       0
  17876 x(225,385)          0.15430245                       0
  17880 x(225,397)          0.15430245                       0
  17885 x(225,427)          0.63690101                       0
  17894 x(225,376)          0.15430245                       0
  17913 x(226,313)          0.13241669                       0
  17918 x(226,339)          0.13241669                       0
  17921 x(226,347)          0.86758331                       0
  17942 x(226,274)          0.86758331                       0
  17950 x(227,250)          0.40220484                       0
  17954 x(227,281)          0.59779516                       0
  17956 x(227,287)          0.40220484                       0
  17961 x(227,299)          0.40220484                       0
  17964 x(227,321)          0.40220484                       0
  17987 x(227,312)          0.40220484                       0
  17997 x(228,251)                 0.5                       0
  18009 x(228,306)                 0.5                       0
  18015 x(228,335)                 0.5                       0
  18017 x(228,369)                 0.5                       0
  18031 x(228,466)                 0.5                       0
  18041 x(228,447)                 0.5                       0
  18047 x(229,244)          0.75266373                       0
  18053 x(229,262)          0.24733627                       0
  18064 x(229,320)          0.24733627                       0
  18068 x(229,338)          0.24733627                       0
  18083 x(229,383)          0.24733627                       0
  18106 x(229,324)          0.75266373                       0
  18110 x(229,496)          0.24733627                       0
  18116 x(230,263)                 0.5                       0
  18118 x(230,282)                 0.5                       0
  18131 x(230,367)                 0.5                       0
  18162 x(230,395)                 0.5                       0
  18166 x(231,242)          0.45371703                       0
  18168 x(231,260)          0.45371703                       0
  18169 x(231,269)          0.45371703                       0
  18172 x(231,293)          0.54628297                       0
  18174 x(231,298)          0.45371703                       0
  18180 x(231,326)          0.45371703                       0
  18181 x(231,344)          0.45371703                       0
  18182 x(231,345)          0.45371703                       0
  18183 x(231,349)          0.45371703                       0
  18184 x(231,372)          0.45371703                       0
  18186 x(231,384)          0.45371703                       0
  18207 x(231,239)          0.54628297                       0
  18211 x(231,340)          0.45371703                       0
  18224 x(232,261)          0.59951505                       0
  18227 x(232,268)          0.40048495                       0
  18232 x(232,302)          0.59951505                       0
  18241 x(232,353)          0.40048495                       0
  18243 x(232,370)          0.40048495                       0
  18257 x(232,241)          0.40048495                       0
  18260 x(232,259)          0.40048495                       0
  18263 x(232,304)          0.40048495                       0
  18267 x(232,371)          0.40048495                       0
  18270 x(232,454)          0.40048495                       0
  18276 x(233,245)                 0.5                       0
  18277 x(233,248)                 0.5                       0
  18279 x(233,272)                 0.5                       0
  18285 x(233,305)                 0.5                       0
  18286 x(233,310)                 0.5                       0
  18288 x(233,327)                 0.5                       0
  18294 x(233,355)                 0.5                       0
  18296 x(233,357)                 0.5                       0
  18304 x(233,416)                 0.5                       0
  18313 x(233,465)            0.219163                       0
  18320 x(233,300)                 0.5                       0
  18324 x(233,382)                 0.5                       0
  18325 x(234,237)          0.80225024                       0
  18327 x(234,256)          0.19774976                       0
  18332 x(234,273)          0.19774976                       0
  18345 x(234,374)          0.19774976                       0
  18357 x(234,415)          0.19774976                       0
  18358 x(234,417)          0.19774976                       0
  18360 x(234,426)          0.19774976                       0
  18363 x(234,442)          0.19774976                       0
  18370 x(234,254)          0.80225024                       0
  18380 x(235,246)          0.55956355                       0
  18381 x(235,258)          0.44043645                       0
  18384 x(235,288)          0.44043645                       0
  18385 x(235,291)          0.44043645                       0
  18393 x(235,330)          0.44043645                       0
  18396 x(235,348)          0.44043645                       0
  18403 x(235,388)          0.44043645                       0
  18406 x(235,412)          0.44043645                       0
  18411 x(235,439)          0.44043645                       0
  18413 x(235,444)          0.44043645                       0
  18414 x(235,446)          0.44043645                       0
  18434 x(235,283)          0.44043645                       0
  18437 x(235,341)          0.55956355                       0
  18439 x(236,243)          0.69329164                       0
  18442 x(236,264)          0.30670836                       0
  18454 x(236,328)          0.30670836                       0
  18456 x(236,334)          0.30670836                       0
  18508 x(237,289)          0.11884881                       0
  18522 x(237,378)          0.88115119                       0
  18524 x(237,390)          0.11884881                       0
  18531 x(237,437)          0.11884881                       0
  18546 x(237,352)          0.11884881                       0
  18548 x(237,464)          0.11884881                       0
  18552 x(238,248)          0.31749652                       0
  18565 x(238,315)                 0.5                       0
  18569 x(238,336)                 0.5                       0
  18582 x(238,419)                 0.5                       0
  18587 x(238,449)                 0.5                       0
  18590 x(238,456)                 0.5                       0
  18593 x(238,472)          0.26299562                       0
  18600 x(238,490)                 0.5                       0
  18626 x(239,297)                 0.5                       0
  18629 x(239,301)                 0.5                       0
  18635 x(239,322)                 0.5                       0
  18650 x(239,402)                 0.5                       0
  18656 x(239,483)                 0.5                       0
  18657 x(239,487)                 0.5                       0
  18662 x(239,296)                 0.5                       0
  18665 x(239,473)          0.29323316                       0
  18685 x(240,332)                 0.5                       0
  18695 x(240,407)                 0.5                       0
  18697 x(240,415)                 0.5                       0
  18701 x(240,450)                 0.5                       0
  18702 x(240,451)                 0.5                       0
  18704 x(240,475)                 0.5                       0
  18713 x(240,379)                 0.5                       0
  18715 x(240,463)                 0.5                       0
  18724 x(241,252)                 0.5                       0
  18732 x(241,285)                 0.5                       0
  18743 x(241,361)                 0.5                       0
  18748 x(241,400)                 0.5                       0
  18752 x(241,417)                 0.5                       0
  18753 x(241,420)          0.27366294                       0
  18767 x(241,351)                 0.5                       0
  18770 x(241,434)                 0.5                       0
  18778 x(242,265)          0.64281275                       0
  18780 x(242,279)          0.75719082                       0
  18784 x(242,304)          0.24280918                       0
  18786 x(242,312)          0.24280918                       0
  18789 x(242,320)          0.24280918                       0
  18796 x(242,363)          0.24280918                       0
  18802 x(242,405)          0.24280918                       0
  18807 x(242,436)          0.24280918                       0
  18808 x(242,440)          0.24280918                       0
  18811 x(242,452)          0.24280918                       0
  18831 x(243,290)                 0.5                       0
  18850 x(243,462)                 0.5                       0
  18868 x(243,435)                 0.5                       0
  18880 x(244,273)          0.66087172                       0
  18889 x(244,330)          0.33912828                       0
  18894 x(244,348)          0.33912828                       0
  18936 x(245,253)          0.35408763                       0
  18947 x(245,313)          0.35515908                       0
  18951 x(245,326)          0.13546568                       0
  18954 x(245,342)                 0.5                       0
  18957 x(245,360)                 0.5                       0
  18969 x(245,438)                 0.5                       0
  18970 x(245,458)                 0.5                       0
  18979 x(245,275)                 0.5                       0
  18995 x(246,272)          0.35290618                       0
  19013 x(246,358)          0.59041682                       0
  19015 x(246,364)          0.40958318                       0
  19029 x(246,409)          0.22781347                       0
  19063 x(247,305)           0.4435457                       0
  19082 x(247,430)           0.5564543                       0
  19116 x(248,343)                 0.5                       0
  19128 x(248,386)                 0.5                       0
  19164 x(249,270)                 0.5                       0
  19166 x(249,278)          0.35333144                       0
  19176 x(249,317)          0.05267275                       0
  19185 x(249,399)                 0.5                       0
  19190 x(249,431)                 0.5                       0
  19203 x(249,499)                 0.5                       0
  19207 x(249,406)                 0.5                       0
  19218 x(250,282)                 0.5                       0
  19220 x(250,288)          0.55956355                       0
  19222 x(250,299)          0.04798243                       0
  19232 x(250,366)          0.27878164                       0
  19261 x(251,255)           0.7191724                       0
  19273 x(251,368)           0.2808276                       0
  19277 x(251,385)           0.2808276                       0
  19279 x(251,394)          0.60362786                       0
  19286 x(251,436)           0.2808276                       0
  19291 x(251,481)           0.2808276                       0
  19298 x(251,460)           0.2808276                       0
  19318 x(252,389)                 0.5                       0
  19319 x(252,392)                 0.5                       0
  19320 x(252,396)                 0.5                       0
  19321 x(252,398)                 0.5                       0
  19323 x(252,414)          0.14495114                       0
  19341 x(252,334)                 0.5                       0
  19376 x(253,429)          0.60691997                       0
  19415 x(254,451)                 0.5                       0
  19433 x(254,479)           0.3040109                       0
  19446 x(255,308)          0.82677406                       0
  19449 x(255,329)          0.17322594                       0
  19462 x(255,380)          0.17322594                       0
  19468 x(255,413)          0.82677406                       0
  19494 x(256,262)          0.75266373                       0
  19504 x(256,303)          0.24733627                       0
  19527 x(256,471)          0.24733627                       0
  19528 x(256,480)          0.24733627                       0
  19542 x(256,421)          0.75266373                       0
  19549 x(257,264)          0.36748002                       0
  19554 x(257,294)          0.63251998                       0
  19558 x(257,310)          0.36748002                       0
  19560 x(257,328)          0.36748002                       0
  19562 x(257,345)          0.36748002                       0
  19566 x(257,363)          0.36748002                       0
  19572 x(257,388)          0.36748002                       0
  19575 x(257,409)          0.36748002                       0
  19588 x(257,497)          0.36748002                       0
  19591 x(257,287)          0.36748002                       0
  19593 x(257,368)          0.36748002                       0
  19631 x(258,484)          0.39619256                       0
  19641 x(259,266)          0.43370995                       0
  19642 x(259,267)          0.56629005                       0
  19647 x(259,285)          0.43370995                       0
  19650 x(259,295)          0.43370995                       0
  19656 x(259,333)           0.1900046                       0
  19660 x(259,351)          0.37407984                       0
  19674 x(259,439)          0.43370995                       0
  19678 x(259,469)          0.56629005                       0
  19692 x(259,465)          0.43370995                       0
  19700 x(260,320)          0.18871887                       0
  19703 x(260,344)          0.18871887                       0
  19704 x(260,353)          0.18871887                       0
  19705 x(260,362)          0.18871887                       0
  19710 x(260,385)          0.53752876                       0
  19712 x(260,389)          0.46247124                       0
  19718 x(260,453)          0.18871887                       0
  19722 x(260,477)          0.81128113                       0
  19741 x(261,298)          0.36376288                       0
  19749 x(261,318)          0.36376288                       0
  19754 x(261,357)          0.36376288                       0
  19767 x(261,445)          0.63623712                       0
  19772 x(261,457)          0.36376288                       0
  19835 x(263,268)                 0.5                       0
  19838 x(263,280)                 0.5                       0
  19841 x(263,295)                 0.5                       0
  19849 x(263,343)                 0.5                       0
  19860 x(263,401)                 0.5                       0
  19880 x(263,340)           0.2739066                       0
  19887 x(264,277)          0.33290507                       0
  19889 x(264,289)          0.28438596                       0
  19893 x(264,331)          0.71561404                       0
  19895 x(264,341)          0.28438596                       0
  19901 x(264,375)          0.28438596                       0
  19909 x(264,424)          0.28438596                       0
  19961 x(265,468)                   1                       0
  20016 x(266,454)          0.39161499                       0
  20030 x(267,352)                 0.5                       0
  20037 x(267,383)                 0.5                       0
  20040 x(267,391)                 0.5                       0
  20052 x(267,459)                 0.5                       0
  20053 x(267,460)                 0.5                       0
  20062 x(267,498)          0.28358495                       0
  20076 x(268,379)          0.38443247                       0
  20108 x(269,275)          0.27445513                       0
  20115 x(269,337)          0.40514864                       0
  20116 x(269,338)          0.40514864                       0
  20119 x(269,359)          0.59485136                       0
  20120 x(269,374)          0.40514864                       0
  20124 x(269,425)          0.40514864                       0
  20133 x(269,313)          0.40514864                       0
  20138 x(269,449)          0.40514864                       0
  20139 x(269,458)          0.40514864                       0
  20163 x(270,370)          0.47636323                       0
  20167 x(270,436)          0.47636323                       0
  20175 x(270,466)          0.21510897                       0
  20176 x(270,472)          0.52363677                       0
  20189 x(271,300)          0.39123369                       0
  20206 x(271,377)          0.39123369                       0
  20208 x(271,390)          0.60876631                       0
  20209 x(271,393)          0.39123369                       0
  20210 x(271,396)          0.39123369                       0
  20218 x(271,441)          0.39123369                       0
  20224 x(271,489)          0.60876631                       0
  20227 x(271,494)          0.39123369                       0
  20259 x(272,447)          0.25266373                       0
  20260 x(272,448)          0.74733627                       0
  20290 x(273,327)                 0.5                       0
  20302 x(273,411)                 0.5                       0
  20375 x(274,286)          0.69470046                       0
  20394 x(275,339)          0.25291556                       0
  20404 x(275,407)          0.25291556                       0
  20414 x(275,485)          0.25291556                       0
  20425 x(275,455)          0.74708444                       0
  20432 x(276,304)          0.35670587                       0
  20435 x(276,314)                 0.5                       0
  20444 x(276,366)                 0.5                       0
  20452 x(276,437)                 0.5                       0
  20465 x(276,403)                 0.5                       0
  20468 x(276,491)          0.21476761                       0
  20485 x(277,418)          0.54508355                       0
  20486 x(277,422)         0.061532835                       0
  20525 x(278,414)          0.46681928                       0
  20551 x(279,309)          0.33164783                       0
  20560 x(279,375)           0.3564735                       0
  20568 x(279,397)           0.6435265                       0
  20573 x(279,428)           0.3564735                       0
  20581 x(279,476)          0.17336263                       0
  20609 x(280,404)          0.57233788                       0
  20611 x(280,426)         0.081087935                       0
  20634 x(281,284)          0.25867503                       0
  20641 x(281,349)          0.54628297                       0
  20642 x(281,350)          0.42000993                       0
  20646 x(281,369)          0.45371703                       0
  20648 x(281,402)          0.45371703                       0
  20744 x(283,467)          0.42234205                       0
  20756 x(283,443)                 0.5                       0
  20780 x(284,433)          0.19604335                       0
  20786 x(284,461)          0.80395665                       0
  20830 x(285,453)          0.32905549                       0
  20898 x(287,336)          0.38660754                       0
  20909 x(287,420)          0.16058903                       0
  20916 x(287,474)          0.83941097                       0
  21051 x(291,299)                 0.5                       0
  21055 x(291,321)                 0.5                       0
  21057 x(291,353)          0.20878799                       0
  21063 x(291,371)                 0.5                       0
  21064 x(291,376)                 0.5                       0
  21082 x(291,493)                 0.5                       0
  21086 x(291,372)                 0.5                       0
  21095 x(292,315)                 0.5                       0
  21116 x(292,444)          0.42150644                       0
  21130 x(292,316)                 0.5                       0
  21144 x(293,346)          0.67903582                       0
  21149 x(293,384)          0.32096418                       0
  21163 x(293,450)          0.32096418                       0
  21168 x(293,486)          0.32096418                       0
  21172 x(293,492)          0.32096418                       0
  21187 x(294,329)          0.35871906                       0
  21193 x(294,367)                 0.5                       0
  21203 x(294,452)          0.22249258                       0
  21207 x(294,481)          0.30118009                       0
  21220 x(295,320)          0.32113568                       0
  21250 x(296,324)          0.24733627                       0
  21278 x(296,470)          0.75266373                       0
  21284 x(296,356)           0.2220293                       0
  21287 x(296,432)          0.24733627                       0
  21295 x(297,323)          0.45062963                       0
  21301 x(297,339)          0.45062963                       0
  21305 x(297,354)          0.45062963                       0
  21315 x(297,405)          0.54937037                       0
  21317 x(297,409)          0.21875628                       0
  21321 x(297,435)          0.45062963                       0
  21331 x(297,482)          0.45062963                       0
  21344 x(298,302)          0.27763044                       0
  21347 x(298,317)          0.60427871                       0
  21387 x(299,301)                 0.5                       0
  21444 x(300,392)          0.22156182                       0
  21446 x(300,400)          0.19128083                       0
  21449 x(300,424)          0.14376446                       0
  21534 x(302,426)          0.42516713                       0
  21540 x(302,480)          0.57483287                       0
  21631 x(305,312)          0.35498599                       0
  21671 x(306,325)          0.46249059                       0
  21680 x(306,398)         0.040049549                       0
  21682 x(306,425)                 0.5                       0
  21689 x(306,485)                 0.5                       0
  21691 x(306,495)                 0.5                       0
  21693 x(306,355)                 0.5                       0
  21709 x(307,362)           0.4796333                       0
  21719 x(307,395)                 0.5                       0
  21722 x(307,406)                 0.5                       0
  21723 x(307,407)          0.24708444                       0
  21736 x(307,462)                 0.5                       0
  21738 x(307,491)          0.18713363                       0
  21841 x(310,364)          0.28429896                       0
  21863 x(310,457)          0.29140598                       0
  21957 x(313,337)          0.59485136                       0
  22147 x(318,464)           0.7680776                       0
  22148 x(318,475)           0.2319224                       0
  22164 x(319,338)          0.34751509                       0
  22165 x(319,361)                 0.5                       0
  22182 x(319,453)          0.13089408                       0
  22184 x(319,487)                 0.5                       0
  22186 x(319,363)           0.3897108                       0
  22259 x(321,433)          0.20036364                       0
  22269 x(321,484)          0.41304616                       0
  22280 x(322,344)           0.3575641                       0
  22284 x(322,365)                 0.5                       0
  22285 x(322,366)          0.22121836                       0
  22288 x(322,376)           0.3247418                       0
  22298 x(322,431)                 0.5                       0
  22299 x(322,441)                 0.5                       0
  22302 x(322,479)          0.34571477                       0
  22313 x(322,440)                 0.5                       0
  22317 x(323,326)          0.41081729                       0
  22402 x(325,416)           0.1381698                       0
  22492 x(328,335)                 0.5                       0
  22496 x(328,357)          0.13623712                       0
  22497 x(328,375)          0.25266373                       0
  22498 x(328,383)          0.25266373                       0
  22502 x(328,415)          0.25266373                       0
  22507 x(328,448)          0.25266373                       0
  22512 x(328,476)          0.25266373                       0
  22514 x(328,497)          0.18403399                       0
  22517 x(328,380)          0.74733627                       0
  22529 x(329,332)          0.29948398                       0
  22563 x(330,348)          0.22043527                       0
  22580 x(330,432)          0.31563529                       0
  22588 x(330,489)           0.0731751                       0
  22597 x(330,471)          0.41862793                       0
  22599 x(331,334)          0.19329164                       0
  22608 x(331,411)          0.44155076                       0
  22618 x(331,473)          0.44155076                       0
  22623 x(331,488)          0.55844924                       0
  22634 x(332,352)          0.21246173                       0
  22640 x(332,387)          0.58351789                       0
  22669 x(333,442)          0.62693252                       0
  22679 x(333,483)          0.37306748                       0
  22787 x(336,493)          0.17399411                       0
  22878 x(339,467)           0.2355707                       0
  22887 x(340,345)          0.17880295                       0
  22893 x(340,382)          0.25814825                       0
  22907 x(340,465)          0.34712706                       0
  22914 x(340,496)          0.35871729                       0
  22921 x(341,342)                 0.5                       0
  22937 x(341,459)          0.26007803                       0
  22948 x(341,374)          0.20414748                       0
  23110 x(346,478)          0.25083631                       0
  23127 x(347,401)          0.32319392                       0
  23135 x(347,456)          0.21966262                       0
  23230 x(350,492)          0.28661539                       0
  23241 x(351,384)          0.18876867                       0
  23243 x(351,393)          0.28460475                       0
  23246 x(351,399)                 0.5                       0
  23307 x(353,427)          0.36309899                       0
  23324 x(353,478)          0.47546359                       0
  23340 x(354,430)          0.37660371                       0
  23386 x(356,359)          0.40514864                       0
  23391 x(356,410)          0.52367502                       0
  23392 x(356,423)          0.47632498                       0
  23396 x(356,444)          0.13805711                       0
  23410 x(356,491)           0.2619147                       0
  23412 x(356,391)          0.30128801                       0
  23521 x(360,409)          0.17450223                       0
  23523 x(360,417)          0.30225024                       0
  23524 x(360,420)          0.34891113                       0
  23732 x(368,481)          0.31563039                       0
  23735 x(368,498)                 0.5                       0
  23738 x(368,434)                 0.5                       0
  23741 x(368,426)          0.29599517                       0
  23742 x(368,433)                 0.5                       0
  23768 x(369,400)          0.30871917                       0
  23776 x(370,403)          0.12467558                       0
  23783 x(370,440)          0.25719082                       0
  23787 x(370,457)          0.34483114                       0
  23788 x(370,476)         0.012649714                       0
  23819 x(371,488)          0.10035182                       0
  23822 x(371,452)           0.3280545                       0
  23847 x(372,499)          0.37057441                       0
  23849 x(373,378)         0.084098355                       0
  23857 x(373,412)          0.24956278                       0
  23860 x(373,437)          0.19774079                       0
  23873 x(373,486)            0.542191                       0
  23874 x(373,494)            0.457809                       0
  23958 x(376,381)          0.36748436                       0
  23961 x(377,388)          0.19208353                       0
  23966 x(377,456)          0.23221517                       0
  23977 x(377,499)          0.12942559                       0
  23978 x(378,386)          0.46289056                       0
  24009 x(379,495)           0.1889598                       0
  24013 x(380,394)           0.1348216                       0
  24016 x(380,414)          0.17131542                       0
  24029 x(380,482)         0.023779922                       0
  24041 x(381,422)           0.5339301                       0
  24048 x(381,446)           0.4660699                       0
  24109 x(384,397)          0.20217105                       0
  24145 x(385,470)         0.098530541                       0
  24154 x(386,390)          0.27238488                       0
  24160 x(386,405)          0.20782045                       0
  24238 x(389,475)          0.17065851                       0
  24331 x(394,408)          0.13418387                       0
  24372 x(396,413)          0.17322594                       0
  24387 x(396,416)           0.3618302                       0
  24408 x(398,411)         0.058449239                       0
  24414 x(398,438)                 0.5                       0
  24416 x(398,447)          0.24733627                       0
  24417 x(398,450)          0.17903582                       0
  24419 x(398,455)          0.25291556                       0
  24421 x(398,470)          0.14880573                       0
  24425 x(398,460)           0.2191724                       0
  24498 x(402,418)          0.01933526                       0
  24518 x(402,497)            0.206235                       0
  24646 x(409,425)          0.09485136                       0
  24675 x(410,466)          0.28489103                       0
  24676 x(410,472)          0.18627046                       0
  24756 x(415,419)          0.45128836                       0
  24771 x(415,490)          0.18132072                       0
  24833 x(419,421)          0.18469424                       0
  24852 x(421,428)           0.1435265                       0
  24891 x(423,439)          0.12585361                       0
  24892 x(423,441)          0.10876631                       0
  24902 x(424,442)          0.17531773                       0
  24918 x(424,473)           0.2087055                       0
  24974 x(429,445)          0.35916717                       0
  24977 x(429,454)          0.20790006                       0
  24983 x(430,435)         0.030604483                       0
  24986 x(430,458)          0.09485136                       0
  24987 x(430,459)          0.23992197                       0
  24994 x(430,496)          0.16406047                       0
  25047 x(435,437)           0.1834104                       0
  25177 x(445,483)         0.058739149                       0
  25184 x(446,453)          0.16468695                       0
  25191 x(446,488)          0.31814456                       0
  25220 x(449,456)         0.024707991                       0
  25222 x(449,463)           0.4082551                       0
  25223 x(449,464)         0.077433584                       0
  25231 x(449,488)         0.023054373                       0
  25340 x(464,469)          0.34420346                       0
  25368 x(469,479)          0.22998874                       0
  25371 x(469,490)          0.31867928                       0
  25385 x(472,474)         0.039302395                       0
  25387 x(472,480)          0.17783087                       0
  25394 x(473,475)         0.041345816                       0
  25395 x(473,476)          0.13682968                       0
  25398 x(473,478)         0.076975114                       0
  25401 x(474,482)          0.15026603                       0
  25406 x(475,477)          0.18871887                       0
  25409 x(475,486)         0.094871685                       0
  25413 x(476,484)          0.15161095                       0
  25416 x(478,491)           0.1418153                       0
  25418 x(479,493)          0.32600589                       0
  25428 x(483,485)          0.13403448                       0
  25430 x(483,489)          0.28591969                       0
  25433 x(484,498)          0.21641505                       0
  25434 x(486,496)          0.22988597                       0
  25436 x(489,492)             0.10662                       0
  25437 x(489,497)         0.034033742                       0
  25439 x(491,495)          0.17211846                       0
