Stopped on time - objective value 5735629.50980391
      0 x.010101              21                       0
      1 x.020101              12                       0
      2 x.030101              16                       0
      3 x.040201              25                       0
      4 x.050201              25                       0
      5 x.060201              32                       0
      6 x.070301              74                       0
      7 x.080301              74                       0
      8 x.090301             161           7.2759576e-12
      9 x.100301             231                       0
     10 x.110401              74                       0
     11 x.120401              74                       0
     12 x.130401              74                       0
     13 x.140401              74                       0
     14 x.150401             161                       0
     15 x.160401       252.05882                       0
     16 x.170401       456.82353                       0
     17 x.180401             231                       0
     18 x.190401             231                       0
     19 x.200501       495.11765                       0
     20 x.210501             148                       0
     21 x.220501              74                       0
     22 x.230501              74                       0
     23 x.240501              74                       0
     24 x.250501       413.05882                       0
     25 x.260501       456.82353                       0
     26 x.270501             231                       0
     27 x.280501             231                       0
     28 x.290501             231                       0
     29 x.300601       495.11765                       0
     30 x.310601             222                       0
     31 x.320601              74                       0
     32 x.330601             148                       0
     33 x.340601       495.11765                       0
     34 x.350601       413.05882                       0
     35 x.360601       456.82353                       0
     36 x.370601             231                       0
     37 x.380601             231                       0
     38 x.390601             231                       0
     39 x.400601             231                       0
     40 x.010102              30                       0
     41 x.020102              12                       0
     42 x.030102              20                       0
     43 x.040202              38                       0
     46 x.070302       421.11765           1.0913936e-11
     47 x.080302       133.05882          -3.6379788e-12
     48 x.090302       295.82353                       0
     50 x.110402       421.11765           -9.094947e-12
     51 x.120402       421.11765           1.8189894e-12
     52 x.130402       421.11765           1.8189894e-12
     53 x.140402       133.05882           1.8189894e-12
     54 x.150402       295.82353           1.8189894e-12
     55 x.160402       204.76471           1.8189894e-12
     60 x.210502       842.23529                       0
     61 x.220502       421.11765                       0
     62 x.230502       421.11765           1.8189894e-12
     63 x.240502       133.05882           1.8189894e-12
     64 x.250502       709.47059          -1.8189894e-12
     70 x.310602       1263.3529          -1.8189894e-12
     71 x.320602       421.11765                       0
     72 x.330602       554.17647                       0
     74 x.350602       866.23529                       0
     80 x.010103              37          -5.8207661e-11
     81 x.020103              17          -5.8207661e-11
     82 x.030103              33          -5.8207661e-11
     83 x.040203              67          -5.8207661e-11
     84 x.050203              29           1.4551915e-11
     85 x.060203              25           1.4551915e-11
     87 x.080303       245.60784                       0
     89 x.100303       654.39216           3.6379788e-12
     93 x.140403       288.05882                       0
     94 x.150403       365.64706                       0
     97 x.180403       654.39216                       0
     98 x.190403       654.39216                       0
    103 x.240503       288.05882                       0
    104 x.250503       156.76471                       0
    106 x.270503       695.11765                       0
    107 x.280503       670.58824                       0
    108 x.290503       676.47059          -3.6379788e-12
    112 x.330603       288.05882                       0
    116 x.370603       695.11765                       0
    117 x.380603       670.58824                       0
    118 x.390603       695.11765                       0
    119 x.400603       695.11765                       0
    120 x.010104              41                       0
    121 x.020104       39.117647                       0
    122 x.030104              27                       0
    123 x.040204              60                       0
    125 x.060204              65          -1.4551915e-11
    127 x.080304        42.45098          -3.6379788e-12
    128 x.090304       807.54902                       0
    134 x.150404       441.90196                       0
    135 x.160404       807.54902                       0
    136 x.170404       807.54902                       0
    144 x.250504       1588.0588                       0
    145 x.260504       885.76471                       0
    147 x.280504       24.529412                       0
    148 x.290504       18.647059          -3.6379788e-12
    153 x.340604             389                       0
    154 x.350604       1744.7059                       0
    155 x.360604       885.76471                       0
    157 x.380604       24.529412                       0
    160 x.010105       62.117647           7.2759576e-11
    161 x.020105       12.882353           1.4551915e-11
    162 x.030105              41           1.4551915e-11
    163 x.040205             100                       0
    164 x.050205              39                       0
    166 x.070305       420.27451                       0
    167 x.080305             389          -3.6379788e-12
    169 x.100305        40.72549           1.4551915e-11
    170 x.110405       420.27451                       0
    171 x.120405       420.27451                       0
    172 x.130405             389                       0
    173 x.140405             389                       0
    176 x.170405       50.627451                       0
    177 x.180405        40.72549                       0
    178 x.190405        40.72549                       0
    179 x.200505       478.17647                       0
    180 x.210505       840.54902                       0
    181 x.220505       420.27451                       0
    182 x.230505             389                       0
    183 x.240505             389          -1.8189894e-12
    189 x.300605       606.17647                       0
    190 x.310605       1260.8235                       0
    191 x.320605             389                       0
    192 x.330605             778                       0
    200 x.010106              50           1.4551915e-11
    201 x.020106              31           1.4551915e-11
    202 x.030106              35           1.4551915e-11
    203 x.040206              57            2.910383e-11
    205 x.060206             131                       0
    206 x.070306       185.90196                       0
    208 x.090306       78.215686          -7.2759576e-12
    209 x.100306       585.88235           1.4551915e-11
    210 x.110406       185.90196                       0
    211 x.120406       185.90196           3.6379788e-12
    214 x.150406       78.215686                       0
    215 x.160406       247.62745                       0
    216 x.170406       27.588235                       0
    217 x.180406       585.88235                       0
    218 x.190406       585.88235                       0
    219 x.200506             128          -1.8189894e-12
    220 x.210506       371.80392           1.8189894e-12
    221 x.220506       199.54902          -1.8189894e-12
    226 x.270506       585.88235           1.8189894e-12
    227 x.280506       585.88235           1.8189894e-12
    228 x.290506       585.88235          -1.8189894e-12
    230 x.310606       680.47059                       0
    236 x.370606       585.88235                       0
    237 x.380606       585.88235                       0
    238 x.390606       585.88235                       0
    239 x.400606       585.88235                       0
    240 x.010107       73.882353                       0
    241 x.020107              27                       0
    242 x.030107              40                       0
    243 x.040207             109                       0
    244 x.050207              32          -1.4551915e-11
    246 x.070307       285.70588                       0
    247 x.080307       394.88235                       0
    248 x.090307       169.41176          -3.6379788e-12
    250 x.110407       285.70588                       0
    251 x.120407       285.70588           3.6379788e-12
    252 x.130407       407.88235                       0
    253 x.140407       394.88235                       0
    254 x.150407       169.41176                       0
    256 x.170407       368.41176                       0
    259 x.200507       285.70588          -1.2732926e-11
    260 x.210507       571.41176           1.8189894e-12
    261 x.220507       272.05882          -1.8189894e-12
    262 x.230507       407.88235           1.8189894e-12
    263 x.240507       394.88235           1.8189894e-12
    264 x.250507       156.64706                       0
    265 x.260507       368.41176           1.8189894e-12
    269 x.300607       285.70588                       0
    270 x.310607       734.35294                       0
    271 x.320607       407.88235                       0
    272 x.330607       802.76471                       0
    273 x.340607       394.88235                       0
    275 x.360607       368.41176                       0
    280 x.010108              52                       0
    281 x.020108              38                       0
    282 x.030108              53                       0
    283 x.040208             110                       0
    284 x.050208              58                       0
    287 x.080308             170                       0
    288 x.090308             369                       0
    289 x.100308             311                       0
    292 x.130408             157                       0
    293 x.140408             170                       0
    294 x.150408             369                       0
    295 x.160408             369                       0
    296 x.170408             170                       0
    297 x.180408             311                       0
    298 x.190408             311                       0
    302 x.230508             157                       0
    303 x.240508             180                       0
    304 x.250508             738                       0
    305 x.260508             170                       0
    306 x.270508             429                       0
    307 x.280508             311                       0
    308 x.290508             311                       0
    311 x.320608             157                       0
    312 x.330608             337                       0
    313 x.340608             180                       0
    314 x.350608             738                       0
    315 x.360608             170                       0
    316 x.370608             429                       0
    317 x.380608             311                       0
    318 x.390608             311                       0
    319 x.400608             311                       0
    320 x.010109              68                       0
    321 x.020109              23                       0
    322 x.030109              30                       0
    323 x.040209              80          -7.2759576e-12
    325 x.060209              58          -7.2759576e-12
    326 x.070309             201                       0
    327 x.080309             139                       0
    328 x.090309             201                       0
    329 x.100309             259           3.6379788e-12
    330 x.110409             201                       0
    331 x.120409             201                       0
    332 x.130409             142                       0
    333 x.140409             139                       0
    334 x.150409             201                       0
    335 x.160409             201                       0
    336 x.170409             214                       0
    337 x.180409             259                       0
    338 x.190409             259                       0
    339 x.200509             201                       0
    340 x.210509             402                       0
    341 x.220509             201                       0
    342 x.230509             159                       0
    343 x.240509             129                       0
    344 x.250509             402                       0
    345 x.260509             214                       0
    346 x.270509             141                       0
    347 x.280509             259                       0
    348 x.290509             259                       0
    349 x.300609             201                       0
    350 x.310609             603                       0
    351 x.320609             159                       0
    352 x.330609             288                       0
    353 x.340609             129                       0
    354 x.350609             402                       0
    355 x.360609             214                       0
    356 x.370609             141                       0
    357 x.380609             259                       0
    358 x.390609             259                       0
    359 x.400609             259                       0
    360 x.010110              33                       0
    361 x.020110              14                       0
    362 x.030110              41                       0
    363 x.040210              79                       0
    364 x.050210              31                       0
    365 x.060210              35                       0
    366 x.070310             167          -3.6379788e-12
    367 x.080310             167          -3.6379788e-12
    368 x.090310             233          -1.0913936e-11
    369 x.100310             233           2.1827873e-11
    370 x.110410             167                       0
    371 x.120410             167                       0
    372 x.130410             164                       0
    373 x.140410             167                       0
    374 x.150410             233                       0
    375 x.160410             233                       0
    376 x.170410             220                       0
    377 x.180410             233                       0
    378 x.190410             233                       0
    379 x.200510             167                       0
    380 x.210510             334                       0
    381 x.220510             167                       0
    382 x.230510             147                       0
    383 x.240510             167                       0
    384 x.250510             466                       0
    385 x.260510             220                       0
    386 x.270510             233                       0
    387 x.280510             233                       0
    388 x.290510             233                       0
    389 x.300610             167                       0
    390 x.310610             501                       0
    391 x.320610             147                       0
    392 x.330610             314                       0
    393 x.340610             167                       0
    394 x.350610             466                       0
    395 x.360610             220                       0
    396 x.370610             233                       0
    397 x.380610             233                       0
    398 x.390610             233                       0
    399 x.400610             233                       0
    400 x.010111              52                       0
    401 x.020111              19                       0
    402 x.030111              22                       0
    403 x.040211              57                       0
    404 x.050211              22                       0
    405 x.060211              47                       0
    406 x.070311             150                       0
    407 x.080311             150                       0
    408 x.090311             219                       0
    409 x.100311             219                       0
    410 x.110411             150                       0
    411 x.120411             150                       0
    412 x.130411             150                       0
    413 x.140411             150                       0
    414 x.150411             219                       0
    415 x.160411             219                       0
    416 x.170411             219                       0
    417 x.180411             219                       0
    418 x.190411             219                       0
    419 x.200511             150                       0
    420 x.210511             300                       0
    421 x.220511             150                       0
    422 x.230511             150                       0
    423 x.240511             150                       0
    424 x.250511             438                       0
    425 x.260511             219                       0
    426 x.270511             219                       0
    427 x.280511             219                       0
    428 x.290511             354                       0
    429 x.300611             150                       0
    430 x.310611             450                       0
    431 x.320611             150                       0
    432 x.330611             300                       0
    433 x.340611             150                       0
    434 x.350611             438                       0
    435 x.360611             219                       0
    436 x.370611             219                       0
    437 x.380611             219                       0
    438 x.390611             219                       0
    439 x.400611             397                       0
    440 x.010112              37                       0
    441 x.020112              16                       0
    442 x.030112              27                       0
    443 x.040212              48                       0
    444 x.050212              25                       0
    445 x.060212              25                       0
    446 x.070312             223          -8.8817842e-16
    447 x.080312             128                       0
    448 x.090312             178                       0
    449 x.100312             178                       0
    450 x.110412             223                       0
    451 x.120412             223                       0
    452 x.130412             128                       0
    453 x.140412             128                       0
    454 x.150412             205                       0
    455 x.160412             321                       0
    456 x.170412             178                       0
    457 x.180412             178                       0
    458 x.190412             178                       0
    459 x.200512             223                       0
    460 x.210512             446                       0
    461 x.220512             223                       0
    462 x.230512             128                       0
    463 x.240512             128                       0
    464 x.250512             642                       0
    465 x.260512             178                       0
    466 x.270512             178                       0
    467 x.280512             178                       0
    468 x.290512              43                       0
    469 x.300612             223                       0
    470 x.310612             669                       0
    471 x.320612             139                       0
    472 x.330612             256                       0
    473 x.340612             128                       0
    474 x.350612             642                       0
    475 x.360612             178                       0
    476 x.370612             178                       0
    477 x.380612             178                       0
    478 x.390612             327                       0
    480 x.010113              19          -1.7763568e-15
    481 x.020113              17          -1.7763568e-15
    482 x.030113              25          -1.7763568e-15
    483 x.040213              34          -1.7763568e-15
    484 x.050213              20                       0
    485 x.060213              28          -3.5527137e-15
    487 x.080313             358                       0
    488 x.090313             143           8.8817842e-16
    489 x.100313             149                       0
    492 x.130413             358            2.220446e-16
    493 x.140413             358            2.220446e-16
    494 x.150413             116           5.5511151e-16
    496 x.170413             478           -2.220446e-16
    497 x.180413             478            2.220446e-16
    498 x.190413             149            2.220446e-16
    502 x.230513             358                       0
    503 x.240513             358                       0
    505 x.260513             478                       0
    506 x.270513             478                       0
    507 x.280513             149                       0
    508 x.290513             478                       0
    511 x.320613             347                       0
    512 x.330613             716                       0
    513 x.340613             358                       0
    515 x.360613             478                       0
    516 x.370613             478                       0
    517 x.380613             149                       0
    519 x.400613             478                       0
    520 x.010114              44                       0
    521 x.020114              23                       0
    522 x.030114              35                       0
    523 x.040214              84                       0
    524 x.050214              12                       0
    525 x.060214              40          -4.4408921e-16
    526 x.070314             186                       0
    528 x.090314             335                       0
    529 x.100314             329                       0
    530 x.110414             263                       0
    531 x.120414             263                       0
    534 x.150414             335                       0
    535 x.160414             335                       0
    538 x.190414             329                       0
    539 x.200514             263                       0
    540 x.210514             526                       0
    541 x.220514             263                       0
    544 x.250514             670                       0
    547 x.280514             329                       0
    549 x.300614             263                       0
    550 x.310614             789                       0
    554 x.350614             670                       0
    557 x.380614             329                       0
    558 x.390614             329                       0
    564 x.050215              20                       0
    600 x.010116              18                       0
    601 x.020116               9                       0
    602 x.030116              15                       0
    603 x.040216              35                       0
    606 x.070316              77                       0
    644 s...0501              17          -2.7284841e-12
    645 s...0601              20          -2.7284841e-12
    648 s...0901              30           7.2759576e-12
    649 s...1001             100          -2.7284841e-12
    655 s...1601       91.058824          -3.6379788e-12
    656 s...1701       295.82353                       0
    659 s...2001       421.11765                       0
    673 s...3401       421.11765                       0
    686 s...0702       321.11765                       0
    687 s...0802       33.058824                       0
    688 s...0902       225.82353                       0
    692 s...1302       288.05882                       0
    704 s...2502       208.88235           3.6379788e-12
    713 s...3402       288.05882                       0
    714 s...3502       156.76471                       0
    724 s...0503              14                       0
    726 s...0703       167.11765           1.4551915e-11
    727 s...0803       124.66667                       0
    728 s...0903       17.823529           7.2759576e-12
    729 s...1003       446.39216                       0
    732 s...1303        42.45098                       0
    733 s...1403        42.45098                       0
    734 s...1503       365.64706                       0
    746 s...2703        40.72549                       0
    747 s...2803       16.196078                       0
    748 s...2903       22.078431                       0
    758 s...3903       24.529412                       0
    759 s...4003       18.647059                       0
    761 s...0204       13.117647                       0
    765 s...0604              33                       0
    768 s...0904        593.2549                       0
    769 s...1004       214.27451                       0
    784 s...2504       338.60784                       0
    785 s...2604       78.215686                       0
    786 s...2704        40.72549                       0
    787 s...2804        40.72549                       0
    788 s...2904        40.72549                       0
    793 s...3404             389                       0
    794 s...3504       156.64706                       0
    800 s...0105       14.117647          -5.8207661e-11
    803 s...0405              30                       0
    804 s...0505              25                       0
    806 s...0705       204.27451                       0
    807 s...0805             173                       0
    808 s...0905        338.2549                       0
    816 s...1705       50.627451                       0
    819 s...2005       57.901961                       0
    824 s...2505       338.60784                       0
    825 s...2605       27.588235                       0
    829 s...3005             128                       0
    834 s...3505       156.64706                       0
    840 s...0106      0.11764706                       0
    845 s...0606             102                       0
    846 s...0706       217.17647                       0
    848 s...0906       112.47059           7.2759576e-12
    849 s...1006       281.88235                       0
    855 s...1606       169.41176                       0
    861 s...2206       13.647059                       0
    864 s...2506       12.764706                       0
    870 s...3106       109.11765                       0
    874 s...3506       156.64706                       0
    885 s...0607              50                       0
    886 s...0707             253                       0
    887 s...0807             145                       0
    892 s...1307              13                       0
    896 s...1707             199                       0
    924 s...0508              30                       0
    927 s...0808              62                       0
    928 s...0908              58                       0
    943 s...2408              10                       0
    946 s...2708             118                       0
    964 s...0509               1                       0
    965 s...0609               9                       0
    972 s...1309               3                       0
    976 s...1709              13                       0
    982 s...2309              17                       0
   1068 s...2911             135                       0
   1079 s...4011              43                       0
   1086 s...0712              95                       0
   1094 s...1512              27           4.4408921e-16
   1095 s...1612             143                       0
   1104 s...2512             116                       0
   1111 s...3212              11                       0
   1118 s...3912             149                       0
   1127 s...0813             263                       0
   1129 s...1013               6                       0
   1136 s...1713             335                       0
   1137 s...1813             329                       0
   1148 s...2913             329                       0
   1160 s...0114              23                       0
   1161 s...0214              11                       0
   1162 s...0314              21                       0
   1163 s...0414              35                       0
   1165 s...0614              25                       0
   1167 s...0814              77                       0
   1168 s...0914              97                       0
   1169 s...1014              97                       0
   1170 s...1114              77                       0
   1171 s...1214              77                       0
   1204 s...0515              11                       0
   1205 s...0615               8                       0
   1207 s...0815              77                       0
   1208 s...0915              77                       0
   1209 s...1015              77                       0
   1210 s...1115              77                       0
   1211 s...1215              77                       0
   1280 y.010101               1                      80
   1281 y.020101               1                      40
   1282 y.030101               1                      60
   1283 y.040201               1                     120
   1284 y.050201               1                      40
   1285 y.060201               1                      60
   1286 y.070301               1                    1200
   1287 y.080301               1                    1200
   1288 y.090301               1                    1600
   1289 y.100301               1                    1600
   1290 y.110401               1                    1200
   1291 y.120401               1                    1200
   1292 y.130401               1                    1200
   1293 y.140401               1                    1200
   1294 y.150401               1                    1600
   1295 y.160401               1                    1600
   1296 y.170401               1                    1600
   1297 y.180401               1                    1600
   1298 y.190401               1                    1600
   1299 y.200501               1                  401200
   1300 y.210501               1                  302400
   1301 y.220501               1                  301200
   1302 y.230501               1                  301200
   1303 y.240501               1                  301200
   1304 y.250501               1                  303200
   1305 y.260501               1                  301600
   1306 y.270501               1                  301600
   1307 y.280501               1                  301600
   1308 y.290501               1                  301600
   1309 y.300601               1                  302700
   1310 y.310601               1                  208100
   1311 y.320601               1                  202700
   1312 y.330601               1                  205400
   1313 y.340601               1                  202700
   1314 y.350601               1                  207200
   1315 y.360601               1                  203600
   1316 y.370601               1                  203600
   1317 y.380601               1                  203600
   1318 y.390601               1                  203600
   1319 y.400601               1                  203600
   1320 y.010102               1                      80
   1321 y.020102               1                      40
   1322 y.030102               1                      60
   1323 y.040202               1                     120
   1326 y.070302               1                    1250
   1327 y.080302               1                    1250
   1328 y.090302               1                    1650
   1330 y.110402               1               24683.137
   1331 y.120402               1               24683.137
   1332 y.130402               1               24683.137
   1333 y.140402               1               24683.137
   1334 y.150402               1               25083.137
   1335 y.160402               1               25083.137
   1338 y.190402               1               25083.137
   1340 y.210502               1               284877.65
   1341 y.220502               1               283677.65
   1342 y.230502               1               283677.65
   1343 y.240502               1               283677.65
   1344 y.250502               1               285677.65
   1350 y.310602               1                  208100
   1351 y.320602               1                  202700
   1352 y.330602               1                  205400
   1354 y.350602               1                  207200
   1360 y.010103               1                      80
   1361 y.020103               1                      40
   1362 y.030103               1                      60
   1363 y.040203               1                     120
   1364 y.050203               1                      10
   1365 y.060203               1                      10
   1367 y.080303               1               89511.765
   1369 y.100303               1              -594223.53
   1371 y.120403               1                    1200
   1373 y.140403               1                    1200
   1374 y.150403               1                    1600
   1377 y.180403               1                    1600
   1378 y.190403               1                    1600
   1379 y.200503               1               377876.86
   1383 y.240503               1               283707.65
   1384 y.250503               1               285707.65
   1386 y.270503               1               284107.65
   1387 y.280503               1               284107.65
   1388 y.290503               1               284107.65
   1392 y.330603               1               181896.86
   1396 y.370603               1               180096.86
   1397 y.380603               1               180096.86
   1398 y.390603               1              -283702.94
   1399 y.400603               1               180096.86
   1400 y.010104               1                      80
   1401 y.020104               1                      40
   1402 y.030104               1                      60
   1403 y.040204               1                     120
   1405 y.060204               1                      60
   1406 y.070304               1               89561.765
   1407 y.080304               1               89561.765
   1408 y.090304               1               89961.765
   1414 y.150404               1               48686.275
   1415 y.160404               1               48686.275
   1416 y.170404               1               48686.275
   1419 y.200504               1               377916.86
   1424 y.250504               1               285737.65
   1425 y.260504               1               284137.65
   1427 y.280504               1               284137.65
   1428 y.290504               1               284137.65
   1431 y.320604               1               179216.86
   1433 y.340604               1               179216.86
   1434 y.350604               1               183716.86
   1435 y.360604               1               180116.86
   1437 y.380604               1               180116.86
   1440 y.010105               1               441138.82
   1441 y.020105               1               441098.82
   1442 y.030105               1               441118.82
   1443 y.040205               1                     120
   1444 y.050205               1                      12
   1446 y.070305               1               89811.765
   1447 y.080305               1               89811.765
   1449 y.100305               1               90211.765
   1450 y.110405               1                    1200
   1451 y.120405               1                    1200
   1452 y.130405               1                    1200
   1453 y.140405               1                    1200
   1456 y.170405               1                    1600
   1457 y.180405               1                    1600
   1458 y.190405               1                    1600
   1459 y.200505               1               377956.86
   1460 y.210505               1               284967.65
   1461 y.220505               1               283767.65
   1462 y.230505               1               283767.65
   1463 y.240505               1               283767.65
   1469 y.300605               1               267505.29
   1470 y.310605               1               184636.86
   1471 y.320605               1               179236.86
   1472 y.330605               1               181936.86
   1476 y.370605               1               180136.86
   1480 y.010106               1                  500030
   1481 y.020106               1                  499990
   1482 y.030106               1                  500010
   1483 y.040206               1               59011.176
   1485 y.060206               1               58922.176
   1486 y.070306               1               266385.29
   1488 y.090306               1               266785.29
   1489 y.100306               1               266785.29
   1490 y.110406               1                    1240
   1491 y.120406               1                    1240
   1494 y.150406               1                    1640
   1495 y.160406               1                    1640
   1496 y.170406               1                    1640
   1497 y.180406               1                    1640
   1498 y.190406               1                    1640
   1499 y.200506               1               377996.86
   1500 y.210506               1               284997.65
   1501 y.220506               1               283797.65
   1504 y.250506               1               285797.65
   1506 y.270506               1               284197.65
   1507 y.280506               1               284197.65
   1508 y.290506               1               284197.65
   1510 y.310606               1               161120.39
   1512 y.330606               1               158420.39
   1516 y.370606               1               156620.39
   1517 y.380606               1               156620.39
   1518 y.390606               1               156620.39
   1519 y.400606               1               156620.39
   1520 y.010107               1                  500080
   1521 y.020107               1                  500040
   1522 y.030107               1                  500060
   1523 y.040207               1                     120
   1524 y.050207               1                      40
   1526 y.070307               1               325476.47
   1527 y.080307               1               325476.47
   1528 y.090307               1               325876.47
   1530 y.110407               1                    1200
   1531 y.120407               1                    1200
   1532 y.130407               1                    1200
   1533 y.140407               1                    1200
   1534 y.150407               1                    1600
   1536 y.170407               1                    1600
   1539 y.200507               1               378036.86
   1540 y.210507               1               285027.65
   1541 y.220507               1               283827.65
   1542 y.230507               1               283827.65
   1543 y.240507               1               283827.65
   1544 y.250507               1               285827.65
   1545 y.260507               1               284227.65
   1549 y.300607               1               232260.59
   1550 y.310607               1               161140.39
   1551 y.320607               1               155740.39
   1552 y.330607               1               158440.39
   1553 y.340607               1               155740.39
   1555 y.360607               1               156640.39
   1558 y.390607               1               156640.39
   1560 y.010108               1                  500005
   1561 y.020108               1                  499979
   1562 y.030108               1                  499984
   1563 y.040208               1                     120
   1564 y.050208               1                      40
   1567 y.080308               1               325526.47
   1568 y.090308               1               325926.47
   1569 y.100308               1               325926.47
   1570 y.110408               1               378116.86
   1572 y.130408               1               378116.86
   1573 y.140408               1               378116.86
   1574 y.150408               1               378516.86
   1575 y.160408               1               378516.86
   1576 y.170408               1               378516.86
   1577 y.180408               1               378516.86
   1578 y.190408               1               378516.86
   1580 y.210508               1                    2400
   1582 y.230508               1                    1200
   1583 y.240508               1                    1200
   1584 y.250508               1                    3200
   1585 y.260508               1                    1600
   1586 y.270508               1                    1600
   1587 y.280508               1                    1600
   1588 y.290508               1                    1600
   1590 y.310608               1               161160.39
   1591 y.320608               1               155760.39
   1592 y.330608               1               158460.39
   1593 y.340608               1               155760.39
   1594 y.350608               1               160260.39
   1595 y.360608               1               156660.39
   1596 y.370608               1               156660.39
   1597 y.380608               1               156660.39
   1598 y.390608               1               156660.39
   1599 y.400608               1               156660.39
   1600 y.010109               1                 -629920
   1601 y.020109               1                 -179960
   1602 y.030109               1                 -249940
   1603 y.040209               1                     170
   1604 y.050209               1                      90
   1605 y.060209               1                     110
   1606 y.070309               1               325576.47
   1607 y.080309               1               325576.47
   1608 y.090309               1               325976.47
   1609 y.100309               1               325976.47
   1610 y.110409               1               378156.86
   1611 y.120409               1               378156.86
   1612 y.130409               1               378156.86
   1613 y.140409               1               378156.86
   1614 y.150409               1               378556.86
   1615 y.160409               1               378556.86
   1616 y.170409               1               378556.86
   1617 y.180409               1               378556.86
   1618 y.190409               1               378556.86
   1619 y.200509               1              -1892566.2
   1620 y.210509               1                    2430
   1621 y.220509               1                    1230
   1622 y.230509               1                    1230
   1623 y.240509               1                    1230
   1624 y.250509               1                    3230
   1625 y.260509               1                    1630
   1626 y.270509               1                    1630
   1627 y.280509               1                    1630
   1628 y.290509               1                    1630
   1629 y.300609               1               232320.59
   1630 y.310609               1               161180.39
   1631 y.320609               1               155780.39
   1632 y.330609               1               158480.39
   1633 y.340609               1               155780.39
   1634 y.350609               1               160280.39
   1635 y.360609               1               156680.39
   1636 y.370609               1               156680.39
   1637 y.380609               1               156680.39
   1638 y.390609               1               156680.39
   1639 y.400609               1               156680.39
   1640 y.010110               1                      80
   1641 y.020110               1                      40
   1642 y.030110               1                      60
   1643 y.040210               1                 -619880
   1644 y.050210               1                 -149960
   1645 y.060210               1                 -269940
   1646 y.070310               1               75676.471
   1647 y.080310               1               75676.471
   1648 y.090310               1               76076.471
   1649 y.100310               1               76076.471
   1650 y.110410               1               378196.86
   1651 y.120410               1               378196.86
   1652 y.130410               1               378196.86
   1653 y.140410               1               378196.86
   1654 y.150410               1               378596.86
   1655 y.160410               1               378596.86
   1656 y.170410               1               378596.86
   1657 y.180410               1               378596.86
   1658 y.190410               1               378596.86
   1659 y.200510               1                    1280
   1660 y.210510               1                    2460
   1661 y.220510               1                    1260
   1662 y.230510               1                    1260
   1663 y.240510               1                    1260
   1664 y.250510               1                    3260
   1665 y.260510               1                    1660
   1666 y.270510               1                    1660
   1667 y.280510               1                    1660
   1668 y.290510               1                    1660
   1669 y.300610               1               232350.59
   1670 y.310610               1               161200.39
   1671 y.320610               1               155800.39
   1672 y.330610               1               158500.39
   1673 y.340610               1               155800.39
   1674 y.350610               1               160300.39
   1675 y.360610               1               156700.39
   1676 y.370610               1               156700.39
   1677 y.380610               1               156700.39
   1678 y.390610               1               156700.39
   1679 y.400610               1               156700.39
   1680 y.010111               1                      80
   1681 y.020111               1                      40
   1682 y.030111               1                      60
   1683 y.040211               1                     120
   1684 y.050211               1                      40
   1685 y.060211               1                      60
   1686 y.070311               1                    1200
   1687 y.080311               1                    1200
   1688 y.090311               1                    1600
   1689 y.100311               1                    1600
   1690 y.110411               1                    1200
   1691 y.120411               1                    1200
   1692 y.130411               1                    1200
   1693 y.140411               1                    1200
   1694 y.150411               1                    1600
   1695 y.160411               1                    1600
   1696 y.170411               1                    1600
   1697 y.180411               1                    1600
   1698 y.190411               1                    1600
   1699 y.200511               1                    1200
   1700 y.210511               1                    2400
   1701 y.220511               1                    1200
   1702 y.230511               1                    1200
   1703 y.240511               1                    1200
   1704 y.250511               1                    3200
   1705 y.260511               1                    1600
   1706 y.270511               1                    1600
   1707 y.280511               1                    1600
   1708 y.290511               1                    1600
   1709 y.300611               1                    2700
   1710 y.310611               1                    8100
   1711 y.320611               1                    2700
   1712 y.330611               1                    5400
   1713 y.340611               1                    2700
   1714 y.350611               1                    7200
   1715 y.360611               1                    3600
   1716 y.370611               1                    3600
   1717 y.380611               1                    3600
   1718 y.390611               1                    3600
   1719 y.400611               1                    3600
   1720 y.010112               1                      80
   1721 y.020112               1                      40
   1722 y.030112               1                      60
   1723 y.040212               1                     120
   1724 y.050212               1                      40
   1725 y.060212               1                      60
   1726 y.070312               1                    1200
   1727 y.080312               1                    1200
   1728 y.090312               1                    1600
   1729 y.100312               1                    1600
   1730 y.110412               1                    1200
   1731 y.120412               1                    1200
   1732 y.130412               1                    1200
   1733 y.140412               1                    1200
   1734 y.150412               1                    1600
   1735 y.160412               1                    1600
   1736 y.170412               1                    1600
   1737 y.180412               1                    1600
   1738 y.190412               1                    1600
   1739 y.200512               1                    1240
   1740 y.210512               1                    2430
   1741 y.220512               1                    1230
   1742 y.230512               1                    1230
   1743 y.240512               1                    1230
   1744 y.250512               1                    3230
   1745 y.260512               1                    1630
   1746 y.270512               1                    1630
   1747 y.280512               1                    1630
   1748 y.290512               1                    1630
   1749 y.300612               1                    2700
   1750 y.310612               1                    8100
   1751 y.320612               1                    2700
   1752 y.330612               1                    5400
   1753 y.340612               1                    2700
   1754 y.350612               1                    7200
   1755 y.360612               1                    3600
   1756 y.370612               1                    3600
   1757 y.380612               1                    3600
   1758 y.390612               1                    3600
   1760 y.010113               1                      80
   1761 y.020113               1                      40
   1762 y.030113               1                      60
   1763 y.040213               1                     120
   1764 y.050213               1                      40
   1765 y.060213               1                      60
   1767 y.080313               1                    1200
   1768 y.090313               1                    1600
   1769 y.100313               1                    1600
   1772 y.130413               1                    1240
   1773 y.140413               1                    1240
   1774 y.150413               1                    1640
   1776 y.170413               1                    1640
   1777 y.180413               1                    1640
   1778 y.190413               1                    1640
   1782 y.230513               1                    1200
   1783 y.240513               1                    1200
   1785 y.260513               1                    1600
   1786 y.270513               1                    1600
   1787 y.280513               1                    1600
   1788 y.290513               1                    1600
   1791 y.320613               1                    2720
   1792 y.330613               1                    5420
   1793 y.340613               1                    2720
   1795 y.360613               1                    3620
   1796 y.370613               1                    3620
   1797 y.380613               1                    3620
   1799 y.400613               1                    3620
   1800 y.010114               1                      80
   1801 y.020114               1                      40
   1802 y.030114               1                      60
   1803 y.040214               1                     120
   1804 y.050214               1                      40
   1805 y.060214               1                      20
   1806 y.070314               1                    1600
   1808 y.090314               1                    2000
   1809 y.100314               1                    2000
   1810 y.110414               1                    1200
   1811 y.120414               1                    1200
   1814 y.150414               1                    1600
   1815 y.160414               1                    1600
   1818 y.190414               1                    1600
   1819 y.200514               1                    1200
   1820 y.210514               1                    2400
   1821 y.220514               1                    1200
   1824 y.250514               1                    3200
   1827 y.280514               1                    1600
   1829 y.300614               1                    2700
   1830 y.310614               1                    8100
   1834 y.350614               1                    7200
   1837 y.380614               1                    3600
   1838 y.390614               1                    3600
   1844 y.050215               1                      20
   1880 y.010116               1                    -136
   1881 y.020116               1                     -68
   1882 y.030116               1                    -120
   1883 y.040216               1                    -300
   1886 y.070316               1                    1200
   1924 oo..0501              61                       0
   1925 oo..0601       314.11765                       0
   1935 oo..0602       40.882353                       0
   1980 oo..0107       24.882353                       0
   1990 oo..0108              27                       0
   2000 oo..0109               5                       0
   2011 oo..0210               7                       0
