Stopped on time - objective value -2403207.02150000
      7 x1_1                   1              -18499.103
     13 x2_1                   1              -52919.571
     18 x3_0                   1              -25880.209
     22 x4_1                   1              -24130.701
     28 x5_1                   1               -21454.38
     33 x6_0                   1              -17209.419
     45 x8_1                   1              -141273.81
     50 x9_0                   1              -7902.8046
     54 x10_2                  1              -74480.337
     58 x11_0                  1              -16216.313
     62 x12_0                  1              -2913.6371
     65 x13_0                  1               -10344.01
     71 x14_3                  1               -15785.76
     74 x15_0                  1              -14712.147
     78 x16_0                  1              -11992.798
     79 x17_0                  1              -16234.231
     83 x18_0                  1              -11572.187
     87 x19_1                  1              -27831.032
     92 x20_0                  1              -2694.6137
     96 x21_0                  1               -15062.63
    100 x22_0                  1              -6319.4374
    103 x23_0                  1              -12246.461
    121 x26_4                  1                -27832.5
    124 x27_2                  1              -29735.137
    136 x29_2                  1               -107352.8
    140 x30_0                  1              -16254.245
    143 x31_0                  1              -5749.3594
    146 x32_0                  1              -41590.058
    149 x33_0                  1              -43389.645
    156 x35_0                  1              -17839.577
    160 x36_0                  1              -7621.5414
    164 x37_0                  1              -19038.193
    168 x38_0                  1              -7003.1009
    170 x39_0                  1              -13181.539
    173 x40_2                  1              -38351.401
    178 x41_1                  1              -38995.811
    183 x42_0                  1              -4781.2585
    187 x43_0                  1              -8491.8566
    193 x44_4                  1              -6885.4987
    199 x45_5                  1              -20135.714
    200 x46_0                  1              -8018.6569
    205 x47_0                  1              -10562.932
    209 x48_0                  1              -12821.689
    223 x51_0                  1              -29398.068
    228 x52_0                  1               -12139.66
    237 x53_5                  1              -8325.6903
    238 x54_0                  1               -6306.919
    241 x55_0                  1              -20865.769
    244 x56_0                  1              -19701.852
    252 x57_4                  1              -51972.558
    256 x58_3                  1              -72283.298
    259 x59_0                  1              -35167.402
    268 x60_5                  1              -34675.147
    272 x61_4                  1              -53920.091
    274 x62_0                  1              -14429.157
    275 x63_0                  1              -5784.2689
    276 x64_0                  1               -14053.74
    279 x65_0                  1              -14750.719
    282 x66_0                  1              -9174.3205
    289 x67_5                  1              -22747.664
    292 x68_3                  1              -55402.487
    295 x69_0                  1              -28222.307
    300 x70_0                  1              -24050.542
    308 x71_4                  1              -36759.831
    319 x73_4                  1              -37221.314
    325 x74_5                  1              -36087.187
    326 x75_0                  1              -15200.782
    328 x76_0                  1              -21735.395
    332 x77_0                  1              -17241.212
    336 x78_0                  1              -8479.6123
    341 x79_2                  1              -55361.426
    347 x80_3                  1               -71563.06
    351 x81_2                  1              -13769.504
    359 x82_5                  1              -26186.239
    360 x83_0                  1              -16034.608
    363 x84_0                  1              -13654.996
    376 x87_0                  1              -19631.728
    391 x90_0                  1              -19684.347
    427 x96_1                  1              -158053.15
    592 x123_4                 1              -39368.674
    695 x140_5                 1              -29604.811
    735 x147_3                 1              -101462.15
    788 x156_2                 1              -72414.476
   1043 x198_5                 1              -27012.742
   1200 H_1             941.0705                       0
   1201 H_2            1125.8943                       0
   1202 H_3            1349.7849                       0
   1203 H_4            1617.6776                       0
   1204 H_5            1939.0557                       0
