Optimal - objective value 0.00000000
      2 y(31)                         29                       1
      5 releaseDateAndCP               1                     -29
      8 x(1,2,0)                       1                       0
      9 x(2,0,0)                       1                       0
     10 x(3,0,0)                       1                       0
     26 x(6,1,2)                       1                       0
     44 x(9,2,3)                       1                       0
     58 x(4,1,4)                       1                       0
     71 x(10,2,4)                      1                       0
    151 x(12,1,7)                      1                       0
    192 x(7,0,9)                       1                       0
    203 x(11,2,9)                      1                       0
    241 x(14,1,10)                     1                       0
    260 x(5,0,11)                      1                       0
    274 x(13,0,11)                     1                       0
    321 x(19,2,12)                     1                       0
    347 x(15,0,13)                     1                       0
    370 x(8,2,14)                      1                       0
    386 x(18,0,14)                     1                       0
    396 x(22,0,14)                     1                       0
    488 x(16,1,18)                     1                       0
    514 x(21,0,19)                     1                       0
    531 x(17,0,20)                     1                       0
    532 x(20,0,20)                     1                       0
    551 x(23,2,21)                     1                       0
    554 x(27,2,21)                     1                       0
    564 x(24,0,22)                     1                       0
    585 x(25,1,24)                     1                       0
    586 x(26,0,24)                     1                       0
    599 x(29,2,25)                     1                       0
    600 x(30,0,25)                     1                       0
    604 x(28,1,27)                     1                       0
    609 x(0,0,0)                       1                       0
    610 x(31,0,29)                     1                       0
    611 u(0,0)                         1                       0
    614 u(1,2)                         1                       0
    615 u(2,0)                         1                       0
    618 u(3,0)                         1                       0
    622 u(4,1)                         1                       0
    624 u(5,0)                         1                       0
    628 u(6,1)                         1                       0
    630 u(7,0)                         1                       0
    635 u(8,2)                         1                       0
    638 u(9,2)                         1                       0
    641 u(10,2)                        1                       0
    644 u(11,2)                        1                       0
    646 u(12,1)                        1                       0
    648 u(13,0)                        1                       0
    652 u(14,1)                        1                       0
    654 u(15,0)                        1                       0
    658 u(16,1)                        1                       0
    660 u(17,0)                        1                       0
    663 u(18,0)                        1                       0
    668 u(19,2)                        1                       0
    669 u(20,0)                        1                       0
    672 u(21,0)                        1                       0
    675 u(22,0)                        1                       0
    680 u(23,2)                        1                       0
    681 u(24,0)                        1                       0
    685 u(25,1)                        1                       0
    687 u(26,0)                        1                       0
    692 u(27,2)                        1                       0
    694 u(28,1)                        1                       0
    698 u(29,2)                        1                       0
    699 u(30,0)                        1                       0
    702 u(31,0)                        1                       0
    705 y(4)                           4                       0
    706 y(5)                          11                       0
    707 y(6)                           2                       0
    708 y(7)                           9                       0
    709 y(8)                          14                       0
    710 y(9)                           3                       0
    711 y(10)                          4                       0
    712 y(11)                          9                       0
    713 y(12)                          7                       0
    714 y(13)                         11                       0
    715 y(14)                         10                       0
    716 y(15)                         13                       0
    717 y(16)                         18                       0
    718 y(17)                         20                       0
    719 y(18)                         14                       0
    720 y(19)                         12                       0
    721 y(20)                         20                       0
    722 y(21)                         19                       0
    723 y(22)                         14                       0
    724 y(23)                         21                       0
    725 y(24)                         22                       0
    726 y(25)                         24                       0
    727 y(26)                         24                       0
    728 y(27)                         21                       0
    729 y(28)                         27                       0
    730 y(29)                         25                       0
    731 y(30)                         25                       0
    732 d(1)                           9                       0
    733 d(2)                           2                       0
    734 d(3)                           3                       0
    735 d(4)                           6                       0
    736 d(5)                           1                       0
    737 d(6)                           7                       0
    738 d(7)                           2                       0
    739 d(8)                           6                       0
    740 d(9)                           9                       0
    741 d(10)                          5                       0
    742 d(11)                          7                       0
    743 d(12)                          2                       0
    744 d(13)                          3                       0
    745 d(14)                          4                       0
    746 d(15)                          4                       0
    747 d(16)                          2                       0
    748 d(17)                          4                       0
    749 d(18)                          4                       0
    750 d(19)                          7                       0
    751 d(20)                          1                       0
    752 d(21)                          3                       0
    753 d(22)                          8                       0
    754 d(23)                          4                       0
    755 d(24)                          2                       0
    756 d(25)                          3                       0
    757 d(26)                          3                       0
    758 d(27)                          4                       0
    759 d(28)                          2                       0
    760 d(29)                          4                       0
    761 d(30)                          4                       0
