Optimal - objective value 106940226.00000000
      1 I.SUPW.2               1                 2500000
      3 I.SUPW.4               1                -2160000
      8 I.SUPW.9               1                 1420000
     11 I.SUPW12               1                 2500000
     12 I.SUPW13               1                   -5000
     15 I.SUPW16               1                -1305000
     16 I.SUPW17               1                 -745000
     17 I.SUPW18               1                 1430000
     18 I.SUPW19               1                  415000
     21 I.SUPW22               1                 2500000
     22 I.SUPW23               1                 2500000
     23 I.SUPW24               1                  505000
     24 F....SUP           58268                       0
     26 F.SUPW.2            4917                       0
     28 F.SUPW.4            5000                       0
     33 F.SUPW.9            5000                       0
     36 F.SUPW12            4417                       0
     37 F.SUPW13            5000                       0
     40 F.SUPW16            5000                       0
     41 F.SUPW17            5000                       0
     42 F.SUPW18            5000                       0
     43 F.SUPW19            5000                       0
     46 F.SUPW22            2241                       0
     47 F.SUPW23            1693                       0
     48 F.SUPW24            5000                       0
     49 F.SUPW25            5000                    -702
     50 F.C.1...             146                    3692
     69 F.W19C.1             146                       0
     76 F.C.2...              87                    2757
     95 F.W19C.2              87                       0
    102 F.C.3...             672                    2165
    115 F.W13C.3             322                       0
    127 F.W25C.3             350                       0
    128 F.C.4...            1337                    1310
    152 F.W24C.4            1337                       0
    154 F.C.5...              31                    3992
    173 F.W19C.5              31                       0
    180 F.C.6...             559                    1747
    193 F.W13C.6             559                       0
    206 F.C.7...            2370                    1203
    208 F.W.2C.7            2370                       0
    232 F.C.8...            1089                    1225
    241 F.W.9C.8            1089                       0
    258 F.C.9...              33                    4574
    281 F.W23C.9              33                       0
    284 F.C10...              32                    3020
    303 F.W19C10              32                       0
    310 F.C11...            5495                    1162
    314 F.W.4C11            4962                       0
    335 F.W25C11             533                       0
    336 F.C12...             904                     975
    361 F.W25C12             904                       0
    362 F.C13...            1466                    1005
    371 F.W.9C13             895                       0
    380 F.W18C13             571                       0
    388 F.C14...             143                    2405
    412 F.W24C14              51                       0
    413 F.W25C14              92                       0
    414 F.C15...             615                    2317
    427 F.W13C15             615                       0
    440 F.C16...             564                    3002
    459 F.W19C16             564                       0
    466 F.C17...             226                    1567
    485 F.W19C17             226                       0
    492 F.C18...            3016                     595
    501 F.W.9C18            3016                       0
    518 F.C19...             253                    2332
    543 F.W25C19             253                       0
    544 F.C20...             195                    3775
    563 F.W19C20             195                       0
    570 F.C21...              38                    2757
    574 F.W.4C21              38                       0
    596 F.C22...             807                    2655
    609 F.W13C22             807                       0
    622 F.C23...             551                     702
    647 F.W25C23             551                       0
    648 F.C24...             304                    2842
    661 F.W13C24             304                       0
    674 F.C25...             814                    1412
    693 F.W19C25             814                       0
    700 F.C26...             337                    1672
    725 F.W25C26             337                       0
    726 F.C27...            4368                    2840
    738 F.W12C27            4368                       0
    752 F.C28...             577                     980
    777 F.W25C28             577                       0
    778 F.C29...             482                    1115
    791 F.W13C29             482                       0
    804 F.C30...             495                    3757
    817 F.W13C30             495                       0
    830 F.C31...             231                    2100
    843 F.W13C31             231                       0
    856 F.C32...             322                    1447
    881 F.W25C32             322                       0
    882 F.C33...             685                    2100
    895 F.W13C33             685                       0
    908 F.C34...           12912                    1775
    910 F.W.2C34            2547                       0
    924 F.W16C34            5000                       0
    925 F.W17C34            3149                       0
    926 F.W18C34            2216                       0
    934 F.C35...             325                    2072
    953 F.W19C35             325                       0
    960 F.C36...             366                    1752
    979 F.W19C36             366                       0
    986 F.C37...            3671                    1548
   1003 F.W17C37            1851                       0
   1010 F.W24C37            1820                       0
   1012 F.C38...            2213                     678
   1030 F.W18C38            2213                       0
   1038 F.C39...             705                    3361
   1061 F.W23C39             705                       0
   1064 F.C40...             328                    1508
   1088 F.W24C40             328                       0
   1090 F.C41...            1681                     717
   1109 F.W19C41            1681                       0
   1116 F.C42...            1117                    2152
   1135 F.W19C42              36                       0
   1141 F.W25C42            1081                       0
   1142 F.C43...             275                    4317
   1161 F.W19C43             275                       0
   1168 F.C44...             500                    2997
   1181 F.W13C44             500                       0
   1194 F.C45...            2241                    3036
   1216 F.W22C45            2241                       0
   1220 F.C46...             733                    2906
   1243 F.W23C46             733                       0
   1246 F.C47...             222                    3681
   1269 F.W23C47             222                       0
   1272 F.C48...              49                    4095
   1284 F.W12C48              49                       0
   1298 F.C49...            1464                    1215
   1322 F.W24C49            1464                       0
   1324 F.C50...             222                    1920
   1343 F.W19C50             222                       0
