Optimal - objective value -13855499.99980000
     19 C0000020               1                -1983600
     21 C0000022               1                -1983600
     23 C0000024               1                -1983600
     27 C0000028               1                -1983600
     31 C0000032               1                -1312500
     33 C0000034               1                -1312500
     45 C0000046               1                -1312500
     54 C0000055               1                -1983600
     91 z(2)                   1                  0.0002
     93 C0000094            1740                       0
     94 C0000095            1260                       0
     96 C0000097            4560                       0
     97 C0000098            4890                       0
    101 o24                    1                       0
    102 o25                    1                       0
    103 o26                    1                       0
    104 o27                    1                       0
    105 o28                    1                       0
    107 o30                    1                       0
    113 o36                    1                       0
