Optimal - objective value -2272649996.00000000
      3 x(1,1,1)               1                -1.2e+08
     11 x(5,1,1)               1             -1.5525e+08
     23 C0000024               1             -1.5525e+08
     32 C0000033               1              -1.083e+08
    136 x(6,2,1)               1             -1.5525e+08
    138 x(7,2,1)               1             -1.5525e+08
    140 x(8,2,1)               1             -1.5525e+08
    142 x(9,2,1)               1             -1.5525e+08
    246 x(0,3,0)               1                -1.2e+08
    251 x(2,3,1)               1              -1.083e+08
    270 C0000271               1             -1.5525e+08
    272 C0000273               1             -1.5525e+08
    375 x(3,4,0)               1             -1.5525e+08
    377 x(4,4,0)               1             -1.5525e+08
    389 C0000390               1             -1.5525e+08
    412 C0000413               1              -1.083e+08
    618 z(4)                   1                       4
    620 C0000621            1350                       0
    621 C0000622            1350                       0
    622 C0000623            1150                       0
    623 C0000624            1150                       0
    625 C0000626            4440                       0
    626 C0000627            4600                       0
    627 C0000628            4850                       0
    628 C0000629            5000                       0
    644 o(14)                  1                       0
    645 o(15)                  1                       0
    647 o(17)                  1                       0
    648 o(18)                  1                       0
    649 o(19)                  1                       0
    650 o(20)                  1                       0
    652 o(22)                  1                       0
    653 o(23)                  1                       0
    654 o(24)                  1                       0
    655 o(25)                  1                       0
    656 o(26)                  1                       0
    657 o(27)                  1                       0
    658 o(28)                  1                       0
    659 o(29)                  1                       0
    660 o(30)                  1                       0
    661 o(31)                  1                       0
    662 o(32)                  1                       0
    663 o(33)                  1                       0
    664 o(34)                  1                       0
    665 o(35)                  1                       0
    666 o(36)                  1                       0
    667 o(37)                  1                       0
    668 o(38)                  1                       0
    669 o(39)                  1                       0
    670 o(40)                  1                       0
    671 o(41)                  1                       0
    672 o(42)                  1                       0
    673 o(43)                  1                       0
    674 o(44)                  1                       0
    675 o(45)                  1                       0
    676 o(46)                  1                       0
    677 o(47)                  1                       0
    678 o(48)                  1                       0
    679 o(49)                  1                       0
    680 o(50)                  1                       0
    681 o(51)                  1                       0
    682 o(52)                  1                       0
    683 o(53)                  1                       0
    684 o(54)                  1                       0
    685 o(55)                  1                       0
    686 o(56)                  1                       0
    687 o(57)                  1                       0
    688 o(58)                  1                       0
    689 o(59)                  1                       0
    690 o(60)                  1                       0
    691 o(61)                  1                       0
    692 o(62)                  1                       0
    693 o(63)                  1                       0
    694 o(64)                  1                       0
