Stopped on time - objective value -607.20700000
     97 x11400                 1                      -5
    136 x17200                 1                    -8.1
    144 x19500                 1                    -8.1
    294 x1101                  1                     -10
    390 x32501                 1                    -9.9
    395 x35501                 1                   -2.84
    462 x10202                 1                   -17.5
    517 x22902                 1                  -2.057
    715 x26703                 1           1.7763568e-15
    724 x27703             0.722           3.5527137e-15
    798 x0304                  1          -1.7763568e-15
    816 x4404         0.50466667          -1.7763568e-15
   1037 x9605         0.65533333           3.5527137e-15
   1043 x10805                 1           1.7763568e-15
   1254 x17806                 1                       0
   1255 x17906             0.935                       0
   1391 x3807                  1                       0
   1415 x9607         0.20533333                       0
   1566 x0708              0.108          -1.7763568e-15
   1750 x35608                 1          -1.7763568e-15
   1769 x39708                 1          -1.7763568e-15
   1861 x17409             0.045                       0
   1862 x17509            0.5975                       0
   1875 x19409                 1                       0
   2066 x17510            0.4025                       0
   2067 x17610              0.82                       0
   2248 x17311                 1                       0
   2249 x17411             0.955                       0
   2374 x7412                  1           1.7763568e-15
   2375 x7512                  1           1.7763568e-15
   2390 x9812              0.458           1.7763568e-15
   2514 x0713              0.616          -1.7763568e-15
   2528 x3913                  1          -3.5527137e-15
   2598 x32313         0.9989899          -1.7763568e-15
   2686 x26914                 1           3.5527137e-15
   2688 x27114                 1           3.5527137e-15
   2689 x27214        0.30222222           1.7763568e-15
   2774 x32215                 1                       0
   2775 x32315       0.001010101                       0
   2784 x37415                 1                       0
   2785 x37515                 1                       0
   2798 x1216                  1                       0
   2807 x7716         0.97885714                       0
   2832 x7617                  1                       0
   2834 x14217        0.25866667                       0
   2835 x14317                 1                       0
   2849 x6718                  1                     -20
   2851 x10018                 1                     -15
   2864 x0819                  1                      -5
   2865 x1619                  1                      -5
   2867 x5319                  1                     -10
   2883 x3220                  1                       0
   2885 x5420                  1                       0
   2893 x36420        0.53366834                       0
   2896 x14021        0.89888889           3.5527137e-15
   2898 x15121                 1           3.5527137e-15
   2908 x10122                 1                     -15
   2909 x35822                 1                   -11.9
   2915 x5523                  1                     -15
   2917 x13123                 1                     -15
   2922 z00                    1                       0
   2923 z01                    1                       0
   2924 z02           0.99984663          -2.7123402e-15
   2925 z03                    1                  -19.83
   2926 z04                    1                  -22.57
   2927 z05                    1                  -19.83
   2928 z06                    1                  -23.22
   2929 z07                    1                  -18.08
   2930 z08                    1                  -20.88
   2931 z09                    1                  -19.71
   2932 z10                    1                  -14.67
   2933 z11                    1                  -23.46
   2934 z12                    1                  -24.58
   2935 z13                    1                  -28.05
   2936 z14                    1                  -28.72
   2937 z15                    1                  -29.71
   2938 z16                    1                  -32.13
   2939 z17                    1                  -33.88
   2940 z18           0.96818811                       0
   2941 z19           0.53447354                       0
   2942 z20                    1                  -38.31
   2943 z21                    1                  -34.18
   2944 z22           0.73962057                       0
   2945 z23           0.81967213                       0
   2946 a                607.207                       0
   3026 y7800                  1                       0
   3051 y10300                 1                       0
   3174 y1001                  1                       0
   3253 y17601                 1                       0
   3297 y5602                  1                       0
   3406 y25602                 1                       0
   3476 y12503                 1                       0
   3587 y0204                  1                       0
   3763 y3105                  1                       0
   3852 y22605                 1                       0
   4016 y23406                 1                       0
   4075 y3107                  1                       0
   4178 y24007                 1                       0
   4220 y0608                  1                       0
   4309 y17708                 1                       0
   4527 y23209                 1                       0
   4528 y23309                 1                       0
   4681 y23310                 1                       0
   4724 y31210                 1                       0
   4821 y23211                 1                       0
   4882 y4312                  1                       0
   4889 y5512                  1                       0
   5004 y0613                  1                       0
   5060 y16513                 1                       0
   5119 y12614                 1                       0
   5200 y16415                 1                       0
   5201 y16515                 1                       0
   5228 y5616                  1                       0
   5243 y22216                 1                       0
   5250 y8917                  1                       0
   5256 y22217                 1                       0
   5259 y4918                  1                       0
   5261 y7118                  1                       0
   5276 y0719                  1                       0
   5287 y22419                 1                       0
   5297 y22320                 1                       0
   5301 y26920                 1                       0
   5308 y34521                 1                       0
   5309 y34621                 1                       0
   5311 y17922                 1                       0
   5317 y22522                 1                       0
   5318 y4223                  1                       0
   5319 y8323                  1                       0
