Stopped on time - objective value 83.97975000
    538 C0539                  1                       0
    579 C0580                  1                       0
   1413 C1414                  1                       0
   1432 C1433                  1                       0
   1537 C1538                  1                       0
   2081 C2082                  1                       0
   2116 C2117                  1                       0
   2173 C2174                  1                       0
   2266 C2267                  2                       0
   2271 C2272                  2                       0
   2352 C2353                  2                       0
   2461 C2462                  1                       0
   3072 C3073                  1                       0
   3115 C3116                  3                       0
   3371 C3372                  1                       0
   3924 C3925                  1                       0
   4231 C4232                  1                       0
   4599 C4600                  1                       0
   4986 C4987                  2                       0
   5034 C5035                  1                       0
   5081 C5082                  1                       0
   5123 C5124                  1                       0
   5208 C5209                  1                       0
   5209 C5210                  1                       0
   6416 C6417                  1                       0
   8168 C8169                  1                       0
   9781 C9782                  1                       0
  10530 C10531                 1                       0
  10531 C10532                 1                       0
  10532 C10533                 1                       0
  10533 C10534                 1                       0
  10534 C10535                 4                       0
  10943 C10944                 1                 2.23607
  11073 C11074                 1                       1
  11081 C11082                 1                       2
  11114 C11115                 1                 3.60555
  11145 C11146                 1                       1
  11197 C11198                 1                 1.41421
  11948 C11949                 1                       3
  11967 C11968                 1                 3.60555
  12014 C12015                 1                 3.60555
  12072 C12073                 1                 1.41421
  12076 C12077                 1                       2
  12164 C12165                 1                       1
  12616 C12617                 1                       2
  12651 C12652                 1                 3.60555
  12708 C12709                 1                 1.41421
  12801 C12802                 1                       1
  12806 C12807                 1                 1.41421
  12887 C12888                 1                 3.60555
  12992 C12993                 1                       1
  12996 C12997                 1                 1.41421
  13607 C13608                 1                 3.16228
  13650 C13651                 1                       3
  13906 C13907                 1                       1
  14459 C14460                 1                       3
  14492 C14493                 1                 2.23607
  14766 C14767                 1                 1.41421
  15109 C15110                 1                       2
  15134 C15135                 1                 3.16228
  15351 C15352                 1                 2.23607
  15383 C15384                 1                       1
  15429 C15430                 1                       1
  15475 C15476                 1                       1
  15521 C15522                 1                       1
  15569 C15570                 1                       1
  15616 C15617                 1                       1
  15658 C15659                 1                 1.41421
  15743 C15744                 1                 1.41421
  15744 C15745                 1                       2
  16951 C16952                 1                       2
  18703 C18704                 1                       2
  19654 C19655                 1                 3.60555
  20316 C20317                 1                       2
  20791 C20792                 1                       1
Stopped on time - objective value 56.46621000
    586 C0587                  3                       0
   1438 C1439                  1                       0
   1443 C1444                  4                       0
   1524 C1525                  1                       0
   2283 C2284                  4                       0
   3852 C3853                  4                       0
   3859 C3860                  4                       0
   3902 C3903                  4                       0
   3955 C3956                  4                       0
   4191 C4192                  1                       0
   4673 C4674                  3                       0
   4679 C4680                  1                       0
   4802 C4803                  4                       0
   5123 C5124                  1                       0
   5438 C5439                  1                       0
   5978 C5979                  1                       0
   6069 C6070                  1                       0
   6076 C6077                  1                       0
   6340 C6341                  3                       0
   6867 C6868                  1                       0
   8998 C8999                  3                       0
  10258 C10259                 3                       0
  10530 C10531                 1                       0
  10531 C10532                 3                       0
  10532 C10533                 1                       0
  10533 C10534                 3                       0
  10534 C10535                 8                       0
  11043 C11044                 1                 2.23607
  11121 C11122                 1                       1
  11829 C11830                 1                       1
  11973 C11974                 1                       1
  11978 C11979                 1                 1.41421
  12059 C12060                 1                 3.60555
  12718 C12719                 1                 2.23607
  12765 C12766                 1                 2.23607
  12818 C12819                 1                 2.23607
  13577 C13578                 1                       1
  13609 C13610                 1                 3.16228
  13746 C13747                 1                 3.16228
  14387 C14388                 1                       1
  14394 C14395                 1                 1.41421
  14437 C14438                 1                 1.41421
  14490 C14491                 1                       2
  14726 C14727                 1                 2.23607
  15208 C15209                 1                       2
  15214 C15215                 1                 2.23607
  15337 C15338                 1                       1
  15658 C15659                 1                 1.41421
  15710 C15711                 1                       1
  15973 C15974                 1                 2.23607
  16513 C16514                 1                 1.41421
  16604 C16605                 1                       1
  16611 C16612                 1                 1.41421
  16875 C16876                 1                 3.16228
  17402 C17403                 1                       1
  18791 C18792                 1                       1
  19533 C19534                 1                 2.23607
  20181 C20182                 1                       2
  20793 C20794                 1                       1
