Stopped on time (no integer solution - continuous used) - objective value 0.00000000
      2 C0003                  1                       0
     28 C0029                  1                       0
     73 C0074                  1                       0
    136 C0137                  1                       0
    210 C0211                  1                       0
    291 C0292                  1                       0
    988 C0989                  1                       0
   1029 C1030                  1                       0
   1085 C1086                  1                       0
   1156 C1157                  1                       0
   1240 C1241                  1                       0
   1336 C1337                  1                       0
   1441 C1442                  1                       0
   1546 C1547                  1                       0
   1952 C1953                  1                       0
   1993 C1994                  1                       0
   2049 C2050                  1                       0
   2120 C2121                  1                       0
   2204 C2205                  1                       0
   2300 C2301                  1                       0
   2405 C2406                  1                       0
   2508 C2509                  1                       0
   2599 C2600                  1                       0
   2692 C2693                  1                       0
   2773 C2774         0.36069987                       0
   2775 C2776         0.63930013                       0
   2783 C2784         0.36069987                       0
   2830 C2831         0.63930013                       0
   2838 C2839         0.58613728                       0
   2841 C2842        0.053162853                       0
   2846 C2847         0.94683715                       0
   2871 C2872                  1                       0
   2889 C2890                  1                       0
   2893 C2894         0.33333333                       0
   2898 C2899         0.66666667                       0
   2899 C2900         0.33333333                       0
   2904 C2905         0.66666667                       0
   2906 C2907         0.33333333                       0
   2912 C2913         0.66666667                       0
   2915 C2916         0.33333333                       0
   2922 C2923         0.66666667                       0
   2925 C2926         0.33333333                       0
   2933 C2934         0.66666667                       0
   2936 C2937         0.33333333                       0
   2946 C2947         0.66666667                       0
   2949 C2950         0.33333333                       0
   2961 C2962         0.66666667                       0
   2975 C2976         0.66666667                       0
   2987 C2988         0.33333333                       0
   2989 C2990         0.56379806                       0
   3001 C3002         0.33333333                       0
   3014 C3015         0.33333333                       0
   3015 C3016         0.12023329                       0
   3023 C3024         0.21310004                       0
   3024 C3025         0.21310004                       0
   3025 C3026         0.31561238                       0
   3029 C3030         0.17500217                       0
   3031 C3032         0.33333333                       0
   3035 C3036         0.33333333                       0
   3037 C3038         0.33333333                       0
   3038 C3039         0.66666667                       0
   3039 C3040         0.33333333                       0
   3093 C3094         0.66666667                       0
   3148 C3149         0.21310004                       0
   3157 C3158        0.017364685                       0
   3166 C3167      0.00035626633                       0
   3177 C3178         0.10251234                       0
   3183 C3184         0.70794078                       0
   3325 C3326         0.29205922                       0
   3357 C3358                  1                       0
   3469 C3470         0.87976671                       0
   3605 C3606         0.12023329                       0
   3612 C3613         0.33333333                       0
   3617 C3618         0.66666667                       0
   3618 C3619         0.33333333                       0
   3623 C3624         0.66666667                       0
   3625 C3626         0.33333333                       0
   3631 C3632         0.66666667                       0
   3634 C3635         0.33333333                       0
   3641 C3642         0.66666667                       0
   3644 C3645         0.33333333                       0
   3652 C3653         0.66666667                       0
   3655 C3656         0.33333333                       0
   3665 C3666         0.66666667                       0
   3668 C3669         0.33333333                       0
   3680 C3681         0.66666667                       0
   3851 C3852         0.33333333                       0
   3853 C3854         0.33333333                       0
   3865 C3866         0.33333333                       0
   3878 C3879         0.10251234                       0
   3887 C3888         0.21310004                       0
   3893 C3894         0.17500217                       0
   3895 C3896         0.33333333                       0
   3899 C3900         0.33333333                       0
   3901 C3902           0.230821                       0
  11669 C11670        0.66666667                       0
  19658 C19659        0.21310004                       0
  19683 C19684        0.21310004                       0
  19693 C19694        0.21310004                       0
  19694 C19695        0.21310004                       0
  20963 C20964       0.017364685                       0
  20988 C20989       0.017364685                       0
  22293 C22294     0.00035626633                       0
  23899 C23900        0.10251234                       0
  23911 C23912        0.10251234                       0
  85949 C85950        0.12023329                       0
