Optimal - objective value 52030.00000000
     13 C0014                  2                       0
     15 C0016                  2                       0
     17 C0018                  2                       0
     20 C0021                  2                       0
    125 C0126                  2                       0
    140 C0141                  2                       0
    144 C0145                  2                       0
    180 C0181                  2                       0
    243 C0244                  2                       0
    247 C0248                  2                       0
    268 C0269                  2                       0
    286 C0287                  2                       0
    288 C0289                  2                       0
    290 C0291                  2                       0
    293 C0294                  2                       0
    328 C0329                  2                       0
    330 C0331                  2                       0
    332 C0333                  2                       0
    355 C0356                  5                       0
    392 C0393                  2                       0
    396 C0397                  2                       0
    418 C0419                  5                       0
   2561 C2562                  1                       6
   2563 C2564                  1                       8
   2574 C2575                  1                       1
   2583 C2584                  1                       1
   2605 C2606                  1                       5
   2629 C2630                  1                       2
   2641 C2642                  1                       5
   2643 C2644                  1                       7
   2667 C2668                  1                       4
   2668 C2669                  1                       5
   2671 C2672                  1                       8
   2679 C2680                  1                       7
   2680 C2681                  1                       8
   2700 C2701                  1                       1
   2706 C2707                  1                       7
   2715 C2716                  1                       7
   2721 C2722                  1                       4
   2739 C2740                  1                       4
   2749 C2750                  1                       5
   2777 C2778                  1                       6
   2779 C2780                  1                       8
   2792 C2793                  1                       3
   2804 C2805                  1                       6
   2812 C2813                  1                       5
   2820 C2821                  1                       4
   2922 C2923                  1                       7
   2926 C2927                  1                       2
   2936 C2937                  1                       3
   2952 C2953                  1                       1
   2953 C2954                  1                       2
   2954 C2955                  1                       3
   3380 C3381                  1                       6
   3386 C3387                  1                       3
   3407 C3408                  1                       6
   3458 C3459                  1                       3
   3466 C3467                  1                       2
   3484 C3485                  1                       2
   3492 C3493                  1                       1
   3494 C3495                  1                       3
   3516 C3517                  1                       7
   3534 C3535                  1                       7
   3547 C3548                  1                       2
   3564 C3565                  1                       1
   3565 C3566                  1                       2
   3570 C3571                  1                       7
   3573 C3574                  1                       1
   3621 C3622                  1                       4
   3622 C3623                  1                       5
   3649 C3650                  1                       5
   3658 C3659                  1                       5
   3659 C3660                  1                       6
   3665 C3666                  1                       3
   3679 C3680                  1                       8
   3681 C3682                  1                       1
   3686 C3687                  1                       6
   3688 C3689                  1                       8
   3702 C3703                  1                       4
   3713 C3714                  1                       6
   3730 C3731                  1                       5
   3763 C3764                  1                       2
   3777 C3778                  1                       7
   3783 C3784                  1                       4
   3810 C3811                  1                       4
   3864 C3865                  1                       4
   3872 C3873                  1                       3
   3877 C3878                  1                       8
   4375 C4376                  1                       2
   4377 C4378                  1                       4
   4392 C4393                  1                       1
   4425 C4426                  1                       7
   4431 C4432                  1                       4
   4459 C4460                  1                       5
   4460 C4461                  1                       6
   4474 C4475                  1                       2
   4483 C4484                  1                       2
   4488 C4489                  1                       7
   4501 C4502                  1                       2
   4525 C4526                  1                       8
   4537 C4538                  1                       2
   4540 C4541                  1                       5
   4542 C4543                  1                       7
   4574 C4575                  1                       3
   4579 C4580                  1                       8
   4581 C4582                  1                       1
   4586 C4587                  1                       6
   4628 C4629                  1                       3
   4646 C4647                  1                       3
   4674 C4675                  1                       4
   4683 C4684                  1                       4
   4693 C4694                  1                       5
   4703 C4704                  1                       6
   4711 C4712                  1                       5
   4723 C4724                  1                       8
   4731 C4732                  1                       7
   4770 C4771                  1                       1
   4772 C4773                  1                       3
   4779 C4780                  1                       1
   4784 C4785                  1                       6
   4788 C4789                  1                       1
   4790 C4791                  1                       3
   4794 C4795                  1                       7
   4800 C4801                  1                       4
   4802 C4803                  1                       6
   5391 C5392                  1                       1
   5403 C5404                  1                       4
   5414 C5415                  1                       6
   5415 C5416                  1                       7
   5427 C5428                  1                       1
   5429 C5430                  1                       3
   5431 C5432                  1                       5
   5439 C5440                  1                       4
   5441 C5442                  1                       6
   5443 C5444                  1                       8
   5445 C5446                  1                       1
   5447 C5448                  1                       3
   5452 C5453                  1                       8
   5469 C5470                  1                       7
   5618 C5619                  1                       3
   5622 C5623                  1                       7
   5626 C5627                  1                       2
   5634 C5635                  1                       1
   5637 C5638                  1                       4
   5644 C5645                  1                       2
   5645 C5646                  1                       3
   5658 C5659                  1                       7
   5692 C5693                  1                       5
   5693 C5694                  1                       6
   5702 C5703                  1                       6
   5710 C5711                  1                       5
   5719 C5720                  1                       5
   5720 C5721                  1                       6
   5726 C5727                  1                       3
   5736 C5737                  1                       4
   5743 C5744                  1                       2
   5752 C5753                  1                       2
   5776 C5777                  1                       8
   5778 C5779                  1                       1
   6295 C6296                  1                       5
   6305 C6306                  1                       6
   6306 C6307                  1                       7
   6309 C6310                  1                       1
   6320 C6321                  1                       3
   6322 C6323                  1                       5
   6323 C6324                  1                       6
   6328 C6329                  1                       2
   6333 C6334                  1                       7
   6342 C6343                  1                       7
   6375 C6376                  1                       4
   6401 C6402                  1                       3
   6404 C6405                  1                       6
   6428 C6429                  1                       3
   6429 C6430                  1                       4
   6433 C6434                  1                       8
   6436 C6437                  1                       2
   6437 C6438                  1                       3
   6442 C6443                  1                       8
   6445 C6446                  1                       2
   6450 C6451                  1                       7
   6454 C6455                  1                       2
   6483 C6484                  1                       4
   6512 C6513                  1                       6
   6554 C6555                  1                       3
   6556 C6557                  1                       5
   6586 C6587                  1                       8
   6588 C6589                  1                       1
   6606 C6607                  1                       1
   6607 C6608                  1                       2
   6673 C6674                  1                       5
   6687 C6688                  1                       1
   6709 C6710                  1                       5
   6729 C6730                  1                       7
   7153 C7154                  1                       8
   7188 C7189                  1                       7
   7194 C7195                  1                       4
   7197 C7198                  1                       7
   7248 C7249                  1                       4
   7249 C7250                  1                       5
   7257 C7258                  1                       4
   7269 C7270                  1                       7
   7276 C7277                  1                       5
   7571 C7572                  1                       3
   7578 C7579                  1                       1
   7587 C7588                  1                       1
   7596 C7597                  1                       1
   7598 C7599                  1                       3
   7627 C7628                  1                       5
   8113 C8114                  1                       5
   8118 C8119                  1                       1
   8165 C8166                  1                       3
   8168 C8169                  1                       6
   8328 C8329                  1                       4
   8352 C8353                  1                       1
   8530 C8531                  1                       8
   8534 C8535                  1                       3
   8562 C8563                  1                       4
   8569 C8570                  1                       2
   8601 C8602                  1                       7
   8617 C8618                  1                       5
   9039 C9040                  1                       4
   9054 C9055                  1                       1
   9065 C9066                  1                       3
   9069 C9070                  1                       7
   9230 C9231                  1                       6
   9238 C9239                  1                       5
   9246 C9247                  1                       4
   9252 C9253                  1                       1
   9274 C9275                  1                       5
   9288 C9289                  1                       1
   9298 C9299                  1                       2
   9301 C9302                  1                       5
   9307 C9308                  1                       2
   9310 C9311                  1                       5
   9334 C9335                  1                       2
   9337 C9338                  1                       5
   9396 C9397                  1                       1
   9405 C9406                  1                       1
   9437 C9438                  1                       6
   9439 C9440                  1                       8
   9491 C9492                  1                       6
   9498 C9499                  1                       4
   9505 C9506                  1                       2
   9528 C9529                  1                       7
  10093 C10094                 1                       5
  10094 C10095                 1                       6
  10098 C10099                 1                       1
  10117 C10118                 1                       2
  10118 C10119                 1                       3
  10126 C10127                 1                       2
  10135 C10136                 1                       2
  10136 C10137                 1                       3
  10147 C10148                 1                       5
  10173 C10174                 1                       4
  10176 C10177                 1                       7
  10190 C10191                 1                       3
  10200 C10201                 1                       4
  10202 C10203                 1                       6
  10206 C10207                 1                       1
  10215 C10216                 1                       1
  10220 C10221                 1                       6
  10254 C10255                 1                       4
  10258 C10259                 1                       8
  10283 C10284                 1                       6
  10307 C10308                 1                       3
  10321 C10322                 1                       8
  10329 C10330                 1                       7
  10346 C10347                 1                       6
  10371 C10372                 1                       4
  10379 C10380                 1                       3
  11016 C11017                 1                       1
  11021 C11022                 1                       6
  11065 C11066                 1                       5
  11093 C11094                 1                       6
  11108 C11109                 1                       3
  11127 C11128                 1                       4
  11171 C11172                 1                       3
  11174 C11175                 1                       6
  11190 C11191                 1                       4
  11193 C11194                 1                       7
  11206 C11207                 1                       2
  11234 C11235                 1                       3
  11265 C11266                 1                       7
  11268 C11269                 1                       1
  11300 C11301                 1                       6
  11301 C11302                 1                       7
  11349 C11350                 1                       1
  11360 C11361                 1                       3
  11368 C11369                 1                       2
  11379 C11380                 1                       4
  11382 C11383                 1                       7
  11430 C11431                 1                       1
  11464 C11465                 1                       8
  11871 C11872                 1                       1
  11887 C11888                 1                       8
  11890 C11891                 1                       2
  11895 C11896                 1                       7
  11896 C11897                 1                       8
  11905 C11906                 1                       8
  11907 C11908                 1                       1
  11929 C11930                 1                       5
  11931 C11932                 1                       7
  11933 C11934                 1                       9
  11947 C11948                 1                       5
  11955 C11956                 1                       4
  12143 C12144                 1                       3
  12147 C12148                 1                       7
  12152 C12153                 1                       3
  12159 C12160                 1                       1
  12174 C12175                 1                       7
  12178 C12179                 1                       2
  12181 C12182                 1                       5
  12187 C12188                 1                       2
  12190 C12191                 1                       5
  12195 C12196                 1                       1
  12196 C12197                 1                       2
  12200 C12201                 1                       6
  12214 C12215                 1                       2
  12228 C12229                 1                       7
  13852 C13853                 1                       2
  13860 C13861                 1                       1
  13926 C13927                 1                       4
  13937 C13938                 1                       6
  13947 C13948                 1                       7
  13978 C13979                 1                       2
  13991 C13992                 1                       6
  14001 C14002                 1                       7
  14004 C14005                 1                       1
  14018 C14019                 1                       6
  14058 C14059                 1                       1
  14065 C14066                 1                       8
  14095 C14096                 1                       2
  14098 C14099                 1                       5
  14112 C14113                 1                       1
  14115 C14116                 1                       4
  14134 C14135                 1                       5
  14137 C14138                 1                       8
  14141 C14142                 1                       3
  14145 C14146                 1                       7
  14170 C14171                 1                       5
  14180 C14181                 1                       6
  14187 C14188                 1                       4
  14191 C14192                 1                       8
  14199 C14200                 1                       7
  14249 C14250                 1                       3
  14251 C14252                 1                       5
  14256 C14257                 1                       1
  14263 C14264                 1                       8
  14279 C14280                 1                       6
  14284 C14285                 1                       2
  14298 C14299                 1                       7
  15044 C15045                 1                       6
  15116 C15117                 1                       6
  15122 C15123                 1                       3
  15139 C15140                 1                       2
  16168 C16169                 1                       5
  16176 C16177                 1                       4
  16186 C16187                 1                       5
  17637 C17638                 1                       7
  17650 C17651                 1                       2
  17687 C17688                 1                       3
  17719 C17720                 1                       8
  17721 C17722                 1                       1
  17734 C17735                 1                       5
  17752 C17753                 1                       5
  17831 C17832                 1                       3
  17832 C17833                 1                       4
  17868 C17869                 1                       4
  17871 C17872                 1                       7
  17902 C17903                 1                       2
  17934 C17935                 1                       7
  17949 C17950                 1                       4
  17955 C17956                 1                       1
  17956 C17957                 1                       2
  17968 C17969                 1                       5
  17988 C17989                 1                       7
  18041 C18042                 1                       6
  18050 C18051                 1                       6
  18065 C18066                 1                       3
  18070 C18071                 1                       8
  18077 C18078                 1                       6
  18491 C18492                 1                       6
  18495 C18496                 1                       1
  18496 C18497                 1                       2
  18497 C18498                 1                       3
  18509 C18510                 1                       6
  18516 C18517                 1                       4
  18521 C18522                 1                       9
  18525 C18526                 1                       4
  18526 C18527                 1                       5
  18530 C18531                 1                       9
  18531 C18532                 1                       1
  18533 C18534                 1                       3
  18545 C18546                 1                       6
  18547 C18548                 1                       8
  18549 C18550                 1                       1
  18555 C18556                 1                       7
  18556 C18557                 1                       8
  18565 C18566                 1                       8
  18568 C18569                 1                       2
  18574 C18575                 1                       8
  18698 C18699                 1                       6
  18704 C18705                 1                       3
  18740 C18741                 1                       3
  18752 C18753                 1                       6
  18865 C18866                 1                       2
  18882 C18883                 1                       1
  19432 C19433                 1                       2
  19459 C19460                 1                       2
  19485 C19486                 1                       1
  19514 C19515                 1                       3
  19715 C19716                 1                       6
  19740 C19741                 1                       4
  19743 C19744                 1                       7
  19838 C19839                 1                       3
  19852 C19853                 1                       8
  19866 C19867                 1                       4
  19876 C19877                 1                       5
  19879 C19880                 1                       8
  19891 C19892                 1                       2
  19913 C19914                 1                       6
  19930 C19931                 1                       5
  19938 C19939                 1                       4
  19945 C19946                 1                       2
  19947 C19948                 1                       4
  19950 C19951                 1                       7
  20425 C20426                 1                       5
  20433 C20434                 1                       4
  20441 C20442                 1                       3
  20448 C20449                 1                       1
  20469 C20470                 1                       4
  20477 C20478                 1                       3
  20507 C20508                 1                       6
  20509 C20510                 1                       8
  20527 C20528                 1                       8
  20532 C20533                 1                       4
  20533 C20534                 1                       5
  20540 C20541                 1                       3
  20697 C20698                 1                       7
  20721 C20722                 1                       4
  20722 C20723                 1                       5
  20728 C20729                 1                       2
  20794 C20795                 1                       5
  20800 C20801                 1                       2
  20804 C20805                 1                       6
  20805 C20806                 1                       7
  20827 C20828                 1                       2
  20873 C20874                 1                       3
  20889 C20890                 1                       1
  20903 C20904                 1                       6
  20910 C20911                 1                       4
  21323 C21324                 1                       3
  21325 C21326                 1                       5
  21327 C21328                 1                       7
  21333 C21334                 1                       4
  21334 C21335                 1                       5
  21336 C21337                 1                       7
  21342 C21343                 1                       4
  21352 C21353                 1                       5
  21353 C21354                 1                       6
  21358 C21359                 1                       2
  21359 C21360                 1                       3
  21364 C21365                 1                       8
  21367 C21368                 1                       2
  21371 C21372                 1                       6
  21373 C21374                 1                       8
  21376 C21377                 1                       2
  21377 C21378                 1                       3
  21388 C21389                 1                       5
  21389 C21390                 1                       6
  21392 C21393                 1                       9
  21394 C21395                 1                       2
  21396 C21397                 1                       4
  21399 C21400                 1                       7
  21406 C21407                 1                       5
  21407 C21408                 1                       6
  21408 C21409                 1                       7
  21431 C21432                 1                       3
  21450 C21451                 1                       4
  21459 C21460                 1                       4
  21465 C21466                 1                       1
  21610 C21611                 1                       2
  21627 C21628                 1                       1
  21654 C21655                 1                       1
  21665 C21666                 1                       3
