Stopped on time (no integer solution - continuous used) - objective value 429.00000000
      1 C0002         0.28571429                       0
      3 C0004         0.28571429                       0
      4 C0005         0.14285714                       0
      5 C0006         0.10952381                       0
      6 C0007         0.42857143                       0
      7 C0008       0.0095238095                       0
      8 C0009         0.42857143                       0
      9 C0010         0.28571429                       0
     10 C0011         0.25238095                       0
     12 C0013         0.14285714                       0
     15 C0016         0.56190476                       0
     16 C0017         0.41904762                       0
     17 C0018         0.38571429                       0
     20 C0021         0.10952381                       0
     22 C0023                0.8                       0
     23 C0024         0.25714286                       0
     24 C0025                0.8                       0
     25 C0026                0.8                       0
     26 C0027         0.48571429                       0
     27 C0028         0.94285714                       0
     28 C0029                0.4                       0
     29 C0030         0.94285714                       0
     30 C0031         0.94285714                       0
     31 C0032         0.62857143                       0
     33 C0034         0.14285714                       0
     34 C0035         0.14285714                       0
     36 C0037         0.68571429                       0
     37 C0038         0.68571429                       0
     38 C0039         0.37142857                       0
     39 C0040         0.14285714                       0
     42 C0043         0.42857143                       0
     43 C0044         0.48571429                       0
     45 C0046         0.48571429                       0
     46 C0047         0.28571429                       0
     47 C0048        0.028571429                       0
     48 C0049                0.2                       0
     50 C0051                0.2                       0
     54 C0055         0.14285714                       0
     57 C0058                  1                       0
     58 C0059                0.8                       0
     59 C0060         0.54285714                       0
     64 C0065        0.057142857                       0
     69 C0070                0.2                       0
     73 C0074        0.028571429                       0
     78 C0079         0.14285714                       0
     79 C0080         0.14285714                       0
     80 C0081         0.25714286                       0
     81 C0082         0.14285714                       0
     82 C0083         0.25714286                       0
     83 C0084         0.25714286                       0
     84 C0085         0.28571429                       0
     86 C0087         0.41904762                       0
     88 C0089         0.14285714                       0
     89 C0090         0.17619048                       0
     91 C0092         0.27619048                       0
     94 C0095        0.033333333                       0
     95 C0096         0.56190476                       0
     96 C0097         0.14285714                       0
     97 C0098         0.28571429                       0
     98 C0099         0.31904762                       0
    102 C0103         0.28571429                       0
    103 C0104         0.31904762                       0
    104 C0105         0.17619048                       0
    105 C0106         0.28571429                       0
    107 C0108        0.028571429                       0
    116 C0117         0.68571429                       0
    117 C0118         0.14285714                       0
    118 C0119         0.14285714                       0
    119 C0120         0.45714286                       0
    123 C0124         0.14285714                       0
    124 C0125         0.45714286                       0
    125 C0126         0.45714286                       0
    128 C0129         0.65714286                       0
    131 C0132         0.25714286                       0
    132 C0133        0.085714286                       0
    133 C0134         0.94285714                       0
    134 C0135        0.085714286                       0
    135 C0136         0.28571429                       0
    136 C0137         0.54285714                       0
    137 C0138                  1                       0
    138 C0139         0.14285714                       0
    139 C0140         0.34285714                       0
    140 C0141                0.6                       0
    144 C0145         0.34285714                       0
    145 C0146                0.6                       0
    146 C0147                0.4                       0
    147 C0148         0.28571429                       0
    148 C0149         0.22857143                       0
    149 C0150         0.51428571                       0
    150 C0151         0.51428571                       0
    151 C0152         0.51428571                       0
    152 C0153                0.4                       0
    153 C0154        0.085714286                       0
    154 C0155         0.37142857                       0
    155 C0156         0.37142857                       0
    156 C0157         0.37142857                       0
    157 C0158         0.25714286                       0
    158 C0159         0.42857143                       0
    159 C0160         0.42857143                       0
    160 C0161         0.42857143                       0
    161 C0162         0.31428571                       0
    162 C0163         0.14285714                       0
    163 C0164         0.14285714                       0
    164 C0165        0.028571429                       0
    165 C0166         0.14285714                       0
    166 C0167        0.028571429                       0
    167 C0168        0.028571429                       0
    168 C0169        0.066666667                       0
    169 C0170        0.066666667                       0
    171 C0172         0.38095238                       0
    172 C0173         0.52380952                       0
    173 C0174         0.23809524                       0
    174 C0175         0.14285714                       0
    176 C0177         0.45714286                       0
    177 C0178                0.6                       0
    178 C0179         0.31428571                       0
    180 C0181         0.45714286                       0
    181 C0182                0.6                       0
    182 C0183         0.31428571                       0
    183 C0184         0.65714286                       0
    184 C0185                0.8                       0
    185 C0186         0.51428571                       0
    186 C0187         0.28571429                       0
    189 C0190         0.15238095                       0
    190 C0191         0.58095238                       0
    192 C0193         0.58095238                       0
    193 C0194          0.2952381                       0
    194 C0195       0.0095238095                       0
    195 C0196         0.57142857                       0
    197 C0198         0.57142857                       0
    198 C0199         0.28571429                       0
    201 C0202         0.14285714                       0
    204 C0205                  1                       0
    205 C0206         0.71428571                       0
    206 C0207         0.42857143                       0
    210 C0211         0.28571429                       0
    211 C0212         0.58095238                       0
    213 C0214         0.58095238                       0
    216 C0217         0.43809524                       0
    218 C0219         0.43809524                       0
    222 C0223         0.14285714                       0
    225 C0226         0.74285714                       0
    230 C0231         0.14285714                       0
    231 C0232         0.28571429                       0
    232 C0233         0.44285714                       0
    234 C0235                0.3                       0
    235 C0236         0.15714286                       0
    236 C0237        0.014285714                       0
    237 C0238                0.3                       0
    239 C0240         0.15714286                       0
    240 C0241        0.014285714                       0
    246 C0247         0.54285714                       0
    247 C0248                0.4                       0
    248 C0249         0.25714286                       0
    252 C0253         0.21904762                       0
    253 C0254         0.21904762                       0
    254 C0255         0.41904762                       0
    257 C0258        0.047619048                       0
    258 C0259         0.14285714                       0
    259 C0260         0.34285714                       0
    263 C0264         0.34285714                       0
    271 C0272         0.28571429                       0
    272 C0273         0.42857143                       0
    273 C0274         0.13333333                       0
    275 C0276         0.56190476                       0
    278 C0279         0.27619048                       0
    280 C0281         0.57142857                       0
    283 C0284         0.28571429                       0
    284 C0285                  1                       0
    285 C0286         0.14285714                       0
    286 C0287         0.42857143                       0
    287 C0288         0.71428571                       0
    291 C0292         0.42857143                       0
    292 C0293         0.71428571                       0
    293 C0294         0.42857143                       0
    296 C0297          0.3047619                       0
    298 C0299         0.56190476                       0
    299 C0300         0.56190476                       0
    301 C0302         0.44761905                       0
    303 C0304          0.7047619                       0
    304 C0305          0.7047619                       0
    305 C0306         0.74285714                       0
    306 C0307         0.14285714                       0
    307 C0308                  1                       0
    308 C0309                  1                       0
    310 C0311                0.4                       0
    311 C0312                0.4                       0
    312 C0313                  1                       0
    313 C0314                  1                       0
    314 C0315         0.14285714                       0
    317 C0318         0.38571429                       0
    319 C0320         0.12857143                       0
    320 C0321         0.27142857                       0
    322 C0323         0.52857143                       0
    323 C0324         0.12857143                       0
    324 C0325         0.27142857                       0
    325 C0326         0.41428571                       0
    326 C0327         0.68571429                       0
    327 C0328         0.28571429                       0
    328 C0329         0.42857143                       0
    329 C0330         0.57142857                       0
    332 C0333        0.028571429                       0
    333 C0334         0.28571429                       0
    334 C0335         0.42857143                       0
    335 C0336         0.28571429                       0
    336 C0337          2.9333333                       0
    337 C0338          1.9333333                       0
    338 C0339          3.9333333                       0
    339 C0340                  1                       1
    340 C0341          3.9333333                       0
    341 C0342          2.9333333                       0
    342 C0343                2.7                       0
    343 C0344                2.4                       0
    344 C0345                  4                       0
    345 C0346          4.9333333                       0
    346 C0347                3.7                       0
    347 C0348                2.4                       0
    348 C0349                1.4                       0
    349 C0350                  7                      -1
    350 C0351                3.2                       0
    351 C0352                  7                      -1
    352 C0353                  7           1.7410168e-16
    353 C0354                4.8                       0
    354 C0355                  1                       1
    355 C0356                  1           1.7410168e-16
    356 C0357                2.8                       0
    357 C0358                  1                       1
    358 C0359                4.6                       0
    359 C0360                6.6                       0
    360 C0361                  7                      -1
    361 C0362                  1           1.7410168e-16
    362 C0363                  7                      -1
    363 C0364                5.6                       0
    364 C0365                3.8                       0
    365 C0366                5.6                       0
    366 C0367                  5                       0
    367 C0368                  1           1.7410168e-16
    368 C0369                2.8                       0
    369 C0370                3.6                       0
    370 C0371                2.6                       0
    371 C0372                  3                       0
    372 C0373                  1                       1
    373 C0374                  1           1.7410168e-16
    374 C0375                  1           1.7410168e-16
    375 C0376                1.8                       0
    376 C0377                429                       0
