Stopped on time - objective value 6.63202960
      0 C0001                  1                       0
      1 C0002                  1                       0
      2 C0003                  1                       0
      3 C0004                  1                       0
      4 C0005                  1                       0
     12 C0013                  1                       0
     15 C0016                  1                       0
     18 C0019                  1                       0
     19 C0020                  1                       0
     21 C0022                  1                       0
     24 C0025                  1                       0
     34 C0035                  1                       0
     94 C0095                  1                       0
     95 C0096                  1                       0
     96 C0097                  1                       0
    110 C0111                  1                       0
    111 C0112                  1                       0
    113 C0114                  1                       0
    126 C0127                  1                       0
    181 C0182                  1                       0
    184 C0185                  1                       0
    187 C0188                  1                       0
    188 C0189                  1                       0
    191 C0192                  1                       0
    193 C0194                  1                       0
    194 C0195                  1                       0
    197 C0198                  1                       0
    198 C0199                  1                       0
    207 C0208                  1                       0
    210 C0211                  1                       0
    211 C0212                  1                       0
    215 C0216                  1                       0
    216 C0217                  1                       0
    219 C0220                  8                       0
    221 C0222                  2                       0
    223 C0224                  2                       0
    224 C0225                  3                       0
    227 C0228                  1                       0
    228 C0229                  1                       0
    234 C0235                  8                       0
    236 C0237                  2                       0
    238 C0239                  1                       0
    239 C0240                  3                       0
    242 C0243                  1                       0
    243 C0244                  1                       0
    249 C0250                  6                       0
    251 C0252                  2                       0
    253 C0254                  1                       0
    254 C0255                  3                       0
    257 C0258                  1                       0
    258 C0259                  1                       0
    263 C0264                  6                       0
    267 C0268                  1                       0
    268 C0269                  2                       0
    271 C0272                  1                       0
    272 C0273                  1                       0
    277 C0278                  2                       0
    281 C0282                  1                       0
    282 C0283                  1                       0
    285 C0286                  1                       0
    286 C0287                  1                       0
    295 C0296                  1                       0
    298 C0299                  1                       0
    299 C0300                  1                       0
    311 C0312                  1                       0
    315 C0316                  1                       0
    316 C0317                  1                       0
    323 C0324                  1                       0
    329 C0330                  1                       0
    344 C0345                  1                       0
    355 C0356                  2                       0
    356 C0357                  2                       0
    373 C0374                  2                       0
    376 C0377                  1                       0
    384 C0385                  2                       0
    386 C0387                  4                       0
    391 C0392                  1                       0
    400 C0401                  2                       0
    404 C0405                  1                       0
    411 C0412                  2                       0
    419 C0420                  1                       0
    423 C0424                  1                       0
    435 C0436                  1                       0
    436 C0437                  2                       0
    440 C0441                  1                       0
    444 C0445                  3                       0
    451 C0452                  4                       0
    456 C0457                  1                       0
    457 C0458                  2                       0
    462 C0463                  3                       0
    466 C0467                  4                       0
    470 C0471                  8                       0
    472 C0473                  2                       0
    474 C0475                  2                       0
    475 C0476                  3                       0
    478 C0479                  1                       0
    479 C0480                  1                       0
    488 C0489                  1                       0
    489 C0490                  1                       0
    519 C0520                985               0.0008558
    520 C0521               1485               0.0008986
    521 C0522               2015               0.0009436
    522 C0523               2577               0.0009908
Stopped on time - objective value 5.78906660
      0 C0001                  1                       0
      1 C0002                  1                       0
      2 C0003                  1                       0
      4 C0005                  1                       0
     12 C0013                  1                       0
     21 C0022                  1                       0
     31 C0032                  1                       0
     42 C0043                  1                       0
     54 C0055                  1                       0
     92 C0093                  1                       0
     95 C0096                  1                       0
     96 C0097                  1                       0
    146 C0147                  1                       0
    181 C0182                  1                       0
    191 C0192                  1                       0
    194 C0195                  1                       0
    195 C0196                  1                       0
    196 C0197                  1                       0
    197 C0198                  1                       0
    213 C0214                  1                       0
    216 C0217                  1                       0
    217 C0218                  1                       0
    219 C0220                  8                       0
    221 C0222                  3                       0
    224 C0225                  3                       0
    225 C0226                  2                       0
    226 C0227                  1                       0
    227 C0228                  2                       0
    234 C0235                  8                       0
    236 C0237                  3                       0
    239 C0240                  2                       0
    240 C0241                  1                       0
    241 C0242                  1                       0
    242 C0243                  2                       0
    249 C0250                  5                       0
    251 C0252                  3                       0
    254 C0255                  2                       0
    256 C0257                  1                       0
    257 C0258                  2                       0
    263 C0264                  5                       0
    265 C0266                  2                       0
    270 C0271                  1                       0
    271 C0272                  2                       0
    277 C0278                  5                       0
    284 C0285                  1                       0
    285 C0286                  2                       0
    298 C0299                  2                       0
    311 C0312                  2                       0
    316 C0317                  1                       0
    323 C0324                  1                       0
    329 C0330                  1                       0
    345 C0346                  1                       0
    346 C0347                  1                       0
    355 C0356                  2                       0
    356 C0357                  3                       0
    362 C0363                  1                       0
    373 C0374                  1                       0
    376 C0377                  2                       0
    384 C0385                  2                       0
    388 C0389                  2                       0
    400 C0401                  5                       0
    407 C0408                  1                       0
    411 C0412                  2                       0
    435 C0436                  2                       0
    436 C0437                  2                       0
    444 C0445                  3                       0
    451 C0452                  4                       0
    456 C0457                  1                       0
    457 C0458                  2                       0
    462 C0463                  3                       0
    466 C0467                  4                       0
    470 C0471                  8                       0
    472 C0473                  3                       0
    475 C0476                  3                       0
    476 C0477                  2                       0
    477 C0478                  1                       0
    478 C0479                  2                       0
    489 C0490                  1                       0
    520 C0521               1485               0.0008986
    521 C0522               2015               0.0009436
    522 C0523               2577               0.0009908
