Stopped on time - objective value 2432.00000000
   2793 C2794                  1                     -10
   2795 C2796                  1                     -10
   2824 C2825                  1                     -10
   2834 C2835                  1                     -10
   2850 C2851                  1                     -10
   2870 C2871                  1                     -10
   2887 C2888                  1                     -10
   2901 C2902                  1                     -10
   2914 C2915                  1                     -10
   2940 C2941                  1                     -10
   2955 C2956                  1                     -10
   2968 C2969                  1                     -10
   2970 C2971                  1                     -10
   2992 C2993                  1                     -10
   3000 C3001                  1                     -10
   3003 C3004                  1                     -10
   3008 C3009                  1                     -10
   3014 C3015                  1                      -1
   3022 C3023                  1                     -10
   3028 C3029                  1                     -10
   3038 C3039                  1                     -10
   3048 C3049                  1                      -1
   3051 C3052                  1                     -10
   3054 C3055                  1                     -10
   3056 C3057                  1                     -10
   3057 C3058                  1                     -10
   3060 C3061                  1                     -10
   3065 C3066                  1                     -10
   3066 C3067                  1                     -10
   3067 C3068                  1                     -10
   3073 C3074                  1                     -10
   3080 C3081                  1                     -10
   3085 C3086                  1                     -10
   3099 C3100                  1                     -10
   3100 C3101                  1                     -10
   3101 C3102                  1                     -10
   3102 C3103                  1                     -10
   3104 C3105                  1                     -10
   3112 C3113                  1                     -10
   3113 C3114                  1                     -10
   3115 C3116                  1                     -10
   3117 C3118                  1                     -10
   3118 C3119                  1                     -10
   3120 C3121                  1                     -10
   3124 C3125                  1                     -10
   3127 C3128                  1                     -10
   3167 C3168                  1                     -10
   3177 C3178                  1                     -10
   3202 C3203                  1                     -10
   3208 C3209                  1                     -10
   3219 C3220                  1                     -10
   3231 C3232                  1                     -10
   3239 C3240                  1                     -10
   3263 C3264                  1                     -10
   3280 C3281                  1                     -10
   3286 C3287                  1                     -10
   3290 C3291                  1                     -10
   3294 C3295                  1                     -10
   3312 C3313                  1                     -10
   3323 C3324                  1                      -1
   3330 C3331                  1                     -10
   3336 C3337                  1                     -10
   3340 C3341                  1                     -10
   3355 C3356                  1                     -10
   3370 C3371                  1                     -10
   3373 C3374                  1                     -10
   3378 C3379                  1                     -10
   3381 C3382                  1                     -10
   3385 C3386                  1                     -10
   3406 C3407                  1                     -10
   3417 C3418                  1                     -10
   3420 C3421                  1                     -10
   3447 C3448                  1                     -10
   3453 C3454                  1                     -10
   3464 C3465                  1                     -10
   3486 C3487                  1                     -10
   3494 C3495                  1                     -10
   3527 C3528                  1                     -10
   3539 C3540                  1                     -10
   3560 C3561                  1                     -10
   3574 C3575                  1                     -10
   3599 C3600                  1                     -10
   3619 C3620                  1                     -10
   3624 C3625                  1                     -10
   3641 C3642                  1                     -10
   3659 C3660                  1                     -10
   3661 C3662                  1                      -1
   3665 C3666                  1                     -10
   3677 C3678                  1                     -10
   3682 C3683                  1                     -10
   3716 C3717                  1                     -10
   3725 C3726                  1                     -10
   3753 C3754                  1                     -10
   3768 C3769                  1                     -10
   3781 C3782                  1                     -10
   3794 C3795                  1                      -1
   3805 C3806                  1                     -10
   3818 C3819                  1                     -10
   3834 C3835                  1                     -10
   3864 C3865                  1                     -10
   3873 C3874                  1                     -10
   3896 C3897                  1                     -10
   3908 C3909                  1                      -1
   3916 C3917                  1                     -10
   3920 C3921                  1                     -10
   3931 C3932                  1                     -10
   3944 C3945                  1                     -10
   3962 C3963                  1                     -10
   3975 C3976                  1                     -10
   3983 C3984                  1                     -10
   3989 C3990                  1                     -10
   3997 C3998                  1                     -10
   4012 C4013                  1                     -10
   4036 C4037                  1                     -10
   4047 C4048                  1                     -10
   4075 C4076                  1                     -10
   4093 C4094                  1                     -10
   4097 C4098                  1                     -10
   4108 C4109                  1                     -10
   4114 C4115                  1                     -10
   4119 C4120                  1                     -10
   4132 C4133                  1                     -10
   4136 C4137                  1                      -1
   4153 C4154                  1                     -10
   4159 C4160                  1                     -10
   4168 C4169                  1                     -10
   4180 C4181                  1                     -10
   4195 C4196                  1                     -10
   4198 C4199                  1                     -10
   4208 C4209                  1                      -1
   4216 C4217                  1                     -10
   4220 C4221                  1                     -10
   4228 C4229                  1                     -10
   4241 C4242                  1                     -10
   4259 C4260                  1                     -10
   4264 C4265                  1                     -10
   4274 C4275                  1                     -10
   4282 C4283                  1                     -10
   4287 C4288                  1                     -10
   4295 C4296                  1                     -10
   4299 C4300                  1                     -10
   4319 C4320                  1                     -10
   4327 C4328                  1                     -10
   4334 C4335                  1                     -10
   4337 C4338                  1                      -1
   4344 C4345                  1                     -10
   4350 C4351                  1                     -10
   4370 C4371                  1                     -10
   4373 C4374                  1                     -10
   4377 C4378                  1                     -10
   4379 C4380                  1                     -10
   4387 C4388                  1                     -10
   4397 C4398                  1                     -10
   4402 C4403                  1                     -10
   4412 C4413                  1                     -10
   4419 C4420                  1                     -10
   4422 C4423                  1                     -10
   4433 C4434                  1                     -10
   4443 C4444                  1                     -10
   4454 C4455                  1                     -10
   4461 C4462                  1                     -10
   4464 C4465                  1                      -1
   4468 C4469                  1                     -10
   4474 C4475                  1                     -10
   4491 C4492                  1                     -10
   4505 C4506                  1                     -10
   4518 C4519                  1                     -10
   4535 C4536                  1                     -10
   4560 C4561                  1                     -10
   4585 C4586                  1                     -10
   4597 C4598                  1                     -10
   4604 C4605                  1                     -10
   4610 C4611                  1                     -10
   4614 C4615                  1                     -10
   4627 C4628                  1                     -10
   4639 C4640                  1                     -10
   4649 C4650                  1                     -10
   4662 C4663                  1                      -1
   4669 C4670                  1                     -10
   4674 C4675                  1                     -10
   4678 C4679                  1                     -10
   4683 C4684                  1                     -10
   4698 C4699                  1                     -10
   4701 C4702                  1                     -10
   4704 C4705                  1                     -10
   4708 C4709                  1                     -10
   4714 C4715                  1                     -10
   4722 C4723                  1                     -10
   4723 C4724                  1                     -10
   4728 C4729                  1                     -10
   4755 C4756                  1                     -10
   4763 C4764                  1                     -10
   4778 C4779                  1                     -10
   4784 C4785                  1                     -10
   4791 C4792                  1                     -10
   4796 C4797                  1                     -10
   4800 C4801                  1                     -10
   4807 C4808                  1                     -10
   4832 C4833                  1                     -10
   4840 C4841                  1                     -10
   4849 C4850                  1                     -10
   4862 C4863                  1                     -10
   4885 C4886                  1                     -10
   4901 C4902                  1                     -10
   4921 C4922                  1                     -10
   4949 C4950                  1                     -10
   4973 C4974                  1                     -10
   4991 C4992                  1                     -10
   5001 C5002                  1                     -10
   5019 C5020                  1                     -10
   5047 C5048                  1                     -10
   5054 C5055                  1                     -10
   5060 C5061                  1                     -10
   5063 C5064                  1                     -10
   5065 C5066                  1                     -10
   5077 C5078                  1                     -10
   5083 C5084                  1                     -10
   5085 C5086                  1                     -10
   5104 C5105                  1                     -10
   5118 C5119                  1                     -10
   5158 C5159                  1                      10
   5159 C5160                  1                      10
   5162 C5163                  1                      10
   5163 C5164                  1                      10
   5226 C5227                  1                      10
   5227 C5228                  1                      10
   5248 C5249                  1                      10
   5249 C5250                  1                      10
   5283 C5284                  1                      10
   5284 C5285                  1                      10
   5328 C5329                  1                      10
   5329 C5330                  1                      10
   5365 C5366                  1                      10
   5366 C5367                  1                      10
   5397 C5398                  1                      10
   5398 C5399                  1                      10
   5425 C5426                  1                      10
   5426 C5427                  1                      10
   5445 C5446                  1                       1
   5483 C5484                  1                      10
   5484 C5485                  1                      10
   5516 C5517                  1                      10
   5517 C5518                  1                      10
   5537 C5538                  1                      10
   5544 C5545                  1                      10
   5545 C5546                  1                      10
   5549 C5550                  1                      10
   5550 C5551                  1                      10
   5598 C5599                  1                      10
   5599 C5600                  1                      10
   5615 C5616                  1                      10
   5616 C5617                  1                      10
   5622 C5623                  1                      10
   5623 C5624                  1                      10
   5633 C5634                  1                      10
   5634 C5635                  1                      10
   5646 C5647                  1                       1
   5647 C5648                  1                       1
   5664 C5665                  1                      10
   5665 C5666                  1                      10
   5677 C5678                  1                      10
   5678 C5679                  1                      10
   5699 C5700                  1                      10
   5700 C5701                  1                      10
   5721 C5722                  1                       1
   5722 C5723                  1                       1
   5727 C5728                  1                      10
   5728 C5729                  1                      10
   5729 C5730                  1                      10
   5734 C5735                  1                      10
   5735 C5736                  1                      10
   5743 C5744                  1                      10
   5744 C5745                  1                      10
   5754 C5755                  1                      10
   5755 C5756                  1                      10
   5768 C5769                  1                      10
   5769 C5770                  1                      10
   5784 C5785                  1                      10
   5785 C5786                  1                      10
   5795 C5796                  1                      10
   5796 C5797                  1                      10
   5826 C5827                  1                      10
   5827 C5828                  1                      10
   5829 C5830                  1                      10
   5830 C5831                  1                      10
   5833 C5834                  1                      10
   5834 C5835                  1                      10
   5837 C5838                  1                      10
   5850 C5851                  1                      10
   5851 C5852                  1                      10
   5853 C5854                  1                      10
   5854 C5855                  1                      10
   5857 C5858                  1                      10
   5858 C5859                  1                      10
   5864 C5865                  1                      10
   5865 C5866                  1                      10
   5873 C5874                  1                      10
   5874 C5875                  1                      10
   5879 C5880                  1                      10
   5880 C5881                  1                      10
   5918 C5919                  1                      10
   5927 C5928                  1                      10
   5960 C5961                  1                      10
   5967 C5968                  1                      10
   5968 C5969                  1                      10
   5989 C5990                  1                      10
   5990 C5991                  1                      10
   6026 C6027                  1                      10
   6045 C6046                  1                      10
   6046 C6047                  1                      10
   6058 C6059                  1                      10
   6059 C6060                  1                      10
   6082 C6083                  1                      10
   6083 C6084                  1                      10
   6108 C6109                  1                      10
   6109 C6110                  1                      10
   6126 C6127                  1                      10
   6127 C6128                  1                      10
   6137 C6138                  1                      10
   6180 C6181                  1                      10
   6181 C6182                  1                      10
   6217 C6218                  1                      10
   6218 C6219                  1                      10
   6230 C6231                  1                      10
   6231 C6232                  1                      10
   6239 C6240                  1                      10
   6240 C6241                  1                      10
   6248 C6249                  1                      10
   6249 C6250                  1                      10
   6288 C6289                  1                      10
   6289 C6290                  1                      10
   6312 C6313                  1                       1
   6313 C6314                  1                       1
   6327 C6328                  1                      10
   6328 C6329                  1                      10
   6338 C6339                  1                      10
   6341 C6342                  1                      10
   6342 C6343                  1                      10
   6350 C6351                  1                      10
   6351 C6352                  1                      10
   6371 C6372                  1                      10
   6383 C6384                  1                      10
   6384 C6385                  1                      10
   6395 C6396                  1                      10
   6416 C6417                  1                      10
   6417 C6418                  1                      10
   6423 C6424                  1                      10
   6424 C6425                  1                      10
   6433 C6434                  1                      10
   6434 C6435                  1                      10
   6440 C6441                  1                      10
   6441 C6442                  1                      10
   6449 C6450                  1                      10
   6450 C6451                  1                      10
   6464 C6465                  1                      10
   6495 C6496                  1                      10
   6496 C6497                  1                      10
   6519 C6520                  1                      10
   6520 C6521                  1                      10
   6526 C6527                  1                      10
   6527 C6528                  1                      10
   6539 C6540                  1                      10
   6586 C6587                  1                      10
   6587 C6588                  1                      10
   6599 C6600                  1                      10
   6600 C6601                  1                      10
   6615 C6616                  1                      10
   6624 C6625                  1                      10
   6625 C6626                  1                      10
   6640 C6641                  1                      10
   6672 C6673                  1                      10
   6673 C6674                  1                      10
   6690 C6691                  1                      10
   6691 C6692                  1                      10
   6745 C6746                  1                      10
   6763 C6764                  1                      10
   6764 C6765                  1                      10
   6789 C6790                  1                      10
   6790 C6791                  1                      10
   6836 C6837                  1                      10
   6837 C6838                  1                      10
   6867 C6868                  1                      10
   6868 C6869                  1                      10
   6922 C6923                  1                      10
   6923 C6924                  1                      10
   6966 C6967                  1                      10
   6967 C6968                  1                      10
   6977 C6978                  1                      10
   6978 C6979                  1                      10
   7001 C7002                  1                      10
   7015 C7016                  1                      10
   7016 C7017                  1                      10
   7055 C7056                  1                      10
   7056 C7057                  1                      10
   7059 C7060                  1                       1
   7060 C7061                  1                       1
   7068 C7069                  1                      10
   7069 C7070                  1                      10
   7095 C7096                  1                      10
   7096 C7097                  1                      10
   7105 C7106                  1                      10
   7106 C7107                  1                      10
   7181 C7182                  1                      10
   7182 C7183                  1                      10
   7200 C7201                  1                      10
   7201 C7202                  1                      10
   7263 C7264                  1                      10
   7264 C7265                  1                      10
   7296 C7297                  1                      10
   7297 C7298                  1                      10
   7324 C7325                  1                      10
   7325 C7326                  1                      10
   7353 C7354                  1                       1
   7354 C7355                  1                       1
   7377 C7378                  1                      10
   7378 C7379                  1                      10
   7388 C7389                  1                      10
   7406 C7407                  1                      10
   7407 C7408                  1                      10
   7441 C7442                  1                      10
   7442 C7443                  1                      10
   7508 C7509                  1                      10
   7509 C7510                  1                      10
   7527 C7528                  1                      10
   7528 C7529                  1                      10
   7578 C7579                  1                      10
   7579 C7580                  1                      10
   7605 C7606                  1                       1
   7606 C7607                  1                       1
   7623 C7624                  1                      10
   7624 C7625                  1                      10
   7632 C7633                  1                      10
   7633 C7634                  1                      10
   7656 C7657                  1                      10
   7657 C7658                  1                      10
   7685 C7686                  1                      10
   7686 C7687                  1                      10
   7725 C7726                  1                      10
   7726 C7727                  1                      10
   7753 C7754                  1                      10
   7754 C7755                  1                      10
   7771 C7772                  1                      10
   7772 C7773                  1                      10
   7784 C7785                  1                      10
   7785 C7786                  1                      10
   7802 C7803                  1                      10
   7803 C7804                  1                      10
   7823 C7824                  1                      10
   7835 C7836                  1                      10
   7836 C7837                  1                      10
   7888 C7889                  1                      10
   7889 C7890                  1                      10
   7912 C7913                  1                      10
   7913 C7914                  1                      10
   7934 C7935                  1                      10
   7974 C7975                  1                      10
   7975 C7976                  1                      10
   8014 C8015                  1                      10
   8015 C8016                  1                      10
   8023 C8024                  1                      10
   8024 C8025                  1                      10
   8047 C8048                  1                      10
   8048 C8049                  1                      10
   8061 C8062                  1                      10
   8062 C8063                  1                      10
   8071 C8072                  1                      10
   8072 C8073                  1                      10
   8100 C8101                  1                      10
   8101 C8102                  1                      10
   8109 C8110                  1                       1
   8110 C8111                  1                       1
   8144 C8145                  1                      10
   8147 C8148                  1                      10
   8148 C8149                  1                      10
   8160 C8161                  1                      10
   8161 C8162                  1                      10
   8180 C8181                  1                      10
   8181 C8182                  1                      10
   8201 C8202                  1                      10
   8206 C8207                  1                      10
   8207 C8208                  1                      10
   8212 C8213                  1                      10
   8239 C8240                  1                      10
   8240 C8241                  1                      10
   8246 C8247                  1                      10
   8247 C8248                  1                      10
   8268 C8269                  1                       1
   8269 C8270                  1                       1
   8286 C8287                  1                      10
   8287 C8288                  1                      10
   8295 C8296                  1                      10
   8296 C8297                  1                      10
   8312 C8313                  1                      10
   8313 C8314                  1                      10
   8341 C8342                  1                      10
   8342 C8343                  1                      10
   8381 C8382                  1                      10
   8382 C8383                  1                      10
   8392 C8393                  1                      10
   8393 C8394                  1                      10
   8414 C8415                  1                      10
   8415 C8416                  1                      10
   8432 C8433                  1                      10
   8433 C8434                  1                      10
   8442 C8443                  1                      10
   8443 C8444                  1                      10
   8453 C8454                  1                      10
   8460 C8461                  1                      10
   8461 C8462                  1                      10
   8469 C8470                  1                      10
   8470 C8471                  1                      10
   8513 C8514                  1                      10
   8514 C8515                  1                      10
   8515 C8516                  1                      10
   8531 C8532                  1                      10
   8532 C8533                  1                      10
   8547 C8548                  1                      10
   8548 C8549                  1                      10
   8553 C8554                  1                       1
   8554 C8555                  1                       1
   8568 C8569                  1                      10
   8569 C8570                  1                      10
   8582 C8583                  1                      10
   8583 C8584                  1                      10
   8626 C8627                  1                      10
   8627 C8628                  1                      10
   8633 C8634                  1                      10
   8634 C8635                  1                      10
   8641 C8642                  1                      10
   8642 C8643                  1                      10
   8646 C8647                  1                      10
   8647 C8648                  1                      10
   8660 C8661                  1                      10
   8664 C8665                  1                      10
   8665 C8666                  1                      10
   8685 C8686                  1                      10
   8686 C8687                  1                      10
   8697 C8698                  1                      10
   8698 C8699                  1                      10
   8714 C8715                  1                      10
   8719 C8720                  1                      10
   8720 C8721                  1                      10
   8734 C8735                  1                      10
   8735 C8736                  1                      10
   8741 C8742                  1                      10
   8742 C8743                  1                      10
   8765 C8766                  1                      10
   8766 C8767                  1                      10
   8787 C8788                  1                      10
   8788 C8789                  1                      10
   8812 C8813                  1                      10
   8813 C8814                  1                      10
   8825 C8826                  1                      10
   8828 C8829                  1                      10
   8829 C8830                  1                      10
   8835 C8836                  1                       1
   8836 C8837                  1                       1
   8844 C8845                  1                      10
   8845 C8846                  1                      10
   8857 C8858                  1                      10
   8858 C8859                  1                      10
   8870 C8871                  1                      10
   8895 C8896                  1                      10
   8896 C8897                  1                      10
   8926 C8927                  1                      10
   8927 C8928                  1                      10
   8955 C8956                  1                      10
   8956 C8957                  1                      10
   8972 C8973                  1                      10
   8987 C8988                  1                      10
   8992 C8993                  1                      10
   8993 C8994                  1                      10
   9047 C9048                  1                      10
   9048 C9049                  1                      10
   9049 C9050                  1                      10
   9080 C9081                  1                      10
   9103 C9104                  1                      10
   9104 C9105                  1                      10
   9113 C9114                  1                      10
   9129 C9130                  1                      10
   9130 C9131                  1                      10
   9145 C9146                  1                      10
   9146 C9147                  1                      10
   9158 C9159                  1                      10
   9159 C9160                  1                      10
   9167 C9168                  1                      10
   9168 C9169                  1                      10
   9182 C9183                  1                      10
   9195 C9196                  1                      10
   9196 C9197                  1                      10
   9206 C9207                  1                      10
   9222 C9223                  1                      10
   9223 C9224                  1                      10
   9244 C9245                  1                      10
   9245 C9246                  1                      10
   9253 C9254                  1                      10
   9273 C9274                  1                       1
   9274 C9275                  1                       1
   9288 C9289                  1                      10
   9289 C9290                  1                      10
   9299 C9300                  1                      10
   9300 C9301                  1                      10
   9301 C9302                  1                      10
   9309 C9310                  1                      10
   9310 C9311                  1                      10
   9319 C9320                  1                      10
   9320 C9321                  1                      10
   9338 C9339                  1                      10
   9353 C9354                  1                      10
   9354 C9355                  1                      10
   9359 C9360                  1                      10
   9360 C9361                  1                      10
   9366 C9367                  1                      10
   9367 C9368                  1                      10
   9375 C9376                  1                      10
   9376 C9377                  1                      10
   9388 C9389                  1                      10
   9389 C9390                  1                      10
   9405 C9406                  1                      10
   9406 C9407                  1                      10
   9408 C9409                  1                      10
   9409 C9410                  1                      10
   9419 C9420                  1                      10
   9420 C9421                  1                      10
   9434 C9435                  1                      10
   9479 C9480                  1                      10
   9480 C9481                  1                      10
   9496 C9497                  1                      10
   9497 C9498                  1                      10
   9529 C9530                  1                      10
   9530 C9531                  1                      10
   9542 C9543                  1                      10
   9543 C9544                  1                      10
   9544 C9545                  1                      10
   9558 C9559                  1                      10
   9559 C9560                  1                      10
   9569 C9570                  1                      10
   9570 C9571                  1                      10
   9578 C9579                  1                      10
   9579 C9580                  1                      10
   9593 C9594                  1                      10
   9594 C9595                  1                      10
   9595 C9596                  1                      10
   9649 C9650                  1                      10
   9650 C9651                  1                      10
   9666 C9667                  1                      10
   9667 C9668                  1                      10
   9687 C9688                  1                      10
   9688 C9689                  1                      10
   9715 C9716                  1                      10
   9716 C9717                  1                      10
   9766 C9767                  1                      10
   9767 C9768                  1                      10
   9801 C9802                  1                      10
   9802 C9803                  1                      10
   9846 C9847                  1                      10
   9847 C9848                  1                      10
   9860 C9861                  1                      10
   9878 C9879                  1                      10
   9907 C9908                  1                      10
   9908 C9909                  1                      10
   9960 C9961                  1                      10
   9961 C9962                  1                      10
  10000 C10001                 1                      10
  10001 C10002                 1                      10
  10022 C10023                 1                      10
  10023 C10024                 1                      10
  10062 C10063                 1                      10
  10063 C10064                 1                      10
  10112 C10113                 1                      10
  10124 C10125                 1                      10
  10125 C10126                 1                      10
  10139 C10140                 1                      10
  10140 C10141                 1                      10
  10154 C10155                 1                      10
  10155 C10156                 1                      10
  10161 C10162                 1                      10
  10162 C10163                 1                      10
  10167 C10168                 1                      10
  10168 C10169                 1                      10
  10185 C10186                 1                      10
  10188 C10189                 1                      10
  10195 C10196                 1                      10
  10196 C10197                 1                      10
  10210 C10211                 1                      10
  10211 C10212                 1                      10
  10215 C10216                 1                      10
  10216 C10217                 1                      10
  10242 C10243                 1                      10
  10258 C10259                 1                      10
  10259 C10260                 1                      10
  10275 C10276                 1                      10
  10289 C10290                 1                      10
  10290 C10291                 1                      10
