Stopped on time - objective value 1288.00000000
     21 C0022                  1                       0
     40 C0041                  1                       0
     57 C0058                  1                       0
     69 C0070                  1                       0
     76 C0077                  1                       0
     97 C0098                  1                       0
    103 C0104                  1                       0
    123 C0124                  1                       0
    163 C0164                  1                       0
    190 C0191                  1                       0
    195 C0196                  1                       0
    297 C0298                  1                       0
    328 C0329                  1                       0
    366 C0367                  1                       0
    390 C0391                  1                       0
    391 C0392                  1                       0
    415 C0416                  1                       0
    429 C0430                  1                       0
    435 C0436                  1                       0
    447 C0448                  1                       0
    471 C0472                  1                       0
    495 C0496                  1                       0
    508 C0509                  1                       0
    544 C0545                  1                       0
    549 C0550                  1                       0
    681 C0682                  1                       0
    702 C0703                  1                       0
    708 C0709                  1                       0
    892 C0893                  1                       0
    906 C0907                  1                       0
    918 C0919                  1                       0
    930 C0931                  1                       0
    958 C0959                  1                       0
    972 C0973                  1                       0
    987 C0988                  1                       0
    994 C0995                  1                       0
   1006 C1007                  1                       0
   1131 C1132                  1                       0
   1230 C1231                  1                       0
   1252 C1253                  1                       0
   1272 C1273                  1                       0
   1288 C1289                  1                       0
   1336 C1337                  1                       0
   1363 C1364                  1                       0
   1375 C1376                  1                       0
   1389 C1390                  1                       0
   1402 C1403                  1                       0
   1431 C1432                  1                       0
   1578 C1579                  1                       0
   1590 C1591                  1                       0
   1608 C1609                  1                       0
   1614 C1615                  1                       0
   1626 C1627                  1                       0
   1632 C1633                  1                       0
   1740 C1741                  1                       0
   1774 C1775                  1                       0
   1788 C1789                  1                       0
   1804 C1805                  1                       0
   1816 C1817                  1                       0
   1842 C1843                  1                       0
   1854 C1855                  1                       0
   1873 C1874                  1                       0
   1885 C1886                  1                       0
   1892 C1893                  1                       0
   1896 C1897                  1                       0
   1902 C1903                  1                       0
   1906 C1907                  1                       0
   1914 C1915                  1                       0
   1915 C1916                  1                       0
   1989 C1990                  1                       1
   1999 C2000                  1                       2
   2025 C2026                  1                       1
   2045 C2046                  1                       3
   2046 C2047                  1                       4
   2061 C2062                  1                       1
   2072 C2073                  1                       3
   2101 C2102                  1                       5
   2102 C2103                  1                       6
   2107 C2108                  1                       2
   2118 C2119                  1                       4
   2133 C2134                  1                       1
   2143 C2144                  1                       2
   2153 C2154                  1                       3
   2154 C2155                  1                       4
   2184 C2185                  1                       7
   2187 C2188                  1                       1
   2189 C2190                  1                       3
   2190 C2191                  1                       4
   2209 C2210                  1                       5
   2210 C2211                  1                       6
   2216 C2217                  1                       3
   2218 C2219                  1                       5
   2272 C2273                  1                       5
   2273 C2274                  1                       6
   2290 C2291                  1                       5
   2291 C2292                  1                       6
   2295 C2296                  1                       1
   2322 C2323                  1                       1
   2323 C2324                  1                       2
   2351 C2352                  1                       3
   2352 C2353                  1                       4
   2369 C2370                  1                       3
   2391 C2392                  1                       7
   2407 C2408                  1                       5
   2453 C2454                  1                       6
   2470 C2471                  1                       5
   2471 C2472                  1                       6
   2476 C2477                  1                       2
   2494 C2495                  1                       2
   2524 C2525                  1                       5
   2551 C2552                  1                       5
   2552 C2553                  1                       6
   2567 C2568                  1                       3
   2568 C2569                  1                       4
   2579 C2580                  1                       6
   2619 C2620                  1                       1
   2620 C2621                  1                       2
   2673 C2674                  1                       1
   2676 C2677                  1                       4
   2692 C2693                  1                       2
   2730 C2731                  1                       4
   2736 C2737                  1                       1
   2739 C2740                  1                       4
   2746 C2747                  1                       2
   2755 C2756                  1                       2
   2781 C2782                  1                       1
   2820 C2821                  1                       4
   2822 C2823                  1                       6
   2846 C2847                  1                       3
   2873 C2874                  1                       3
   2874 C2875                  1                       4
   2892 C2893                  1                       4
   2907 C2908                  1                       1
   2934 C2935                  1                       1
   2965 C2966                  1                       5
   2966 C2967                  1                       6
   2985 C2986                  1                       7
   2999 C3000                  1                       3
   3033 C3034                  1                       1
   3034 C3035                  1                       2
   3080 C3081                  1                       3
   3081 C3082                  1                       4
   3083 C3084                  1                       6
   3133 C3134                  1                       2
   3136 C3137                  1                       5
   3152 C3153                  1                       3
   3153 C3154                  1                       4
   3154 C3155                  1                       5
   3155 C3156                  1                       6
   3163 C3164                  1                       5
   3204 C3205                  1                       1
   3207 C3208                  1                       4
   3218 C3219                  1                       6
   3226 C3227                  1                       5
   3227 C3228                  1                       6
   3241 C3242                  1                       2
   3269 C3270                  1                       3
   3270 C3271                  1                       4
   3282 C3283                  1                       7
   3283 C3284                  1                       8
   3287 C3288                  1                       3
   3288 C3289                  1                       4
   3323 C3324                  1                       3
   3324 C3325                  1                       4
   3330 C3331                  1                       1
   3349 C3350                  1                       2
   3357 C3358                  1                       1
   3395 C3396                  1                       3
   3396 C3397                  1                       4
   3397 C3398                  1                       5
   3411 C3412                  1                       1
   3430 C3431                  1                       2
   3438 C3439                  1                       1
   3457 C3458                  1                       2
   3467 C3468                  1                       3
   3468 C3469                  1                       4
   3505 C3506                  1                       5
   3506 C3507                  1                       6
   3507 C3508                  1                       7
   3529 C3530                  1                       2
   3538 C3539                  1                       2
   3566 C3567                  1                       3
   3577 C3578                  1                       5
   3613 C3614                  1                       5
   3614 C3615                  1                       6
   3629 C3630                  1                       3
   3630 C3631                  1                       4
   3636 C3637                  1                       1
   3645 C3646                  1                       1
   3666 C3667                  1                       4
   3699 C3700                  1                       1
   3713 C3714                  1                       6
   3753 C3754                  1                       1
   3772 C3773                  1                       2
   3784 C3785                  1                       5
   3800 C3801                  1                       3
   3835 C3836                  1                       2
   3852 C3853                  1                       1
   3882 C3883                  1                       4
   3908 C3909                  1                       3
   3925 C3926                  1                       2
   3928 C3929                  1                       5
   3979 C3980                  1                       2
   3997 C3998                  1                       2
   4025 C4026                  1                       3
   4026 C4027                  1                       4
   4036 C4037                  1                       5
   4059 C4060                  1                       1
   4088 C4089                  1                       3
   4089 C4090                  1                       4
   4095 C4096                  1                       1
   4106 C4107                  1                       3
   4107 C4108                  1                       4
   4149 C4150                  1                       1
   4158 C4159                  1                       1
   4213 C4214                  1                       2
   4225 C4226                  1                       5
   4235 C4236                  1                       6
   4253 C4254                  1                       6
   4277 C4278                  1                       3
   4278 C4279                  1                       4
   4333 C4334                  1                       5
   4334 C4335                  1                       6
   4375 C4376                  1                       2
   4387 C4388                  1                       5
   4430 C4431                  1                       3
   4431 C4432                  1                       4
   4467 C4468                  1                       4
   4482 C4483                  1                       1
   4501 C4502                  1                       2
   4536 C4537                  1                       1
   4576 C4577                  1                       5
   4582 C4583                  1                       2
   4590 C4591                  1                       1
   4609 C4610                  1                       2
   4657 C4658                  1                       5
   4658 C4659                  1                       6
   4700 C4701                  1                       3
   4701 C4702                  1                       4
   4736 C4737                  1                       3
   4737 C4738                  1                       4
   4772 C4773                  1                       3
   4773 C4774                  1                       4
   4855 C4856                  1                       5
   4856 C4857                  1                       6
   4898 C4899                  1                       3
   4899 C4900                  1                       4
   4915 C4916                  1                       2
   4943 C4944                  1                       3
   4944 C4945                  1                       4
   4963 C4964                  1                       5
   4964 C4965                  1                       6
   4979 C4980                  1                       3
   4980 C4981                  1                       4
   4998 C4999                  1                       4
   4999 C5000                  1                       5
   5000 C5001                  1                       6
   5067 C5068                  1                       1
   5071 C5072                  1                       5
   5077 C5078                  1                       2
   5086 C5087                  1                       2
   5094 C5095                  1                       1
   5105 C5106                  1                       3
   5142 C5143                  1                       4
   5158 C5159                  1                       2
   5166 C5167                  1                       1
   5175 C5176                  1                       1
   5194 C5195                  1                       2
   5197 C5198                  1                       5
   5247 C5248                  1                       1
   5248 C5249                  1                       2
   5275 C5276                  1                       2
   5302 C5303                  1                       2
   5310 C5311                  1                       1
   5349 C5350                  1                       4
   5375 C5376                  1                       3
   5376 C5377                  1                       4
   5422 C5423                  1                       5
   5433 C5434                  1                       7
   5446 C5447                  1                       2
   5456 C5457                  1                       3
   5521 C5522                  1                       5
   5522 C5523                  1                       6
   5540 C5541                  1                       6
   5549 C5550                  1                       6
   5575 C5576                  1                       5
   5609 C5610                  1                       3
   5610 C5611                  1                       4
   5629 C5630                  1                       5
   5634 C5635                  1                       1
   5671 C5672                  1                       2
   5672 C5673                  1                       3
   5673 C5674                  1                       4
   5684 C5685                  1                       6
   5701 C5702                  1                       5
   5733 C5734                  1                       1
   5737 C5738                  1                       5
   5738 C5739                  1                       6
   5772 C5773                  1                       4
   5790 C5791                  1                       4
   5796 C5797                  1                       1
   5798 C5799                  1                       3
   5799 C5800                  1                       4
   5805 C5806                  1                       1
   5809 C5810                  1                       5
   5810 C5811                  1                       6
   5845 C5846                  1                       5
   5846 C5847                  1                       6
   5883 C5884                  1                       7
   5887 C5888                  1                       2
   5922 C5923                  1                       1
   5937 C5938                  1                       7
   5950 C5951                  1                       2
   5976 C5977                  1                       1
   5989 C5990                  1                       5
   5990 C5991                  1                       6
   6070 C6071                  1                       5
   6071 C6072                  1                       6
   6106 C6107                  1                       5
   6107 C6108                  1                       6
   6149 C6150                  1                       3
   6150 C6151                  1                       4
   6178 C6179                  1                       5
   6187 C6188                  1                       5
   6188 C6189                  1                       6
   6224 C6225                  1                       6
   6238 C6239                  1                       2
   6266 C6267                  1                       3
   6275 C6276                  1                       3
   6276 C6277                  1                       4
   6310 C6311                  1                       2
   6318 C6319                  1                       1
   6337 C6338                  1                       2
   6346 C6347                  1                       2
   6372 C6373                  1                       1
   6373 C6374                  1                       2
   6395 C6396                  1                       6
   6401 C6402                  1                       3
   6409 C6410                  1                       2
   6435 C6436                  1                       1
   6453 C6454                  1                       1
   6481 C6482                  1                       2
   6520 C6521                  1                       5
   6534 C6535                  1                       1
   6544 C6545                  1                       2
   6563 C6564                  1                       3
   6583 C6584                  1                       5
   6584 C6585                  1                       6
   6625 C6626                  1                       2
   6637 C6638                  1                       5
   6688 C6689                  1                       2
   6696 C6697                  1                       1
   6716 C6717                  1                       3
   6717 C6718                  1                       4
   6746 C6747                  1                       6
   6752 C6753                  1                       3
   6753 C6754                  1                       4
   6779 C6780                  1                       3
   6806 C6807                  1                       3
   6807 C6808                  1                       4
   6824 C6825                  1                       3
   6825 C6826                  1                       4
   6831 C6832                  1                       1
   6835 C6836                  1                       5
   6853 C6854                  1                       5
   6860 C6861                  1                       3
   6861 C6862                  1                       4
   6867 C6868                  1                       1
   6878 C6879                  1                       3
   6879 C6880                  1                       4
   6903 C6904                  1                       1
   6913 C6914                  1                       2
   6930 C6931                  1                       1
   6932 C6933                  1                       3
   6976 C6977                  1                       2
   6989 C6990                  1                       6
   7039 C7040                  1                       2
   7057 C7058                  1                       2
   7065 C7066                  1                       1
   7074 C7075                  1                       1
   7114 C7115                  1                       5
   7132 C7133                  1                       5
   7161 C7162                  1                       7
   7178 C7179                  1                       6
   7183 C7184                  1                       2
   7202 C7203                  1                       3
   7203 C7204                  1                       4
   7210 C7211                  1                       2
   7246 C7247                  1                       2
   7263 C7264                  1                       1
   7295 C7296                  1                       6
   7303 C7304                  1                       5
   7304 C7305                  1                       6
   7346 C7347                  1                       3
   7347 C7348                  1                       4
   7393 C7394                  1                       5
   7394 C7395                  1                       6
   7429 C7430                  1                       5
   7430 C7431                  1                       6
   7508 C7509                  1                       3
   7509 C7510                  1                       4
   7544 C7545                  1                       3
   7545 C7546                  1                       4
   7569 C7570                  1                       1
   7579 C7580                  1                       2
   7600 C7601                  1                       5
   7601 C7602                  1                       6
   7636 C7637                  1                       5
   7637 C7638                  1                       6
   7656 C7657                  1                       7
   7657 C7658                  1                       8
   7670 C7671                  1                       3
   7671 C7672                  1                       4
   7688 C7689                  1                       3
   7689 C7690                  1                       4
   7697 C7698                  1                       3
   7698 C7699                  1                       4
   7699 C7700                  1                       5
   7700 C7701                  1                       6
   7724 C7725                  1                       3
   7725 C7726                  1                       4
   7726 C7727                  1                       5
   7727 C7728                  1                       6
   7741 C7742                  1                       2
   7776 C7777                  1                       1
   7803 C7804                  1                       1
   7826 C7827                  1                       6
   7854 C7855                  1                       7
   7857 C7858                  1                       1
   7888 C7889                  1                       5
   7912 C7913                  1                       2
