Optimal - objective value 9361.00000000
     85 C0086                  1                       0
    140 C0141                  1                       0
    141 C0142                  1                       0
    171 C0172                  1                       0
    217 C0218                  1                       0
    277 C0278                  1                       0
    317 C0318                  1                       0
    417 C0418                  1                       0
    468 C0469                  1                       0
    476 C0477                  1                       0
    500 C0501                  1                       0
    627 C0628                  1                       0
    636 C0637                  1                       0
    816 C0817                  1                       0
    992 C0993                  1                       0
   1023 C1024                  1                       0
   1047 C1048                  1                       0
   1059 C1060                  1                       0
   1065 C1066                  1                       0
   1108 C1109                  1                       0
   1266 C1267                  1                       0
   1269 C1270                  1                       0
   1272 C1273                  1                       0
   1324 C1325                  1                       0
   1349 C1350                  1                       0
   1411 C1412                  1                       0
   1425 C1426                  1                       0
   1448 C1449                  1                       0
   1746 C1747                  1                       0
   1777 C1778                  1                       0
   1845 C1846                  1                       0
   1878 C1879                  1                       0
   1946 C1947                  1                       0
   1984 C1985                  1                       0
   2052 C2053                  1                       0
   2060 C2061                  1                       0
   2137 C2138                  1                       0
   2272 C2273                  1                       0
   2292 C2293                  1                       0
   2382 C2383                  1                       0
   2464 C2465                  1                       0
   2547 C2548                  1                       0
   2558 C2559                  1                       0
   2635 C2636                  1                       0
   2664 C2665                  1                       0
   2682 C2683                  1                       0
   2720 C2721                  1                       0
   2722 C2723                  1                       0
   2728 C2729                  1                       0
   2841 C2842                  1                       0
   2966 C2967                  1                       0
   3017 C3018                  1                       0
   3037 C3038                  1                       0
   3139 C3140                  1                       0
   3252 C3253                  1                       0
   3253 C3254                  1                       0
   3254 C3255                  1                       0
   3255 C3256                  1                       0
   3269 C3270                  1                       0
   3287 C3288                  1                       0
   3324 C3325                  1                       0
   3522 C3523                  1                       0
   3544 C3545                  1                       0
   3660 C3661                  1                       0
   3819 C3820                  1                       0
   3908 C3909                  1                       0
   3955 C3956                  1                       0
   3957 C3958                  1                       0
   3963 C3964                  1                       0
   4010 C4011                  1                       0
   4040 C4041                  1                       0
   4299 C4300                  1                       0
   4375 C4376                  1                       0
   4424 C4425                  1                       0
   4458 C4459                  1                       0
   4478 C4479                  1                       0
   4526 C4527                  1                       0
   4527 C4528                  1                       0
   4528 C4529                  1                       0
   4542 C4543                  1                       0
   4664 C4665                  1                       0
   4713 C4714                  1                       0
   4714 C4715                  1                       0
   4821 C4822                  1                       0
   4897 C4898                  1                       0
   4902 C4903                  1                       0
   5095 C5096                  1                       0
   5245 C5246                  1                       0
   5269 C5270                  1                       0
   5276 C5277                  1                       0
   5345 C5346                  1                       0
   5376 C5377                  1                       0
   5403 C5404                  1                       0
   5476 C5477                  1                       0
   5513 C5514                  1                       0
   5564 C5565                  1                       0
   5574 C5575                  1                       0
   5625 C5626                  1                       0
   5699 C5700                  1                       0
   5732 C5733                  1                       0
   5865 C5866                  1                       0
   5867 C5868                  1                       0
   5868 C5869                  1                       0
   5871 C5872                  1                       0
   5885 C5886                  1                       0
   5903 C5904                  1                       0
   5909 C5910                  1                       0
   6016 C6017                  1                       0
   6017 C6018                  1                       0
   6070 C6071                  1                       0
   6201 C6202                  1                       0
   6334 C6335                  1                       0
   6363 C6364                  1                       0
   6418 C6419                  1                       0
   6459 C6460                  1                       0
   6505 C6506                  1                       0
   6520 C6521                  1                       0
   6543 C6544                  1                       0
   6841 C6842                  1                       0
   6850 C6851                  1                       0
   6861 C6862                  1                       0
   6924 C6925                  1                       0
   6974 C6975                  1                       0
   7070 C7071                  1                       0
   7139 C7140                  1                       0
   7288 C7289                  1                       0
   7302 C7303                  1                       0
   7339 C7340                  1                       0
   7363 C7364                  1                       0
   7411 C7412                  1                       0
   7475 C7476                  1                       0
   7487 C7488                  1                       0
   7563 C7564                  1                       0
   7608 C7609                  1                       0
   7624 C7625                  1                       0
   7635 C7636                  1                       0
   7669 C7670                  1                       0
   7687 C7688                  1                       0
   7712 C7713                  1                       0
   7728 C7729                  1                       0
   7733 C7734                  1                       0
   7796 C7797                  1                       0
   8003 C8004                  1                       0
   8100 C8101                  1                       0
   8119 C8120                  1                       0
   8127 C8128                  1                       0
   8130 C8131                  1                       0
   8148 C8149                  1                       0
   8389 C8390                  1                       0
   8457 C8458                  1                       0
   8458 C8459                  1                       0
   8538 C8539                  1                       0
   8664 C8665                  1                       0
   8669 C8670                  1                       0
   8702 C8703                  1                       0
   8722 C8723                  1                       0
   8752 C8753                  1                       0
   8914 C8915                  1                       0
   8965 C8966                  1                       0
   8990 C8991                  1                       0
   9050 C9051                  1                       0
   9064 C9065                  1                       0
   9088 C9089                  1                       0
   9183 C9184                  1                       0
   9195 C9196                  1                       0
   9279 C9280                  1                       0
   9346 C9347                  1                       0
   9386 C9387                  1                       0
   9470 C9471                  1                       0
   9486 C9487                  1                       0
   9553 C9554                  1                       0
   9639 C9640                  1                       0
   9720 C9721                  1                       0
   9845 C9846                  1                       0
   9916 C9917                  1                       0
   9922 C9923                  1                       0
   9966 C9967                  1                       0
   9983 C9984                  1                       0
  10025 C10026                 1                       0
  10030 C10031                 1                       0
  10106 C10107                 1                       0
  10190 C10191                 1                       0
  10431 C10432                 1                       0
  10484 C10485                 1                       0
  10552 C10553                 1                       0
  10577 C10578                 1                       0
  10580 C10581                 1                       0
  10620 C10621                 1                       0
  10664 C10665                 1                       0
  10706 C10707                 1                       0
  10826 C10827                 1                       0
  10834 C10835                 1                       0
  10871 C10872                 1                       0
  10894 C10895                 1                       0
  10895 C10896                 1                       0
  10896 C10897                 1                       0
  10970 C10971                 1                       0
  11005 C11006                 1                       0
  11006 C11007                 1                       0
  11060 C11061                 1                       0
  11366 C11367                 1                       0
  11433 C11434                 1                       0
  11462 C11463                 1                       0
  11465 C11466                 1                       0
  11599 C11600                 1                       0
  11604 C11605                 1                       0
  11614 C11615                 1                       0
  11639 C11640                 1                       0
  11694 C11695                 1                       0
  11797 C11798                 1                       0
  11801 C11802                 1                       0
  11819 C11820                 1                       0
  11844 C11845                 1                       0
  11868 C11869                 1                       0
  11893 C11894                 1                       0
  11934 C11935                 1                       0
  12086 C12087                 1                       0
  12144 C12145                 1                       0
  12147 C12148                 1                       0
  12172 C12173                 1                       0
  12188 C12189                 1                       0
  12281 C12282                 1                       0
  12440 C12441                 1                       0
  12546 C12547                 1                       0
  12579 C12580                 1                       0
  12603 C12604                 1                       0
  12652 C12653                 1                       0
  12711 C12712                 1                       0
  12738 C12739                 1                       0
  12877 C12878                 1                       0
  12891 C12892                 1                       0
  12910 C12911                 1                       0
  12913 C12914                 1                       0
  12915 C12916                 1                       0
  12984 C12985                 1                       0
  13063 C13064                 1                       0
  13094 C13095                 1                       0
  13208 C13209                 1                       0
  13256 C13257                 1                       0
  13311 C13312                 1                       0
  13343 C13344                 1                       0
  13366 C13367                 1                       0
  13384 C13385                 1                       0
  13459 C13460                 1                       0
  13461 C13462                 1                       0
  13507 C13508                 1                       0
  13521 C13522                 1                       0
  13528 C13529                 1                       0
  13557 C13558                 1                       0
  13584 C13585                 1                       0
  13678 C13679                 1                       0
  13738 C13739                 1                       0
  13824 C13825                 1                       0
  13893 C13894                 1                       0
  13926 C13927                 1                       0
  14137 C14138                 1                       0
  14186 C14187                 1                       0
  14193 C14194                 1                       0
  14348 C14349                 1                       0
  14356 C14357                 1                       0
  14370 C14371                 1                       0
  14372 C14373                 1                       0
  14393 C14394                 1                       0
  14442 C14443                 1                       0
  14483 C14484                 1                       0
  14607 C14608                 1                       0
  14649 C14650                 1                       0
  14658 C14659                 1                       0
  14675 C14676                 1                       0
  14721 C14722                 1                       0
  14735 C14736                 1                       0
  14803 C14804                 1                       0
  14926 C14927                 1                       0
  14953 C14954                 1                       0
  15040 C15041                 1                       0
  15120 C15121                 1                       0
  15181 C15182                 1                       0
  15201 C15202                 1                       0
  15257 C15258                 1                       0
  15362 C15363                 1                       0
  15376 C15377                 1                       0
  15495 C15496                 1                       0
  15527 C15528                 1                       0
  15538 C15539                 1                       0
  15539 C15540                 1                       0
  15567 C15568                 1                       0
  15594 C15595                 1                       0
  15758 C15759                 1                       0
  15767 C15768                 1                       0
  15790 C15791                 1                       0
  15946 C15947                 1                       0
  15968 C15969                 1                       0
  15984 C15985                 1                       0
  15993 C15994                 1                       0
  15996 C15997                 1                       0
  16055 C16056                 1                       0
  16069 C16070                 1                       0
  16262 C16263                 1                       0
  16285 C16286                 1                       0
  16473 C16474                 1                       0
  16476 C16477                 1                       0
  16533 C16534                 1                       0
  16560 C16561                 1                       0
  16730 C16731                 1                       0
  16735 C16736                 1                       0
  16738 C16739                 1                       0
  16794 C16795                 1                       0
  16818 C16819                 1                       0
  16941 C16942                 1                       0
  16942 C16943                 1                       0
  16945 C16946                 1                       0
  16988 C16989                 1                       0
  17031 C17032                 1                       0
  17191 C17192                 1                       0
  17194 C17195                 1                       0
  17204 C17205                 1                       0
  17335 C17336                 1                       0
  17338 C17339                 1                       0
  17447 C17448                 1                       0
  17488 C17489                 1                       0
  17547 C17548                 1                       0
  17558 C17559                 1                       0
  17578 C17579                 1                       0
  17587 C17588                 1                       0
  17588 C17589                 1                       0
  17667 C17668                 1                       0
  17775 C17776                 1                       0
  17830 C17831                 1                       0
  17921 C17922                 1                       0
  18008 C18009                 1                       0
  18014 C18015                 1                       0
  18015 C18016                 1                       0
  18153 C18154                 1                       0
  18240 C18241                 1                       0
  18304 C18305                 1                       0
  18312 C18313                 1                       0
  18388 C18389                 1                       0
  18425 C18426                 1                       0
  18436 C18437                 1                       0
  18445 C18446                 1                       0
  18472 C18473                 1                       0
  18626 C18627                 1                       0
  18634 C18635                 1                       0
  18703 C18704                 1                       0
  18825 C18826                 1                       0
  18828 C18829                 1                       0
  18831 C18832                 1                       0
  18856 C18857                 1                       0
  18941 C18942                 1                       0
  18953 C18954                 1                       0
  19017 C19018                 1                       0
  19073 C19074                 1                       0
  19100 C19101                 1                       0
  19105 C19106                 1                       0
  19717 C19718                 1                      37
  20660 C20661                 1                      10
  21553 C21554                 1                      15
  21653 C21654                 1                      45
  21825 C21826                 1                      18
  21834 C21835                 1                      18
  22353 C22354                 1                      43
  22868 C22869                 1                      10
  22897 C22898                 1                      15
  22919 C22920                 1                      23
  22940 C22941                 1                      46
  22996 C22997                 1                      15
  23278 C23279                 1                      40
  26787 C26788                 1                      18
  26790 C26791                 1                      18
  26793 C26794                 1                      18
  27828 C27829                 1                      10
  27865 C27866                 1                      15
  27932 C27933                 1                      26
  27937 C27938                 1                      26
  27961 C27962                 1                      15
  27962 C27963                 1                      15
  27967 C27968                 1                      15
  31492 C31493                 1                      20
  31569 C31570                 1                      45
  31570 C31571                 1                      45
  31748 C31749                 1                      18
  32276 C32277                 1                      43
  32277 C32278                 1                      43
  32716 C32717                 1                      35
  32788 C32789                 1                      10
  32820 C32821                 1                      15
  35874 C35875                 1                      10
  36032 C36033                 1                      10
  36533 C36534                 1                      45
  36714 C36715                 1                      18
  37234 C37235                 1                      43
  37235 C37236                 1                      43
  37687 C37688                 1                      40
  37748 C37749                 1                      10
  37795 C37796                 1                      23
  37852 C37853                 1                      26
  38971 C38972                 1                      30
  39559 C39560                 1                      37
  40155 C40156                 1                      15
  41480 C41481                 1                      25
  41486 C41487                 1                      45
  41500 C41501                 1                      12
  41506 C41507                 1                      12
  41668 C41669                 1                      18
  42708 C42709                 1                      10
  42738 C42739                 1                      15
  42837 C42838                 1                      15
  42927 C42928                 1                      30
  46451 C46452                 1                      45
  46632 C46633                 1                      18
  47149 C47150                 1                      43
  47150 C47151                 1                      43
  47151 C47152                 1                      43
  47152 C47153                 1                      43
  47500 C47501                 1                      60
  47666 C47667                 1                      10
  47668 C47669                 1                      10
  47776 C47777                 1                      26
  48077 C48078                 1                      40
  50421 C50422                 1                      10
  51407 C51408                 1                      45
  51421 C51422                 1                      12
  51586 C51587                 1                      18
  51594 C51595                 1                      18
  52114 C52115                 1                      43
  52567 C52568                 1                      40
  52628 C52629                 1                      10
  52680 C52681                 1                      23
  53039 C53040                 1                      40
  53844 C53845                 1                      30
  56554 C56555                 1                      18
  57069 C57070                 1                      43
  57070 C57071                 1                      43
  57071 C57072                 1                      43
  57588 C57589                 1                      10
  57625 C57626                 1                      15
  57637 C57638                 1                      23
  57638 C57639                 1                      23
  57699 C57700                 1                      26
  57737 C57738                 1                      27
  57803 C57804                 1                      30
  59400 C59401                 1                      37
  60244 C60245                 1                      15
  61328 C61329                 1                      45
  61507 C61508                 1                      18
  61514 C61515                 1                      18
  62375 C62376                 1                      60
  62548 C62549                 1                      10
  62579 C62580                 1                      15
  62586 C62587                 1                      15
  62592 C62593                 1                      23
  62651 C62652                 1                      26
  62676 C62677                 1                      15
  62960 C62961                 1                      40
  64363 C64364                 1                      37
  64364 C64365                 1                      37
  66284 C66285                 1                      45
  66286 C66287                 1                      45
  66287 C66288                 1                      45
  66290 C66291                 1                      45
  66291 C66292                 1                      45
  66465 C66466                 1                      18
  66468 C66469                 1                      18
  67338 C67339                 1                      60
  67508 C67509                 1                      10
  67536 C67537                 1                      15
  67542 C67543                 1                      15
  68733 C68734                 1                      30
  71157 C71158                 1                      15
  71247 C71248                 1                      45
  71249 C71250                 1                      45
  71428 C71429                 1                      18
  71955 C71956                 1                      43
  72408 C72409                 1                      40
  72468 C72469                 1                      10
  72499 C72500                 1                      15
  72882 C72883                 1                      40
  74281 C74282                 1                      37
  74890 C74891                 1                      20
  76204 C76205                 1                      45
  76385 C76386                 1                      18
  76386 C76387                 1                      18
  76388 C76389                 1                      18
  76511 C76512                 1                      25
  76850 C76851                 1                      40
  76917 C76918                 1                      43
  77428 C77429                 1                      10
  77504 C77505                 1                      46
  77533 C77534                 1                      26
  77556 C77557                 1                      15
  78645 C78646                 1                      30
  78648 C78649                 1                      30
  80077 C80078                 1                      15
  81072 C81073                 1                      15
  81171 C81172                 1                      45
  81870 C81871                 1                      43
  81877 C81878                 1                      43
  82317 C82318                 1                      35
  82388 C82389                 1                      10
  82496 C82497                 1                      26
  82609 C82610                 1                      30
  82797 C82798                 1                      40
  86143 C86144                 1                      12
  86311 C86312                 1                      18
  87348 C87349                 1                      10
  87352 C87353                 1                      28
  87382 C87383                 1                      15
  87400 C87401                 1                      23
  87454 C87455                 1                      26
  87459 C87460                 1                      26
  87480 C87481                 1                      15
  87500 C87501                 1                      27
  89144 C89145                 1                      10
  91006 C91007                 1                      20
  91009 C91010                 1                      20
  91084 C91085                 1                      45
  91085 C91086                 1                      45
  91273 C91274                 1                      18
  91793 C91794                 1                      43
  91794 C91795                 1                      43
  92132 C92133                 1                      60
  92308 C92309                 1                      10
  92336 C92337                 1                      15
  92418 C92419                 1                      26
  92447 C92448                 1                      15
  94725 C94726                 1                      20
  96051 C96052                 1                      45
  96233 C96234                 1                      18
  96348 C96349                 1                      25
  96752 C96753                 1                      43
  97268 C97269                 1                      10
  97371 C97372                 1                      26
  97378 C97379                 1                      26
  97403 C97404                 1                      15
  97407 C97408                 1                      15
  97677 C97678                 1                      40
  99674 C99675                 1                      15
 101192 C101193                1                      18
 101310 C101311                1                      25
 102228 C102229                1                      10
 102275 C102276                1                      23
 102336 C102337                1                      26
 102337 C102338                1                      26
 102339 C102340                1                      26
 102367 C102368                1                      15
 105477 C105478                1                      10
 105884 C105885                1                      20
 105982 C105983                1                      12
 105983 C105984                1                      12
 106148 C106149                1                      18
 106151 C106152                1                      18
 106154 C106155                1                      18
 106410 C106411                1                      30
 106667 C106668                1                      43
 106668 C106669                1                      43
 106669 C106670                1                      43
 107188 C107189                1                      10
 107240 C107241                1                      23
 110434 C110435                1                      10
 110925 C110926                1                      45
 110927 C110928                1                      45
 110939 C110940                1                      12
 111111 C111112                1                      18
 111234 C111235                1                      25
 111974 C111975                1                      60
 112148 C112149                1                      10
 112197 C112198                1                      23
 112249 C112250                1                      26
 112250 C112251                1                      26
 112274 C112275                1                      14
 112286 C112287                1                      15
 113364 C113365                1                      30
 115793 C115794                1                      15
 115803 C115804                1                      20
 116072 C116073                1                      18
 116073 C116074                1                      18
 116590 C116591                1                      43
 116591 C116592                1                      43
 116593 C116594                1                      43
 117108 C117109                1                      10
 117144 C117145                1                      15
 117188 C117189                1                      46
 117518 C117519                1                      40
 120772 C120773                1                      20
 120849 C120850                1                      45
 120850 C120851                1                      45
 120859 C120860                1                      12
 120861 C120862                1                      12
 121024 C121025                1                      18
 121027 C121028                1                      18
 121155 C121156                1                      25
 121996 C121997                1                      35
 122068 C122069                1                      10
 122096 C122097                1                      15
 122120 C122121                1                      23
 122171 C122172                1                      26
 123288 C123289                1                      30
 124731 C124732                1                      20
 125803 C125804                1                      45
 125810 C125811                1                      45
 125826 C125827                1                      12
 125827 C125828                1                      12
 126510 C126511                1                      43
 126850 C126851                1                      60
 126956 C126957                1                      35
 127028 C127029                1                      10
 127138 C127139                1                      26
 127244 C127245                1                      30
 127435 C127436                1                      40
 128841 C128842                1                      37
 130111 C130112                1                      10
 130768 C130769                1                      45
 130839 C130840                1                      25
 130950 C130951                1                      18
 130953 C130954                1                      18
 131988 C131989                1                      10
 132018 C132019                1                      15
 132025 C132026                1                      15
 132090 C132091                1                      26
 132093 C132094                1                      26
 132127 C132128                1                      15
 133795 C133796                1                      37
 134652 C134653                1                      20
 135731 C135732                1                      45
 135910 C135911                1                      18
 136431 C136432                1                      43
 136432 C136433                1                      43
 136877 C136878                1                      35
 136948 C136949                1                      10
 137018 C137019                1                      46
 137060 C137061                1                      26
 137164 C137165                1                      30
 137168 C137169                1                      30
 138759 C138760                1                      37
 139603 C139604                1                      15
 140990 C140991                1                      25
 141395 C141396                1                      43
 141396 C141397                1                      43
 141908 C141909                1                      10
 141947 C141948                1                      15
 141953 C141954                1                      23
 141954 C141955                1                      23
 141955 C141956                1                      23
 142321 C142322                1                      40
 145565 C145566                1                      20
 145643 C145644                1                      45
 145832 C145833                1                      18
 145833 C145834                1                      18
 146093 C146094                1                      30
 146349 C146350                1                      43
 146350 C146351                1                      43
 146352 C146353                1                      43
 146353 C146354                1                      43
 146802 C146803                1                      40
 146868 C146869                1                      10
 146948 C146949                1                      46
 146977 C146978                1                      26
 150118 C150119                1                      10
 150787 C150788                1                      18
 150790 C150791                1                      18
 151828 C151829                1                      10
 151859 C151860                1                      15
 151862 C151863                1                      15
 151879 C151880                1                      23
 151881 C151882                1                      23
 151930 C151931                1                      26
 151931 C151932                1                      26
 151934 C151935                1                      26
 151965 C151966                1                      15
 154244 C154245                1                      20
 155568 C155569                1                      45
 155571 C155572                1                      45
 155645 C155646                1                      25
 155749 C155750                1                      18
 156788 C156789                1                      10
 156831 C156832                1                      23
 156859 C156860                1                      46
 156890 C156891                1                      26
 156896 C156897                1                      26
 156899 C156900                1                      26
 156900 C156901                1                      26
 157002 C157003                1                      30
 158597 C158598                1                      37
 160446 C160447                1                      20
 160538 C160539                1                      12
 160545 C160546                1                      12
 160704 C160705                1                      18
 160706 C160707                1                      18
 160713 C160714                1                      18
 160714 C160715                1                      18
 161233 C161234                1                      43
 161748 C161749                1                      10
 161784 C161785                1                      15
 161876 C161877                1                      15
 162158 C162159                1                      40
 164996 C164997                1                      10
 165487 C165488                1                      45
 165664 C165665                1                      18
 165665 C165666                1                      18
 165670 C165671                1                      18
 166130 C166131                1                      40
 166651 C166652                1                      40
 166708 C166709                1                      10
 166759 C166760                1                      23
 166809 C166810                1                      26
 166812 C166813                1                      26
 166814 C166815                1                      26
 166815 C166816                1                      26
