Optimal - objective value -99.90444444
     34 C0035                  1                      -1
    174 C0175                  1                      -1
    204 C0205                  1                      -1
    310 C0311                  1                      -1
   3988 C3989                  1                      -1
   4426 C4427                  1                      -1
   4814 C4815                  1                      -1
   4855 C4856                  1                      -1
   4927 C4928                  1                      -1
   5023 C5024                  1                      -1
   5077 C5078                  1                      -1
   5123 C5124                  1                      -1
   5211 C5212                  1                      -1
   5252 C5253                  1                      -1
   5287 C5288                  1                      -1
   5405 C5406                  1                      -1
   5885 C5886                  1                      -1
   5944 C5945                  1                      -1
   5974 C5975                  1                      -1
   6040 C6041                  1                      -1
   6121 C6122                  1                      -1
   6173 C6174                  1                      -1
   7165 C7166                  1                      -1
   7266 C7267                  1                      -1
   7373 C7374                  1                      -1
   7496 C7497                  1                      -1
   7511 C7512                  1                      -1
   7579 C7580                  1                      -1
   7691 C7692                  1                      -1
   7731 C7732                  1                      -1
   8438 C8439                  1                      -1
   8465 C8466                  1                      -1
   8506 C8507                  1                      -1
   8588 C8589                  1                      -1
   8645 C8646                  1                      -1
   9743 C9744                  1                      -1
   9853 C9854                  1                      -1
   9945 C9946                  1                      -1
  10001 C10002                 1                      -1
  10117 C10118                 1                      -1
  10174 C10175                 1                      -1
  10233 C10234                 1                      -1
  10306 C10307                 1                      -1
  10680 C10681                 1                      -1
  10707 C10708                 1                      -1
  10746 C10747                 1                      -1
  12402 C12403                 1                      -1
  12449 C12450                 1                      -1
  12465 C12466                 1                      -1
  12740 C12741                 1                      -1
  13259 C13260                 1                      -1
  13626 C13627                 1                      -1
  13657 C13658                 1                      -1
  13706 C13707                 1                      -1
  14202 C14203                 1                      -1
  14248 C14249                 1                      -1
  14268 C14269                 1                      -1
  14511 C14512                 1                      -1
  14586 C14587                 1                      -1
  14675 C14676                 1                      -1
  14704 C14705                 1                      -1
  16663 C16664                 1                      -1
  17082 C17083                 1                      -1
  17558 C17559                 1                      -1
  17578 C17579                 1                      -1
  17680 C17681                 1                      -1
  17759 C17760                 1                      -1
  17820 C17821                 1                      -1
  17860 C17861                 1                      -1
  17935 C17936                 1                      -1
  18075 C18076                 1                      -1
  18116 C18117                 1                      -1
  18213 C18214                 1                      -1
  18638 C18639                 1                      -1
  18714 C18715                 1                      -1
  18807 C18808                 1                      -1
  18833 C18834                 1                      -1
  18946 C18947                 1                      -1
  18995 C18996                 1                      -1
  19874 C19875                 1                      -1
  19929 C19930                 1                      -1
  20009 C20010                 1                      -1
  20077 C20078                 1                      -1
  20176 C20177                 1                      -1
  20249 C20250                 1                      -1
  20322 C20323                 1                      -1
  20381 C20382                 1                      -1
  21051 C21052                 1                      -1
  21130 C21131                 1                      -1
  21160 C21161                 1                      -1
  21271 C21272                 1                      -1
  21291 C21292                 1                      -1
  22174 C22175                 1                      -1
  22229 C22230                 1                      -1
  22306 C22307                 1                      -1
  22370 C22371                 1                      -1
  22434 C22435                 1                      -1
  22572 C22573                 1                      -1
  22604 C22605                 1                      -1
  22681 C22682                 1                      -1
  23080 C23081                 1            0.0022222222
  23081 C23082                 1            0.0066666667
  23096 C23097                 1            0.0022222222
  23100 C23101                 1            0.0022222222
  23104 C23105                 1             0.011111111
  23105 C23106                 1             0.011111111
  23108 C23109                 1            0.0022222222
  23109 C23110                 1             0.011111111
  23113 C23114                 1            0.0066666667
  23114 C23115                 1             0.011111111
  23117 C23118                 1             0.011111111
  23122 C23123                 1            0.0066666667
  23123 C23124                 1             0.011111111
  23126 C23127                 1                       0
  23131 C23132                 1                       0
  23191 C23192                 1                       0
  23207 C23208                 1                       0
  23223 C23224                 1                       0
  23227 C23228                 1                       0
  23239 C23240                 1                       0
  23243 C23244                 1                       0
  23258 C23259                 1                       0
  23263 C23264                 1                       0
  23275 C23276                 1                       0
  23295 C23296                 1                       0
  23299 C23300                 1                       0
