Optimal - objective value -175.00000000
    294 C0295                  1                       0
    298 C0299                  1                       0
    428 C0429                  1                       0
    430 C0431                  1                       0
    450 C0451                  1                       0
    452 C0453                  1                       0
    796 C0797                  1                       0
    802 C0803                  1                       0
   1226 C1227                  1                       0
   1230 C1231                  1                       0
   1600 C1601                  1                       0
   1607 C1608                  1                       0
   1820 C1821                  1                       0
   1825 C1826                  1                       0
   2300 C2301                  1                       0
   2307 C2308                  1                       0
   2626 C2627                  1                       0
   2629 C2630                  1                       0
   2802 C2803                  1                       0
   2810 C2811                  1                       0
   3005 C3006                  1                       0
   3007 C3008                  1                       0
   3100 C3101                  1                       0
   3101 C3102                  1                       0
   3381 C3382                  1                       0
   3384 C3385                  1                       0
   3483 C3484                  1                       0
   3484 C3485                  1                       0
   3665 C3666                  1                       0
   3668 C3669                  1                       0
   4222 C4223                  1                       0
   4224 C4225                  1                       0
   4328 C4329                  1                       0
   4332 C4333                  1                       0
   4381 C4382                  1                       0
   4386 C4387                  1                       0
   4543 C4544                  1                       0
   4551 C4552                  1                       0
   5016 C5017                  1                       0
   5022 C5023                  1                       0
   5129 C5130                  1                       0
   5135 C5136                  1                       0
   5400 C5401                  1                       0
   5402 C5403                  1                       0
   5513 C5514                  1                       0
   5516 C5517                  1                       0
   5654 C5655                  1                       0
   5663 C5664                  1                       0
   6159 C6160                  1                       0
   6167 C6168                  1                       0
   6178 C6179                  1                       0
   6186 C6187                  1                       0
   6343 C6344                  1                       0
   6348 C6349                  1                       0
   6459 C6460                  1                       0
   6461 C6462                  1                       0
   6718 C6719                  1                       0
   6723 C6724                  1                       0
   7143 C7144                  1                       0
   7148 C7149                  1                       0
   7526 C7527                  1                       0
   7529 C7530                  1                       0
   7958 C7959                  1                       0
   7962 C7963                  1                       0
   8242 C8243                  1                       0
   8247 C8248                  1                       0
   8716 C8717                  1                       0
   8720 C8721                  1                       0
   9012 C9013                  1                       0
   9018 C9019                  1                       0
   9161 C9162                  1                       0
   9163 C9164                  1                       0
   9226 C9227                  1                       0
   9233 C9234                  1                       0
   9505 C9506                  1                       0
   9510 C9511                  1                       0
   9561 C9562                  1                       0
   9565 C9566                  1                       0
   9860 C9861                  1                       0
   9874 C9875                  1                       0
   9877 C9878                  1                       0
   9914 C9915                  1                       0
   9961 C9962                  1                       0
  10001 C10002                 1                       0
  10023 C10024                 1                       0
  10076 C10077                 1                       0
  10110 C10111                 1                       0
  10129 C10130                 1                       0
  10151 C10152                 1                       0
  10161 C10162                 1                       0
  10192 C10193                 1                       0
  10202 C10203                 1                       0
  10220 C10221                 1                       0
  10281 C10282                 1                       0
  10292 C10293                 1                       0
  10297 C10298                 1                       0
  10316 C10317                 1                       0
  10366 C10367                 1                       0
  10377 C10378                 1                       0
  10407 C10408                 1                       0
  10418 C10419                 1                       0
  10435 C10436                 1                       0
  10488 C10489                 1                       0
  10490 C10491                 1                       0
  10509 C10510                 1                       0
  10520 C10521                 1                       0
  10549 C10550                 1                       0
  10594 C10595                 1                       0
  10635 C10636                 1                       0
  10681 C10682                 1                       0
  10712 C10713                 1                       0
  10762 C10763                 1                       0
  10794 C10795                 1                       0
  10809 C10810                 1                     -10
  10818 C10819                 1                     -10
  10846 C10847                 1                     -10
  10854 C10855                 1                     -10
  10881 C10882                 1                      -1
  10882 C10883                 1                      -1
  10883 C10884                 1                      -1
  10884 C10885                 1                      -1
  10885 C10886                 1                      -1
  10886 C10887                 1                      -1
  10887 C10888                 1                      -1
  10888 C10889                 1                      -1
  10889 C10890                 1                      -1
  10890 C10891                 1                      -1
  10891 C10892                 1                      -1
  10892 C10893                 1                      -1
  10893 C10894                 1                      -1
  10894 C10895                 1                      -1
  10895 C10896                 1                      -1
  10896 C10897                 1                      -1
  10897 C10898                 1                      -1
  10898 C10899                 1                      -1
  10899 C10900                 1                      -1
  10900 C10901                 1                      -1
  10901 C10902                 1                      -1
  10902 C10903                 1                      -1
  10903 C10904                 1                      -1
  10904 C10905                 1                      -1
  10905 C10906                 1                      -1
  10906 C10907                 1                      -1
  10907 C10908                 1                      -1
  10908 C10909                 1                      -1
  10909 C10910                 1                      -1
  10910 C10911                 1                      -1
  10911 C10912                 1                      -1
  10912 C10913                 1                      -1
  10913 C10914                 1                      -1
  10914 C10915                 1                      -1
  10915 C10916                 1                      -1
  10916 C10917                 1                      -1
  10917 C10918                 1                      -1
  10918 C10919                 1                      -1
  10919 C10920                 1                      -1
  10920 C10921                 1                      -1
  10921 C10922                 1                      -1
  10922 C10923                 1                      -1
  10923 C10924                 1                      -1
  10924 C10925                 1                      -1
  10925 C10926                 1                      -1
  10926 C10927                 1                      -1
  10927 C10928                 1                      -1
  10928 C10929                 1                      -1
  10929 C10930                 1                      -1
  10930 C10931                 1                      -1
  10931 C10932                 1                      -1
  10932 C10933                 1                      -1
  10933 C10934                 1                      -1
  10934 C10935                 1                      -1
  10935 C10936                 1                      -1
  10936 C10937                 1                      -1
  10937 C10938                 1                      -1
  10938 C10939                 1                      -1
  10939 C10940                 1                      -1
  10940 C10941                 1                      -1
  10941 C10942                 1                      -1
  10942 C10943                 1                      -1
  10943 C10944                 1                      -1
  10944 C10945                 1                      -1
  10945 C10946                 1                      -1
  10946 C10947                 1                      -1
  10947 C10948                 1                      -1
  10948 C10949                 1                      -1
  10949 C10950                 1                      -1
  10950 C10951                 1                      -1
  10951 C10952                 1                      -1
  10952 C10953                 1                      -1
  10953 C10954                 1                      -1
  10954 C10955                 1                      -1
  10955 C10956                 1                      -1
  10956 C10957                 1                      -1
  10957 C10958                 1                      -1
  10958 C10959                 1                      -1
  10959 C10960                 1                      -1
  10960 C10961                 1                      -1
  10961 C10962                 1                      -1
  10962 C10963                 1                      -1
  10963 C10964                 1                      -1
  10964 C10965                 1                      -1
  10965 C10966                 1                      -1
  10966 C10967                 1                      -1
  10967 C10968                 1                      -1
  10968 C10969                 1                      -1
  10969 C10970                 1                      -1
  10970 C10971                 1                      -1
  10971 C10972                 1                      -1
  10972 C10973                 1                      -1
  10973 C10974                 1                      -1
  10974 C10975                 1                      -1
  10975 C10976                 1                      -1
  10976 C10977                 1                      -1
  10977 C10978                 1                      -1
  10978 C10979                 1                      -1
  10979 C10980                 1                      -1
  10980 C10981                 1                      -1
  10981 C10982                 1                      -1
  10982 C10983                 1                      -1
  10983 C10984                 1                      -1
  10984 C10985                 1                      -1
  10985 C10986                 1                      -1
  10986 C10987                 1                      -1
  10987 C10988                 1                      -1
  10988 C10989                 1                      -1
  10989 C10990                 1                      -1
  10990 C10991                 1                      -1
  10991 C10992                 1                      -1
  10992 C10993                 1                      -1
  10993 C10994                 1                      -1
  10994 C10995                 1                      -1
  10995 C10996                 1                      -1
  10996 C10997                 1                      -1
  10997 C10998                 1                      -1
  10998 C10999                 1                      -1
  10999 C11000                 1                      -1
  11000 C11001                 1                      -1
  11001 C11002                 1                      -1
  11002 C11003                 1                      -1
  11003 C11004                 1                      -1
  11004 C11005                 1                      -1
  11005 C11006                 1                      -1
  11006 C11007                 1                      -1
  11007 C11008                 1                      -1
  11008 C11009                 1                      -1
  11009 C11010                 1                      -1
  11010 C11011                 1                      -1
  11011 C11012                 1                      -1
  11012 C11013                 1                      -1
  11013 C11014                 1                      -1
  11014 C11015                 1                      -1
  11015 C11016                 1                      -1
Optimal - objective value -175.00000000
    294 C0295                  1                       0
    298 C0299                  1                       0
    428 C0429                  1                       0
    430 C0431                  1                       0
    450 C0451                  1                       0
    452 C0453                  1                       0
    796 C0797                  1                       0
    802 C0803                  1                       0
   1226 C1227                  1                       0
   1230 C1231                  1                       0
   1600 C1601                  1                       0
   1607 C1608                  1                       0
   1820 C1821                  1                       0
   1825 C1826                  1                       0
   2300 C2301                  1                       0
   2307 C2308                  1                       0
   2626 C2627                  1                       0
   2629 C2630                  1                       0
   2802 C2803                  1                       0
   2810 C2811                  1                       0
   3005 C3006                  1                       0
   3007 C3008                  1                       0
   3100 C3101                  1                       0
   3101 C3102                  1                       0
   3381 C3382                  1                       0
   3384 C3385                  1                       0
   3483 C3484                  1                       0
   3484 C3485                  1                       0
   3665 C3666                  1                       0
   3668 C3669                  1                       0
   4222 C4223                  1                       0
   4224 C4225                  1                       0
   4328 C4329                  1                       0
   4332 C4333                  1                       0
   4381 C4382                  1                       0
   4386 C4387                  1                       0
   4543 C4544                  1                       0
   4551 C4552                  1                       0
   5016 C5017                  1                       0
   5022 C5023                  1                       0
   5129 C5130                  1                       0
   5135 C5136                  1                       0
   5400 C5401                  1                       0
   5402 C5403                  1                       0
   5513 C5514                  1                       0
   5516 C5517                  1                       0
   5654 C5655                  1                       0
   5663 C5664                  1                       0
   6159 C6160                  1                       0
   6167 C6168                  1                       0
   6178 C6179                  1                       0
   6186 C6187                  1                       0
   6343 C6344                  1                       0
   6348 C6349                  1                       0
   6459 C6460                  1                       0
   6461 C6462                  1                       0
   6718 C6719                  1                       0
   6723 C6724                  1                       0
   7143 C7144                  1                       0
   7148 C7149                  1                       0
   7526 C7527                  1                       0
   7529 C7530                  1                       0
   7958 C7959                  1                       0
   7962 C7963                  1                       0
   8242 C8243                  1                       0
   8247 C8248                  1                       0
   8716 C8717                  1                       0
   8720 C8721                  1                       0
   9012 C9013                  1                       0
   9018 C9019                  1                       0
   9161 C9162                  1                       0
   9163 C9164                  1                       0
   9226 C9227                  1                       0
   9233 C9234                  1                       0
   9505 C9506                  1                       0
   9510 C9511                  1                       0
   9561 C9562                  1                       0
   9565 C9566                  1                       0
   9860 C9861                  1                       0
   9874 C9875                  1                       0
   9877 C9878                  1                       0
   9914 C9915                  1                       0
   9961 C9962                  1                       0
  10001 C10002                 1                       0
  10023 C10024                 1                       0
  10076 C10077                 1                       0
  10110 C10111                 1                       0
  10129 C10130                 1                       0
  10151 C10152                 1                       0
  10161 C10162                 1                       0
  10192 C10193                 1                       0
  10202 C10203                 1                       0
  10220 C10221                 1                       0
  10281 C10282                 1                       0
  10292 C10293                 1                       0
  10297 C10298                 1                       0
  10316 C10317                 1                       0
  10366 C10367                 1                       0
  10377 C10378                 1                       0
  10407 C10408                 1                       0
  10418 C10419                 1                       0
  10435 C10436                 1                       0
  10488 C10489                 1                       0
  10490 C10491                 1                       0
  10509 C10510                 1                       0
  10520 C10521                 1                       0
  10549 C10550                 1                       0
  10594 C10595                 1                       0
  10635 C10636                 1                       0
  10681 C10682                 1                       0
  10712 C10713                 1                       0
  10762 C10763                 1                       0
  10794 C10795                 1                       0
  10809 C10810                 1                     -10
  10818 C10819                 1                     -10
  10846 C10847                 1                     -10
  10854 C10855                 1                     -10
  10881 C10882                 1                      -1
  10882 C10883                 1                      -1
  10883 C10884                 1                      -1
  10884 C10885                 1                      -1
  10885 C10886                 1                      -1
  10886 C10887                 1                      -1
  10887 C10888                 1                      -1
  10888 C10889                 1                      -1
  10889 C10890                 1                      -1
  10890 C10891                 1                      -1
  10891 C10892                 1                      -1
  10892 C10893                 1                      -1
  10893 C10894                 1                      -1
  10894 C10895                 1                      -1
  10895 C10896                 1                      -1
  10896 C10897                 1                      -1
  10897 C10898                 1                      -1
  10898 C10899                 1                      -1
  10899 C10900                 1                      -1
  10900 C10901                 1                      -1
  10901 C10902                 1                      -1
  10902 C10903                 1                      -1
  10903 C10904                 1                      -1
  10904 C10905                 1                      -1
  10905 C10906                 1                      -1
  10906 C10907                 1                      -1
  10907 C10908                 1                      -1
  10908 C10909                 1                      -1
  10909 C10910                 1                      -1
  10910 C10911                 1                      -1
  10911 C10912                 1                      -1
  10912 C10913                 1                      -1
  10913 C10914                 1                      -1
  10914 C10915                 1                      -1
  10915 C10916                 1                      -1
  10916 C10917                 1                      -1
  10917 C10918                 1                      -1
  10918 C10919                 1                      -1
  10919 C10920                 1                      -1
  10920 C10921                 1                      -1
  10921 C10922                 1                      -1
  10922 C10923                 1                      -1
  10923 C10924                 1                      -1
  10924 C10925                 1                      -1
  10925 C10926                 1                      -1
  10926 C10927                 1                      -1
  10927 C10928                 1                      -1
  10928 C10929                 1                      -1
  10929 C10930                 1                      -1
  10930 C10931                 1                      -1
  10931 C10932                 1                      -1
  10932 C10933                 1                      -1
  10933 C10934                 1                      -1
  10934 C10935                 1                      -1
  10935 C10936                 1                      -1
  10936 C10937                 1                      -1
  10937 C10938                 1                      -1
  10938 C10939                 1                      -1
  10939 C10940                 1                      -1
  10940 C10941                 1                      -1
  10941 C10942                 1                      -1
  10942 C10943                 1                      -1
  10943 C10944                 1                      -1
  10944 C10945                 1                      -1
  10945 C10946                 1                      -1
  10946 C10947                 1                      -1
  10947 C10948                 1                      -1
  10948 C10949                 1                      -1
  10949 C10950                 1                      -1
  10950 C10951                 1                      -1
  10951 C10952                 1                      -1
  10952 C10953                 1                      -1
  10953 C10954                 1                      -1
  10954 C10955                 1                      -1
  10955 C10956                 1                      -1
  10956 C10957                 1                      -1
  10957 C10958                 1                      -1
  10958 C10959                 1                      -1
  10959 C10960                 1                      -1
  10960 C10961                 1                      -1
  10961 C10962                 1                      -1
  10962 C10963                 1                      -1
  10963 C10964                 1                      -1
  10964 C10965                 1                      -1
  10965 C10966                 1                      -1
  10966 C10967                 1                      -1
  10967 C10968                 1                      -1
  10968 C10969                 1                      -1
  10969 C10970                 1                      -1
  10970 C10971                 1                      -1
  10971 C10972                 1                      -1
  10972 C10973                 1                      -1
  10973 C10974                 1                      -1
  10974 C10975                 1                      -1
  10975 C10976                 1                      -1
  10976 C10977                 1                      -1
  10977 C10978                 1                      -1
  10978 C10979                 1                      -1
  10979 C10980                 1                      -1
  10980 C10981                 1                      -1
  10981 C10982                 1                      -1
  10982 C10983                 1                      -1
  10983 C10984                 1                      -1
  10984 C10985                 1                      -1
  10985 C10986                 1                      -1
  10986 C10987                 1                      -1
  10987 C10988                 1                      -1
  10988 C10989                 1                      -1
  10989 C10990                 1                      -1
  10990 C10991                 1                      -1
  10991 C10992                 1                      -1
  10992 C10993                 1                      -1
  10993 C10994                 1                      -1
  10994 C10995                 1                      -1
  10995 C10996                 1                      -1
  10996 C10997                 1                      -1
  10997 C10998                 1                      -1
  10998 C10999                 1                      -1
  10999 C11000                 1                      -1
  11000 C11001                 1                      -1
  11001 C11002                 1                      -1
  11002 C11003                 1                      -1
  11003 C11004                 1                      -1
  11004 C11005                 1                      -1
  11005 C11006                 1                      -1
  11006 C11007                 1                      -1
  11007 C11008                 1                      -1
  11008 C11009                 1                      -1
  11009 C11010                 1                      -1
  11010 C11011                 1                      -1
  11011 C11012                 1                      -1
  11012 C11013                 1                      -1
  11013 C11014                 1                      -1
  11014 C11015                 1                      -1
  11015 C11016                 1                      -1
