Stopped on time - objective value 26.72133000
      2 C0003                  3                       0
    164 C0165                  3                       0
    186 C0187                  4                       0
    193 C0194                  1                       0
    210 C0211                  4                       0
    346 C0347                  3                       0
    365 C0366                  1                       0
    428 C0429                  4                       0
    461 C0462                  4                       0
    466 C0467                  4                       0
    483 C0484                  4                       0
    509 C0510                  1                       0
    616 C0617                  4                       0
    704 C0705                  1                       0
    720 C0721                  1                       0
   1048 C1049                  1                       0
   1058 C1059                  1                       0
   1237 C1238                  1                       0
   1332 C1333                  1                       0
   1363 C1364                  3                       0
   1364 C1365                  3                       0
   1365 C1366                  1                       0
   1366 C1367                  1                       0
   1367 C1368                  8                       0
   1370 C1371                  1                 1.41421
   1532 C1533                  1                       1
   1554 C1555                  1                       1
   1561 C1562                  1                 1.41421
   1578 C1579                  1                 1.41421
   1714 C1715                  1                 1.41421
   1733 C1734                  1                       2
   1796 C1797                  1                 2.23607
   1829 C1830                  1                       1
   1834 C1835                  1                 1.41421
   1851 C1852                  1                       1
   1877 C1878                  1                 1.41421
   1984 C1985                  1                       1
   2072 C2073                  1                       2
   2088 C2089                  1                       2
   2416 C2417                  1                       2
   2426 C2427                  1                       1
   2605 C2606                  1                       1
   2700 C2701                  1                       1
Stopped on time - objective value 27.95740000
      2 C0003                  1                       0
     82 C0083                  2                       0
     85 C0086                  2                       0
    125 C0126                  1                       0
    129 C0130                  1                       0
    147 C0148                  1                       0
    190 C0191                  1                       0
    232 C0233                  2                       0
    329 C0330                  1                       0
    392 C0393                  2                       0
    399 C0400                  1                       0
    418 C0419                  4                       0
    515 C0516                  1                       0
    561 C0562                  1                       0
    616 C0617                  4                       0
    858 C0859                  1                       0
    902 C0903                  1                       0
   1048 C1049                  1                       0
   1237 C1238                  1                       0
   1332 C1333                  1                       0
   1363 C1364                  1                       0
   1364 C1365                  1                       0
   1365 C1366                  1                       0
   1366 C1367                  1                       0
   1367 C1368                  4                       0
   1370 C1371                  1                 1.41421
   1450 C1451                  1                 1.41421
   1453 C1454                  1                       2
   1493 C1494                  1                       1
   1497 C1498                  1                 1.41421
   1515 C1516                  1                       1
   1558 C1559                  1                 1.41421
   1600 C1601                  1                       1
   1697 C1698                  1                       1
   1760 C1761                  1                       1
   1767 C1768                  1                 1.41421
   1786 C1787                  1                 1.41421
   1883 C1884                  1                 2.23607
   1929 C1930                  1                       2
   1984 C1985                  1                       1
   2226 C2227                  1                       1
   2270 C2271                  1                 2.23607
   2416 C2417                  1                       2
   2605 C2606                  1                       1
   2700 C2701                  1                       1
