Optimal - objective value 15.00000000
      5 d6                     1                      -1
      7 d8                     1                      -1
      8 d9                     1                       1
     11 d12                    1                       1
     12 d13                    1                       0
     18 d19                    1                       1
     19 d20                    1                       1
     20 d21                    1                       0
     25 d26                    1                       0
     34 d35                    1                       0
     36 d37                    1                       1
     42 d43                    1                      -1
     45 d46                    1                       0
     53 d54                  0.5                       0
     54 d55                  0.5                       0
     57 d58                  0.5                       0
     58 d59                  0.5                       0
