Stopped on time - objective value 11889149.00000000
      0 C0001              36085                       5
      1 C0002              36085                       0
      2 C0003              36085                       0
      3 C0004              36085                       0
      4 C0005              36085                       0
      5 C0006              18737                       7
      6 C0007              18737                       0
      7 C0008              18737                       0
      8 C0009              18737                       0
      9 C0010              18737                       0
     10 C0011              18737                       0
     11 C0012              18737                       0
     12 C0013               8004                       0
     13 C0014               8004                       0
     14 C0015               8004                       0
     15 C0016               8004                       0
     16 C0017               8004                       0
     17 C0018               8004                       0
     18 C0019               8004                       0
     19 C0020               8004                       0
     20 C0021               8004                       0
     21 C0022               8004                       0
     22 C0023               8004                       0
     23 C0024               8004                       0
     24 C0025               8004                       0
     25 C0026               8004                       0
     26 C0027               8004                       0
     27 C0028               8004                       0
     28 C0029               8004                       0
     29 C0030               8004                       0
     30 C0031               8004                       0
     31 C0032               8004                       0
     32 C0033               8004                       0
     33 C0034               8004                       0
     34 C0035               8004                      23
     35 C0036              46741                       0
     36 C0037              46741                       0
     37 C0038              46741                       0
     38 C0039              46741                       0
     39 C0040              46741                       0
     40 C0041              46741                       0
     41 C0042              46741                       0
     42 C0043              46741                       0
     43 C0044              46741                       0
     44 C0045              46741                       0
     45 C0046              46741                      11
     46 C0047              77507                       0
     47 C0048              77507                       0
     48 C0049              77507                       0
     49 C0050              77507                       0
     50 C0051              77507                       0
     51 C0052              77507                       0
     52 C0053              77507                       0
     53 C0054              77507                       0
     54 C0055              77507                       0
     55 C0056              77507                       0
     56 C0057              77507                       0
     57 C0058              77507                      12
     58 C0059              95723                       0
     59 C0060              95723                       0
     60 C0061              95723                       0
     61 C0062              95723                       0
     62 C0063              95723                       0
     63 C0064              95723                       0
     64 C0065              95723                       0
     65 C0066              95723                       0
     66 C0067              95723                       0
     67 C0068              95723                       0
     68 C0069              95723                       0
     69 C0070              95723                       0
     70 C0071              95723                       0
     71 C0072              95723                       0
     72 C0073              95723                       0
     73 C0074              95723                       0
     74 C0075              95723                       0
     75 C0076              95723                       0
     76 C0077              95723                       0
     77 C0078              95723                       0
     78 C0079              95723                       0
     79 C0080              95723                       0
     80 C0081              95723                      46
     81 C0082              95723                       0
     82 C0083              95723                       0
     83 C0084              95723                       0
     84 C0085              95723                       0
     85 C0086              95723                       0
     86 C0087              95723                       0
     87 C0088              95723                       0
     88 C0089              95723                       0
     89 C0090              95723                       0
     90 C0091              95723                       0
     91 C0092              95723                       0
     92 C0093              95723                       0
     93 C0094              95723                       0
     94 C0095              95723                       0
     95 C0096              95723                       0
     96 C0097              95723                       0
     97 C0098              95723                       0
     98 C0099              95723                       0
     99 C0100              95723                       0
    100 C0101              95723                       0
    101 C0102              95723                       0
    102 C0103              95723                       0
    103 C0104              95723                       0
    104 C0105             107127                       0
    105 C0106             107127                       0
    106 C0107             107127                       0
    107 C0108             107127                       4
    108 C0109             121927                       0
    109 C0110             121927                       0
    110 C0111             121927                       0
    111 C0112             121927                       4
    112 C0113             167940                       0
    113 C0114             167940                       0
    114 C0115             167940                       0
    115 C0116             167940                       0
    116 C0117             167940                       0
    117 C0118             167940                       0
    118 C0119             167940                       0
    119 C0120             167940                       0
    120 C0121             167940                       0
    121 C0122             167940                       0
    122 C0123             167940                       0
    123 C0124             167940                       0
    124 C0125             167940                       0
    125 C0126             167940                      23
    126 C0127             167940                       0
    127 C0128             167940                       0
    128 C0129             167940                       0
    129 C0130             167940                       0
    130 C0131             167940                       0
    131 C0132             167940                       0
    132 C0133             167940                       0
    133 C0134             167940                       0
    134 C0135             167940                       0
    135 C0136             106991                       4
    136 C0137             106991                       0
    137 C0138             106991                       0
    138 C0139             106991                       0
    139 C0140              67836                       5
    140 C0141              67836                       0
    141 C0142              67836                       0
    142 C0143              67836                       0
    143 C0144              67836                       0
    178 C0179              38737                       0
    189 C0190              30766                       0
    201 C0202              18216                       0
    247 C0248              11404                       0
    251 C0252              14800                       0
    255 C0256              46013                       0
    292 C0293              17348                       0
    299 C0300              10733                       0
    422 C0423              60949                       0
    426 C0427              39155                       0
    436 C0437                  1                       0
    443 C0444                  1                       0
    466 C0467                  1                       0
    477 C0478                  1                       0
    489 C0490                  1                       0
    535 C0536                  1                       0
    539 C0540                  1                       0
    543 C0544                  1                       0
    566 C0567                  1                       0
    570 C0571                  1                       0
Stopped on time - objective value 11889149.00000000
      0 C0001              36085                       5
      1 C0002              36085                       0
      2 C0003              36085                       0
      3 C0004              36085                       0
      4 C0005              36085                       0
      5 C0006              18737                       7
      6 C0007              18737                       0
      7 C0008              18737                       0
      8 C0009              18737                       0
      9 C0010              18737                       0
     10 C0011              18737                       0
     11 C0012              18737                       0
     12 C0013               8004                       0
     13 C0014               8004                       0
     14 C0015               8004                       0
     15 C0016               8004                       0
     16 C0017               8004                       0
     17 C0018               8004                       0
     18 C0019               8004                       0
     19 C0020               8004                       0
     20 C0021               8004                       0
     21 C0022               8004                       0
     22 C0023               8004                       0
     23 C0024               8004                       0
     24 C0025               8004                       0
     25 C0026               8004                       0
     26 C0027               8004                       0
     27 C0028               8004                       0
     28 C0029               8004                       0
     29 C0030               8004                       0
     30 C0031               8004                       0
     31 C0032               8004                       0
     32 C0033               8004                       0
     33 C0034               8004                       0
     34 C0035               8004                      23
     35 C0036              46741                       0
     36 C0037              46741                       0
     37 C0038              46741                       0
     38 C0039              46741                       0
     39 C0040              46741                       0
     40 C0041              46741                       0
     41 C0042              46741                       0
     42 C0043              46741                       0
     43 C0044              46741                       0
     44 C0045              46741                       0
     45 C0046              46741                      11
     46 C0047              77507                       0
     47 C0048              77507                       0
     48 C0049              77507                       0
     49 C0050              77507                       0
     50 C0051              77507                       0
     51 C0052              77507                       0
     52 C0053              77507                       0
     53 C0054              77507                       0
     54 C0055              77507                       0
     55 C0056              77507                       0
     56 C0057              77507                       0
     57 C0058              77507                      12
     58 C0059              95723                       0
     59 C0060              95723                       0
     60 C0061              95723                       0
     61 C0062              95723                       0
     62 C0063              95723                       0
     63 C0064              95723                       0
     64 C0065              95723                       0
     65 C0066              95723                       0
     66 C0067              95723                       0
     67 C0068              95723                       0
     68 C0069              95723                       0
     69 C0070              95723                       0
     70 C0071              95723                       0
     71 C0072              95723                       0
     72 C0073              95723                       0
     73 C0074              95723                       0
     74 C0075              95723                       0
     75 C0076              95723                       0
     76 C0077              95723                       0
     77 C0078              95723                       0
     78 C0079              95723                       0
     79 C0080              95723                       0
     80 C0081              95723                      46
     81 C0082              95723                       0
     82 C0083              95723                       0
     83 C0084              95723                       0
     84 C0085              95723                       0
     85 C0086              95723                       0
     86 C0087              95723                       0
     87 C0088              95723                       0
     88 C0089              95723                       0
     89 C0090              95723                       0
     90 C0091              95723                       0
     91 C0092              95723                       0
     92 C0093              95723                       0
     93 C0094              95723                       0
     94 C0095              95723                       0
     95 C0096              95723                       0
     96 C0097              95723                       0
     97 C0098              95723                       0
     98 C0099              95723                       0
     99 C0100              95723                       0
    100 C0101              95723                       0
    101 C0102              95723                       0
    102 C0103              95723                       0
    103 C0104              95723                       0
    104 C0105             107127                       0
    105 C0106             107127                       0
    106 C0107             107127                       0
    107 C0108             107127                       4
    108 C0109             121927                       0
    109 C0110             121927                       0
    110 C0111             121927                       0
    111 C0112             121927                       4
    112 C0113             167940                       0
    113 C0114             167940                       0
    114 C0115             167940                       0
    115 C0116             167940                       0
    116 C0117             167940                       0
    117 C0118             167940                       0
    118 C0119             167940                       0
    119 C0120             167940                       0
    120 C0121             167940                       0
    121 C0122             167940                       0
    122 C0123             167940                       0
    123 C0124             167940                       0
    124 C0125             167940                       0
    125 C0126             167940                      23
    126 C0127             167940                       0
    127 C0128             167940                       0
    128 C0129             167940                       0
    129 C0130             167940                       0
    130 C0131             167940                       0
    131 C0132             167940                       0
    132 C0133             167940                       0
    133 C0134             167940                       0
    134 C0135             167940                       0
    135 C0136             106991                       4
    136 C0137             106991                       0
    137 C0138             106991                       0
    138 C0139             106991                       0
    139 C0140              67836                       5
    140 C0141              67836                       0
    141 C0142              67836                       0
    142 C0143              67836                       0
    143 C0144              67836                       0
    178 C0179              38737                       0
    189 C0190              30766                       0
    201 C0202              18216                       0
    247 C0248              11404                       0
    251 C0252              14800                       0
    255 C0256              46013                       0
    292 C0293              17348                       0
    299 C0300              10733                       0
    422 C0423              60949                       0
    426 C0427              39155                       0
    436 C0437                  1                       0
    443 C0444                  1                       0
    466 C0467                  1                       0
    477 C0478                  1                       0
    489 C0490                  1                       0
    535 C0536                  1                       0
    539 C0540                  1                       0
    543 C0544                  1                       0
    566 C0567                  1                       0
    570 C0571                  1                       0
