Optimal - objective value -195.00000000
     12 C0013                  1                       0
     18 C0019                  4                       0
     57 C0058                3.5                       0
     59 C0060                1.5                       0
     67 C0068                  2                       0
     79 C0080                  3                       0
     94 C0095                  4                       0
    112 C0113                  1                       0
    137 C0138                  3                       0
    143 C0144                  2                       0
    152 C0153                  4                       0
    156 C0157                  1                       0
    202 C0203                2.5                       0
    209 C0210                2.5                       0
    215 C0216                  3                       0
    238 C0239                  2                       0
    244 C0245                  4                       0
    250 C0251                  1                       0
    281 C0282                  4                       0
    291 C0292                  1                       0
    308 C0309                  2                       0
    321 C0322                  3                       0
    336 C0337                  3                       0
    352 C0353                1.5                       0
    357 C0358                0.5                       0
    365 C0366                  1                       0
    369 C0370                  4                       0
    406 C0407                  1                       0
    416 C0417                  4                       0
    432 C0433                  3                       0
    434 C0435                  2                       0
    451 C0452                  3                       0
    472 C0473                1.5                       0
    478 C0479                0.5                       0
    496 C0497                  3                       0
    505 C0506                  2                       0
    525 C0526                  2                       0
    530 C0531                  3                       0
    540 C0541                  4                       0
    559 C0560                  1                       0
    577 C0578                  4                       0
    593 C0594                  1                       0
    605 C0606                  1                       0
    624 C0625                  4                       0
    631 C0632                  1                       0
    639 C0640                  4                       0
    675 C0676                  2                       0
    680 C0681                  3                       0
    697 C0698                  2                       0
    711 C0712                  3                       0
    728 C0729                  2                       0
    732 C0733                  3                       0
    756 C0757                  3                       0
    777 C0778                0.5                       0
    778 C0779                1.5                       0
    782 C0783                  4                       0
    809 C0810                  1                       0
    813 C0814                  4                       0
    827 C0828                  1                       0
    841 C0842                  1                       0
    864 C0865                  4                       0
    870 C0871                  4                       0
    888 C0889                  1                       0
    906 C0907                  1                       0
    911 C0912                  4                       0
    944 C0945                  2                       0
    945 C0946                  2                       0
    955 C0956                  1                       0
    967 C0968                  2                       0
    980 C0981                  1                       0
    983 C0984                  2                       0
    998 C0999                  2                       0
   1000 C1001                  3                       0
   1033 C1034                  4                       0
   1045 C1046                  1                       0
   1077 C1078                3.5                       0
   1079 C1080                1.5                       0
   1086 C1087                  1                       0
   1098 C1099                  4                       0
   1124 C1125                  2                       0
   1129 C1130                  3                       0
   1156 C1157                  1                       0
   1166 C1167                  4                       0
   1182 C1183                  1                       0
   1185 C1186                  1                       0
   1188 C1189                  1                       0
   1194 C1195                  1                       0
   1205 C1206                  1                       0
   1211 C1212                  1                       0
   1216 C1217                  1                       0
   1227 C1228                  1                       0
   1229 C1230                  1                       0
   1237 C1238                  1                       0
   1249 C1250                  1                       0
   1261 C1262                  1                       0
   1264 C1265                  1                    1596
   1268 C1269                  1                       0
   1269 C1270                  1                       0
   1270 C1271                  1                       0
   1280 C1281                  1                       0
   1282 C1283                  1                       0
   1303 C1304                  1                       0
   1307 C1308                  1                       0
   1313 C1314                  1                    1596
   1322 C1323                  1                       0
   1323 C1324                  1                       0
   1326 C1327                  1                       0
   1329 C1330                  1                       0
   1350 C1351                  1                       0
   1351 C1352                  1                       0
   1358 C1359                  1                       0
   1372 C1373                  1                       0
   1375 C1376                  1                       0
   1376 C1377                  1                       0
   1379 C1380                  1                       0
   1385 C1386                  1                       0
   1408 C1409                  1                    1596
   1414 C1415                  1                       0
   1420 C1421                  1                       0
   1451 C1452                  1                    1596
   1461 C1462                  1                       0
   1473 C1474                  1                    1596
   1478 C1479                  1                       0
   1480 C1481                  1                       0
   1491 C1492                  1                    1596
   1501 C1502                  1                       0
   1504 C1505                  1                       0
   1506 C1507                  1                       0
   1511 C1512                  1                    1596
   1512 C1513                  1                       0
   1522 C1523                  1                    1596
   1527 C1528                  1                       0
   1535 C1536                  1                       0
   1539 C1540                  1                    1596
   1576 C1577                  1                       0
   1578 C1579                  1                       0
   1583 C1584                  1                       0
   1586 C1587                  1                       0
   1588 C1589                  1                       0
   1597 C1598                  1                       0
   1602 C1603                  1                    1596
   1604 C1605                  1                       0
   1621 C1622                  1                       0
   1624 C1625                  1                       0
   1642 C1643                  1                       0
   1646 C1647                  1                       0
   1648 C1649                  1                       0
   1661 C1662                  1                       0
   1666 C1667                  1                       0
   1675 C1676                  1                       0
   1695 C1696                  1                       0
   1700 C1701                  1                       0
   1710 C1711                  1                       0
   1729 C1730                  1                       0
   1747 C1748                  1                       0
   1751 C1752                  1                       0
   1759 C1760                  1                       0
   1763 C1764                  1                       0
   1764 C1765                  1                       0
   1775 C1776                  1                       0
   1794 C1795                  1                       0
   1801 C1802                  1                       0
   1809 C1810                  1                       0
   1832 C1833                  1                       0
   1844 C1845                  1                       0
   1845 C1846                  1                       0
   1850 C1851                  1                       0
   1867 C1868                  1                       0
   1870 C1871                  1                       0
   1881 C1882                  1                       0
   1898 C1899                  1                       0
   1902 C1903                  1                       0
   1924 C1925                  1                    1596
   1926 C1927                  1                       0
   1947 C1948                  1                       0
   1948 C1949                  1                       0
   1952 C1953                  1                       0
   1964 C1965                  1                       0
   1979 C1980                  1                    1596
   1983 C1984                  1                       0
   1997 C1998                  1                    1596
   2011 C2012                  1                    1596
   2034 C2035                  1                       0
   2040 C2041                  1                       0
   2058 C2059                  1                       0
   2069 C2070                  1                       0
   2076 C2077                  1                       0
   2081 C2082                  1                       0
   2089 C2090                  1                       0
   2114 C2115                  1                       0
   2115 C2116                  1                    1596
   2125 C2126                  1                       0
   2137 C2138                  1                       0
   2150 C2151                  1                       0
   2153 C2154                  1                       0
   2168 C2169                  1                    1596
   2170 C2171                  1                    1596
   2203 C2204                  1                       0
   2215 C2216                  1                       0
   2222 C2223                  1                       0
   2229 C2230                  1                       0
   2247 C2248                  1                       0
   2249 C2250                  1                       0
   2250 C2251                  1                       0
   2251 C2252                  1                       0
   2256 C2257                  1                       0
   2265 C2266                  1                       0
   2268 C2269                  1                       0
   2271 C2272                  1                       0
   2272 C2273                  1                       0
   2278 C2279                  1                       0
   2283 C2284                  1                       0
   2294 C2295                  1                       0
   2299 C2300                  1                       0
   2312 C2313                  1                       0
   2322 C2323                  1                       0
   2326 C2327                  1                       0
   2330 C2331                  1                       0
   2333 C2334                  1                       0
   2336 C2337                  1                       0
