Optimal - objective value -11670000.00000000
     10 C0011              20000           1.4210855e-14
     16 C0017              50000          -7.1054274e-15
     19 C0020              20000          -7.1054274e-15
     24 C0025              60000          -7.1054274e-15
     36 C0037              30000          -7.1054274e-15
     78 C0079              80000          -1.4210855e-14
    110 C0111              10000                       0
    128 C0129              12000                       0
    137 C0138              20000                       0
    155 C0156              10000                       0
    156 C0157                  1                 -500000
    158 C0159                  1                 -500000
    159 C0160                  1                 -500000
    161 C0162                  1                 -500000
    162 C0163                  1                  -50000
    163 C0164                  1                  -40000
    164 C0165                  1                -3030000
    165 C0166                  1                  -50000
    166 C0167                  1                  -60000
    167 C0168                  1                  -80000
    168 C0169                  1                  -60000
    169 C0170                  1                  -70000
    170 C0171                  1                 -800000
    171 C0172                  1                  -50000
    172 C0173                  1                  -60000
    173 C0174                  1                 -720000
    174 C0175                  1                  -60000
    175 C0176                  1                  -70000
    176 C0177                  1                  -80000
    177 C0178                  1                  -60000
    178 C0179                  1                  -70000
    179 C0180                  1                 -550000
Optimal - objective value -11670000.00000000
     10 C0011              20000           1.4210855e-14
     16 C0017              50000          -7.1054274e-15
     19 C0020              20000          -7.1054274e-15
     24 C0025              60000          -7.1054274e-15
     36 C0037              30000          -7.1054274e-15
     78 C0079              80000          -1.4210855e-14
    110 C0111              10000                       0
    128 C0129              12000                       0
    137 C0138              20000                       0
    155 C0156              10000                       0
    156 C0157                  1                 -500000
    158 C0159                  1                 -500000
    159 C0160                  1                 -500000
    161 C0162                  1                 -500000
    162 C0163                  1                  -50000
    163 C0164                  1                  -40000
    164 C0165                  1                -3030000
    165 C0166                  1                  -50000
    166 C0167                  1                  -60000
    167 C0168                  1                  -80000
    168 C0169                  1                  -60000
    169 C0170                  1                  -70000
    170 C0171                  1                 -800000
    171 C0172                  1                  -50000
    172 C0173                  1                  -60000
    173 C0174                  1                 -720000
    174 C0175                  1                  -60000
    175 C0176                  1                  -70000
    176 C0177                  1                  -80000
    177 C0178                  1                  -60000
    178 C0179                  1                  -70000
    179 C0180                  1                 -550000
