Optimal - objective value 1418.00000000
      0 x1                    10                       2
      1 x2                    38                       0
      2 x3                    42                       0
      3 x4                    10                       2
      4 x5                    39                       0
      5 x6                     7                       2
      6 x7                     7                       2
      7 x8                    35                       0
      8 x9                     4                       2
      9 x10                   32                       0
     10 x11                   36                       0
     11 x12                    4                       2
     12 x13                   42                       0
     13 x14                   10                       2
     14 x15                   10                       2
     15 x16                   38                       0
     16 x17                   15                       2
     17 x18                   43                       0
     18 x19                   47                       0
     19 x20                   15                       2
     20 x21                   37                       0
     21 x22                    5                       2
     22 x23                    5                       2
     23 x24                   33                       0
     24 x1865                 14                       1
     25 x1866                 14                       1
     26 x1867                 11                       1
     27 x1868                 11                       1
     28 x1869                 27                       1
     29 x1870                 27                       1
     30 x1871                 15                       1
     31 x1872                 15                       1
     32 x1873                  6                       1
     33 x1874                  7                       1
     34 x1875                 22                       1
     35 x1876                  6                       1
     36 x1877                  7                       1
     37 x1878                 22                       1
     38 x1879                  4                       1
     39 x1880                 22                       1
     40 x1881                  7                       1
     41 x1882                  4                       1
     42 x1883                 22                       1
     43 x1884                  7                       1
     44 x1885                 15                       1
     45 x1886                 15                       1
     46 x1887                  5                       1
     47 x1888                  5                       1
     48 x1889                 11                       1
     49 x1890                  9                       1
     50 x1891                 10                       1
     51 x1892                 12                       1
     52 x1893                 11                       1
     53 x1894                  9                       1
     54 x1895                 10                       1
     55 x1896                 12                       1
     56 x1897                 18                       1
     57 x1898                 11                       1
     58 x1899                  9                       1
     59 x1900                  8                       1
     60 x1901                 18                       1
     61 x1902                 11                       1
     62 x1903                  9                       1
     63 x1904                  8                       1
     64 x1905                  6                       1
     65 x1906                  7                       1
     66 x1911                 12                       1
     67 x1912                  6                       1
     68 x1913                  7                       1
     69 x1918                 12                       1
     70 x1919                  4                       1
     71 x1924                  4                       1
     72 x1925                  7                       1
     73 x1926                  4                       1
     74 x1931                  4                       1
     75 x1932                  7                       1
     76 x1934                  5                       1
     77 x1935                  4                       1
     78 x1940                  4                       1
     79 x1941                  7                       1
     80 x1943                  5                       1
     81 x1944                  4                       1
     82 x1949                  4                       1
     83 x1950                  7                       1
     84 x1951                  6                       1
     85 x1952                  7                       1
     86 x1957                  5                       1
     87 x1958                  4                       1
     88 x1960                  6                       1
     89 x1961                  7                       1
     90 x1966                  5                       1
     91 x1967                  4                       1
     92 x1969                  6                       1
     93 x1972                  3                       1
     94 x1977                  5                       1
     95 x1979                  6                       1
     96 x1982                  3                       1
     97 x1987                  5                       1
     98 x1990                  4                       1
     99 x1995                  5                       1
    100 x1998                  3                       1
    101 x2000                  4                       1
    102 x2005                  5                       1
    103 x2008                  3                       1
    104 x2009                 15                       1
    105 x2010                  6                       1
    106 x2011                 10                       1
    107 x2012                 15                       1
    108 x2013                  6                       1
    109 x2014                 10                       1
    110 x2015                  6                       1
    111 x2016                 10                       1
    112 x2017                  5                       1
    113 x2018                  6                       1
    114 x2019                 10                       1
    115 x2020                  5                       1
    116 x2025                  4                       1
    117 x2026                  7                       1
    118 x2031                  4                       1
    119 x2032                  7                       1
    120 x2033                  6                       1
    121 x2034                  7                       1
    122 x2039                  6                       1
    123 x2040                  7                       1
    124 x2044                  3                       0
    125 x1654                 38                       0
    126 x1956                  3                       0
    127 x1361                 45                       0
    128 x823                  30                       0
    129 x473                  32                       0
    130 x594                  47                       0
    131 x1845                 65                       0
    132 x1851                 45                       0
    133 q0                     2                       0
    134 x1042                 79                       0
    135 x626                  63                       0
    136 x1820                 97                       0
    137 x1822                 90                       0
    138 x535                  31                       0
    139 x1585                 20                       0
    140 q1                     2                       0
    141 x1572                 92                       0
    142 x1575                 51                       0
    143 q2                     1                       0
    144 x1587                 81                       0
    145 q3                     1                       0
    146 x1586                 51                       0
    147 q4                     2                       0
    148 x1805                 72                       0
    149 x1570                 20                       0
    151 x513                  28                       0
    152 x1122                 53                       0
    153 x1124                  3                       0
    154 x1632                103                       0
    155 q6                     3                       0
    156 x763                  35                       0
    157 x1623                 38                       0
    158 q7                     1                       0
    159 x514                  28                       0
    160 x1642                 38                       0
    161 q8                     2                       0
    162 x1029                 36                       0
    163 x1605                 23                       0
    165 x1478                 53                       0
    166 x1475                 15                       0
    168 x1476                 43                       0
    170 x505                  28                       0
    171 x1501                 55                       0
    172 x534                  31                       0
    173 x1528                 56                       0
    174 x1529                 27                       0
    176 x1123                 31                       0
    177 x1641                  6                       0
    178 q14                    1                       0
    179 x2035                  3                       0
    180 x2036                  3                       0
    181 x2037                  4                       0
    182 x1653                  6                       0
    183 q15                    1                       0
    184 x753                  13                       0
    185 x1261                 55                       0
    186 x1996                  3                       0
    187 x738                  12                       0
    188 q16                    1                       0
    189 x1218                 44                       0
    190 x1004                 64                       0
    191 x1728                 89                       0
    192 x530                  28                       0
    193 x1694                 35                       0
    194 x750                  22                       0
    195 q17                    6                       0
    196 x728                  43                       0
    197 x711                  10                       0
    198 x739                  40                       0
    199 q18                    2                       0
    200 x751                  50                       0
    201 q19                    6                       0
    202 x688                  23                       0
    203 x697                  58                       0
    204 q20                    1                       0
    205 x698                  26                       0
    206 q21                    1                       0
    207 x1981                  7                       0
    208 x690                  19                       0
    209 q22                    1                       0
    210 x737                   3                       0
    211 x610                  35                       0
    212 x972                  28                       0
    214 x679                  49                       0
    215 q25                    1                       0
    216 x1442                 11                       0
    217 x761                  52                       0
    218 q26                    1                       0
    219 x848                  41                       0
    220 x975                  51                       0
    221 q28                    1                       0
    222 x1617                 53                       0
    223 x976                  79                       0
    224 q29                    1                       0
    225 x909                  31                       0
    226 q30                    1                       0
    227 x977                  71                       0
    228 q31                    2                       0
    229 x495                  28                       0
    230 x910                  59                       0
    231 q32                    2                       0
    232 x497                  28                       0
    233 x929                  64                       0
    234 q33                    2                       0
    235 x491                  28                       0
    236 x822                  62                       0
    237 q34                    1                       0
    238 x991                  27                       0
    240 x1752                 51                       0
    241 q36                    5                       0
    242 x1965                  3                       0
    243 x515                  28                       0
    244 x1688                 58                       0
    245 q37                    2                       0
    246 x482                  28                       0
    247 x1161                 33                       0
    248 q38                    2                       0
    249 x1937                  3                       0
    250 x1938                  3                       0
    251 x1939                  3                       0
    252 x1560                101                       0
    253 x1709                 85                       0
    254 q40                    1                       0
    255 x1207                 47                       0
    256 q41                    3                       0
    257 x1045                 70                       0
    258 q42                    1                       0
    259 x1415                 18                       0
    260 x522                  28                       0
    261 x1414                 50                       0
    262 q43                    1                       0
    263 x1819                101                       0
    264 x1564                 98                       0
    265 x1719                  7                       0
    266 x1718                 39                       0
    267 q46                    1                       0
    268 x1643                 96                       0
    269 q47                    3                       0
    270 x1971                  7                       0
    271 x1702                  4                       0
    273 x1703                 32                       0
    274 q49                    1                       0
    275 x1655                 86                       0
    276 q50                    2                       0
    277 x1378                 18                       0
    278 x926                  45                       0
    279 q51                    2                       0
    280 x1199                 55                       0
    281 x1155                 23                       0
    283 x1907                  4                       0
    284 x1908                  6                       0
    285 x1131                 52                       0
    287 x479                  32                       0
    288 x1092                 52                       0
    289 x1132                 20                       0
    291 x489                  28                       0
    292 x1320                 17                       0
    293 x1354                 49                       0
    294 q55                    1                       0
    295 x1323                 19                       0
    296 x520                  28                       0
    297 x1978                  4                       0
    298 x1359                 21                       0
    299 q56                    1                       0
    300 x1988                  4                       0
    301 x1360                 49                       0
    302 q57                    1                       0
    303 x1850                 48                       0
    304 q58                    2                       0
    305 x2038                  3                       0
    306 x1842                 77                       0
    307 q59                    2                       0
    308 x1841                 32                       0
    309 q60                    3                       0
    310 x1840                 80                       0
    311 q61                    2                       0
    312 x1839                 32                       0
    313 q62                    3                       0
    314 x2041                  3                       0
    315 x2042                  3                       0
    316 x1837                 32                       0
    317 q63                    1                       0
    318 x1835                 32                       0
    319 q64                    1                       0
    320 x1812                 61                       0
    322 x1808                 68                       0
    324 x1804                 31                       0
    325 q67                    1                       0
    326 x2024                  3                       0
    327 x1600                 70                       0
    328 x1599                 23                       0
    329 x2029                  3                       0
    330 x1802                 31                       0
    331 q68                    1                       0
    332 x1801                 78                       0
    333 x1800                 31                       0
    334 q69                    1                       0
    335 x1799                 81                       0
    336 x2028                  3                       0
    337 x1798                 31                       0
    338 q70                    1                       0
    339 x1765                 23                       0
    340 q71                    5                       0
    341 x528                  30                       0
    342 x1764                 53                       0
    343 q72                    5                       0
    344 x1763                 76                       0
    345 x527                  30                       0
    346 x1762                106                       0
    347 q73                    1                       0
    348 x1759                 23                       0
    350 x1758                 53                       0
    351 q75                    1                       0
    352 x1757                 26                       0
    354 x1756                 56                       0
    356 x1751                 21                       0
    357 q78                    5                       0
    358 x1748                 74                       0
    359 q79                    5                       0
    360 x1747                 28                       0
    361 q80                    5                       0
    362 x1743                 51                       0
    363 x1742                 21                       0
    365 x1741                 28                       0
    366 q83                    1                       0
    367 x1740                 54                       0
    368 x1739                 24                       0
    370 x1994                  2                       0
    371 x1398                 25                       0
    372 x1399                 53                       0
    373 x2004                  2                       0
    374 x1736                 28                       0
    376 x1735                 28                       0
    378 x1993                  3                       0
    379 x2003                  3                       0
    380 x1734                 28                       0
    382 x1991                  5                       0
    383 x2001                  5                       0
    384 x1733                 28                       0
    385 x1731                 28                       0
    386 x1724                 36                       0
    387 x1980                  3                       0
    388 x1723                  7                       0
    390 x1722                 39                       0
    391 x1717                 28                       0
    392 x1322                 51                       0
    393 x1715                 28                       0
    394 q95                    1                       0
    395 x1353                 21                       0
    396 x1714                 28                       0
    397 q96                    1                       0
    398 x1975                  3                       0
    399 x1985                  3                       0
    400 x1713                 28                       0
    401 q97                    1                       0
    402 x1973                  4                       0
    403 x1983                  4                       0
    404 x1712                 28                       0
    405 x1708                 57                       0
    407 x1707                 28                       0
    408 x1701                 28                       0
    409 x1691                 55                       0
    410 q102                   2                       0
    411 x1690                 10                       0
    413 x1689                 38                       0
    414 q104                   2                       0
    415 x1687                 10                       0
    417 x1686                 38                       0
    418 q106                   2                       0
    419 x1963                  3                       0
    420 x1962                  3                       0
    421 x1684                 10                       0
    422 q107                   1                       0
    423 x1683                 38                       0
    424 q108                   1                       0
    425 x1681                 10                       0
    426 q109                   1                       0
    427 x1680                 38                       0
    428 q110                   1                       0
    429 x1679                 68                       0
    430 q111                   2                       0
    431 x1678                 10                       0
    432 q112                   1                       0
    433 x1677                 38                       0
    434 q113                   1                       0
    435 x1671                 75                       0
    436 q114                   2                       0
    437 x1670                 10                       0
    438 q115                   1                       0
    439 x1669                 38                       0
    440 q116                   1                       0
    441 x1664                 10                       0
    442 q117                   1                       0
    443 x1663                 38                       0
    444 q118                   1                       0
    445 x1959                  5                       0
    446 x1338                 41                       0
    447 x1662                 28                       0
    448 q119                   1                       0
    449 x1659                 83                       0
    450 q120                   2                       0
    451 x1658                 38                       0
    452 x1657                  6                       0
    453 q122                   1                       0
    454 x1656                 28                       0
    455 x1652                 28                       0
    456 x1955                  4                       0
    457 x1650                 38                       0
    458 q125                   1                       0
    459 x1648                 28                       0
    460 q126                   1                       0
    461 x1646                 38                       0
    462 x1645                  6                       0
    464 x1644                 28                       0
    466 x1616                 23                       0
    467 q129                   1                       0
    468 x1615                 52                       0
    469 q130                   2                       0
    470 x1611                 60                       0
    471 x1608                 23                       0
    472 q132                   1                       0
    473 x1607                 52                       0
    474 q133                   2                       0
    475 x1606                 64                       0
    477 x1947                  3                       0
    478 x1602                 23                       0
    479 x1601                 52                       0
    480 q136                   1                       0
    481 x1598                 52                       0
    482 q137                   1                       0
    483 x1946                  3                       0
    484 x1596                 23                       0
    485 x1595                 52                       0
    486 q139                   1                       0
    487 x1945                  5                       0
    488 x2027                  5                       0
    489 x1593                 23                       0
    490 x2021                  5                       0
    491 x1592                 52                       0
    492 q141                   1                       0
    493 x1569                 28                       0
    494 q142                   2                       0
    495 x1567                 51                       0
    496 q143                   1                       0
    497 x1566                 20                       0
    499 x1565                 28                       0
    501 x1563                 51                       0
    502 q146                   1                       0
    503 x1562                 20                       0
    505 x1561                 28                       0
    507 x1559                 51                       0
    508 q149                   1                       0
    509 x1558                 20                       0
    511 x1557                 28                       0
    513 x1377                 50                       0
    514 x1555                 51                       0
    515 q152                   3                       0
    516 x1554                 20                       0
    517 q153                   2                       0
    518 x1551                 28                       0
    519 q154                   1                       0
    520 x1541                  4                       0
    522 x1540                 36                       0
    523 q156                   1                       0
    524 x1534                 64                       0
    526 x1527                  4                       0
    528 x1526                 36                       0
    529 q159                   1                       0
    530 x1519                 85                       0
    532 x1517                 24                       0
    533 q161                   1                       0
    534 x1516                 32                       0
    536 x1515                  4                       0
    538 x1507                 92                       0
    540 x1500                 24                       0
    542 x1499                 32                       0
    544 x1498                  4                       0
    546 x1495                 28                       0
    547 x1923                  7                       0
    548 x1929                  3                       0
    549 x1494                 28                       0
    551 x1921                  3                       0
    552 x1920                 12                       0
    553 x1190                 12                       0
    554 x1493                 28                       0
    556 x1928                  3                       0
    557 x1492                 28                       0
    559 x1139                 48                       0
    560 x1140                 16                       0
    561 x1462                 28                       0
    562 q172                   1                       0
    563 x1910                  3                       0
    564 x1916                  3                       0
    565 x1461                 28                       0
    566 q173                   1                       0
    567 x1460                 28                       0
    568 q174                   2                       0
    569 x1915                  6                       0
    570 x1459                 28                       0
    571 q175                   2                       0
    572 x1445                 86                       0
    573 q176                   3                       0
    574 x1430                 11                       0
    575 x1429                 43                       0
    576 q178                   4                       0
    577 x498                  28                       0
    578 x1425                 27                       0
    580 x1424                 59                       0
    581 q180                   1                       0
    582 x1423                 25                       0
    584 x1422                 57                       0
    585 q182                   1                       0
    586 x1417                 14                       0
    587 q183                   1                       0
    588 x1416                 46                       0
    589 q184                   1                       0
    590 x1411                 46                       0
    591 q185                   1                       0
    592 x1410                 18                       0
    594 x1402                 55                       0
    595 x1401                 27                       0
    596 x1390                 42                       0
    597 q189                   1                       0
    598 x1387                 46                       0
    599 q190                   1                       0
    600 x1386                 18                       0
    601 q191                   1                       0
    602 x1381                 14                       0
    603 x1380                 46                       0
    604 x1365                 45                       0
    605 x516                  28                       0
    606 x1364                  8                       0
    608 x1363                 40                       0
    609 x1362                 13                       0
    611 x1356                 51                       0
    612 q198                   1                       0
    613 x1355                 23                       0
    615 x1346                 39                       0
    616 q200                   4                       0
    617 x1345                 11                       0
    618 q201                   3                       0
    619 x1337                 13                       0
    621 x1335                 36                       0
    622 q203                   1                       0
    623 x1334                  8                       0
    625 x490                  28                       0
    626 x1332                 41                       0
    627 x1331                 13                       0
    629 x1328                 49                       0
    630 q207                   1                       0
    631 x1319                 49                       0
    632 q208                   1                       0
    633 x1308                  7                       0
    634 q209                   3                       0
    635 x1307                 39                       0
    636 q210                   4                       0
    637 x488                  28                       0
    638 x1296                 35                       0
    639 q211                   1                       0
    640 x1291                  3                       0
    642 x1290                 35                       0
    643 q213                   1                       0
    644 x1276                  3                       0
    646 x1268                 31                       0
    648 x1267                  3                       0
    650 x526                  30                       0
    651 x1260                 25                       0
    653 x1251                 55                       0
    654 x1242                 57                       0
    655 q219                   1                       0
    656 x485                  32                       0
    657 x1250                 25                       0
    658 x1227                 57                       0
    659 q220                   1                       0
    660 x1217                 14                       0
    661 q221                   1                       0
    662 x1216                 43                       0
    663 q222                   2                       0
    664 x1213                 47                       0
    665 q223                   3                       0
    666 x1212                 19                       0
    667 q224                   2                       0
    668 x1211                 14                       0
    669 q225                   1                       0
    670 x1210                 43                       0
    671 q226                   2                       0
    672 x1209                 51                       0
    673 q227                   1                       0
    674 x1208                 23                       0
    675 q228                   2                       0
    676 x1206                 19                       0
    677 q229                   2                       0
    678 x1203                 65                       0
    679 q230                   3                       0
    680 x1202                 37                       0
    681 q231                   2                       0
    682 x1198                 27                       0
    683 q232                   1                       0
    684 x504                  28                       0
    685 x1193                 40                       0
    686 q233                   1                       0
    687 x1192                 12                       0
    688 x503                  28                       0
    689 x1191                 40                       0
    690 q235                   1                       0
    691 x484                  28                       0
    692 x1181                 72                       0
    693 q236                   1                       0
    694 x1180                 42                       0
    695 q237                   2                       0
    696 x1179                 11                       0
    697 q238                   1                       0
    698 x1178                 19                       0
    699 q239                   1                       0
    700 x1177                 51                       0
    701 q240                   3                       0
    702 x1176                 15                       0
    703 q241                   2                       0
    704 x1175                 47                       0
    705 q242                   3                       0
    706 x483                  28                       0
    707 x1171                 42                       0
    708 q243                   2                       0
    709 x1170                 11                       0
    710 q244                   1                       0
    711 x1169                 19                       0
    712 q245                   1                       0
    713 x1168                 51                       0
    714 q246                   2                       0
    715 x1167                 15                       0
    716 q247                   2                       0
    717 x1166                 47                       0
    718 q248                   3                       0
    719 x1146                  8                       0
    720 q249                   1                       0
    721 x1145                 40                       0
    722 q250                   1                       0
    723 x1136                 26                       0
    724 x1135                 58                       0
    725 x1126                 10                       0
    726 q253                   1                       0
    727 x1125                 42                       0
    729 x1121                 25                       0
    731 x1120                 10                       0
    732 q256                   1                       0
    733 x1119                 42                       0
    735 x1110                  3                       0
    736 x1108                 53                       0
    737 x1107                 25                       0
    738 q260                   2                       0
    739 x1106                 10                       0
    740 q261                   1                       0
    741 x1105                 42                       0
    743 x1103                 20                       0
    745 x1098                 58                       0
    746 q264                   1                       0
    747 x1097                 30                       0
    749 x1091                 24                       0
    751 x1083                 42                       0
    752 q267                   2                       0
    753 x1082                 14                       0
    755 x478                  32                       0
    756 x1080                 35                       0
    757 q269                   1                       0
    758 x1079                  3                       0
    760 x1078                 25                       0
    762 x1076                 42                       0
    763 q272                   2                       0
    764 x1075                 14                       0
    766 x759                  38                       0
    767 x1062                 35                       0
    768 q274                   1                       0
    769 x1061                  3                       0
    770 q275                   1                       0
    771 x1060                 25                       0
    772 q276                   1                       0
    773 x1059                 57                       0
    774 q277                   1                       0
    775 x1058                 42                       0
    776 q278                   2                       0
    777 x1057                 14                       0
    778 q279                   1                       0
    779 x1044                 39                       0
    780 q280                   1                       0
    781 x1043                 47                       0
    783 x1040                 75                       0
    784 q282                   1                       0
    785 x1038                 28                       0
    787 x1035                 49                       0
    789 x1034                 21                       0
    791 x1028                 68                       0
    792 q286                   1                       0
    793 x1021                 53                       0
    794 q287                   1                       0
    795 x1020                 22                       0
    797 x1019                 30                       0
    799 x1018                 62                       0
    800 q290                   1                       0
    801 x1007                 18                       0
    803 x1006                 50                       0
    805 x1003                 13                       0
    807 x1002                 45                       0
    809 x496                  28                       0
    810 x997                  23                       0
    812 x996                  55                       0
    813 x990                  59                       0
    815 x974                  75                       0
    816 q298                   2                       0
    817 x973                  47                       0
    818 q299                   1                       0
    819 x971                  60                       0
    820 q300                   1                       0
    821 x966                  21                       0
    823 x965                  53                       0
    824 q302                   1                       0
    825 x960                  31                       0
    827 x959                  60                       0
    828 q304                   1                       0
    829 x958                  68                       0
    830 q305                   2                       0
    831 x957                  40                       0
    832 q306                   1                       0
    833 x948                  25                       0
    834 q307                   1                       0
    835 x947                  54                       0
    836 q308                   1                       0
    837 x946                  62                       0
    838 q309                   1                       0
    839 x945                  34                       0
    840 q310                   1                       0
    841 x931                  50                       0
    842 q311                   2                       0
    843 x930                  22                       0
    844 q312                   1                       0
    845 x928                  36                       0
    846 q313                   1                       0
    847 x925                  17                       0
    848 q314                   1                       0
    849 x919                  55                       0
    850 q315                   2                       0
    851 x918                  27                       0
    852 q316                   1                       0
    853 x902                  41                       0
    854 q317                   1                       0
    855 x492                  28                       0
    856 x901                  13                       0
    857 x896                  66                       0
    858 q319                   1                       0
    859 x895                  38                       0
    860 q320                   1                       0
    861 x894                  58                       0
    862 q321                   1                       0
    863 x893                  30                       0
    864 x892                  62                       0
    865 q323                   1                       0
    866 x891                  34                       0
    867 q324                   1                       0
    868 x890                  49                       0
    869 q325                   1                       0
    870 x889                  21                       0
    872 x882                  64                       0
    873 q327                   2                       0
    874 x881                  32                       0
    875 q328                   1                       0
    876 x880                  54                       0
    877 q329                   1                       0
    878 x879                  26                       0
    879 q330                   1                       0
    880 x867                  54                       0
    881 q331                   1                       0
    882 x866                  22                       0
    884 x865                  44                       0
    886 x864                  16                       0
    888 x847                   9                       0
    890 x846                  31                       0
    892 x845                   3                       0
    894 x842                  38                       0
    896 x841                   6                       0
    898 x825                  38                       0
    899 q340                   1                       0
    900 x824                  70                       0
    901 q341                   1                       0
    902 x820                  34                       0
    903 q342                   1                       0
    904 x819                  66                       0
    905 q343                   1                       0
    906 x818                  21                       0
    908 x817                  53                       0
    909 q345                   1                       0
    910 x808                  36                       0
    911 q346                   1                       0
    912 x807                  64                       0
    913 q347                   1                       0
    914 x806                  26                       0
    915 q348                   1                       0
    916 x805                  58                       0
    917 q349                   1                       0
    918 x790                  26                       0
    920 x789                  54                       0
    921 q351                   1                       0
    922 x788                  16                       0
    924 x787                  48                       0
    926 x780                  16                       0
    928 x779                  44                       0
    930 x766                  13                       0
    932 x765                  41                       0
    933 q357                   1                       0
    934 x764                   3                       0
    936 x762                  20                       0
    937 q359                   1                       0
    938 x747                  47                       0
    939 q360                   1                       0
    940 x746                  19                       0
    941 q361                   6                       0
    942 x736                  33                       0
    943 q362                   1                       0
    944 x735                  37                       0
    945 q363                   2                       0
    946 x734                   9                       0
    947 q364                   1                       0
    948 x727                  13                       0
    950 x726                  20                       0
    951 q366                   5                       0
    952 x725                  52                       0
    953 q367                   6                       0
    954 x707                   3                       0
    956 x706                   7                       0
    957 q369                   1                       0
    958 x705                  39                       0
    959 q370                   1                       0
    960 x689                  51                       0
    961 q371                   1                       0
    962 x687                  55                       0
    963 q372                   1                       0
    964 x678                  10                       0
    966 x677                  42                       0
    967 q374                   1                       0
    968 x657                  27                       0
    969 x670                  30                       0
    970 q375                   1                       0
    971 x661                  51                       0
    972 q376                   1                       0
    973 x660                  23                       0
    974 q377                   1                       0
    975 x647                  21                       0
    976 x646                  42                       0
    977 q379                   1                       0
    978 x645                  14                       0
    979 q380                   1                       0
    980 x642                  51                       0
    981 q381                   2                       0
    982 x640                  23                       0
    983 q382                   1                       0
    984 x638                  19                       0
    985 q383                   1                       0
    986 x636                  51                       0
    987 q384                   1                       0
    988 x634                  56                       0
    989 q385                   2                       0
    990 x632                  28                       0
    991 q386                   3                       0
    992 x630                  24                       0
    993 q387                   2                       0
    994 x628                  56                       0
    995 q388                   4                       0
    996 x624                  32                       0
    998 x622                  40                       0
   1000 x620                  72                       0
   1001 q391                   1                       0
   1002 x618                  36                       0
   1003 q392                   1                       0
   1004 x616                  68                       0
   1005 q393                   1                       0
   1006 x614                  26                       0
   1007 q394                   2                       0
   1008 x612                  58                       0
   1009 q395                   3                       0
   1010 x608                  64                       0
   1011 q396                   1                       0
   1012 x606                  72                       0
   1013 q397                   1                       0
   1014 x604                  44                       0
   1015 q398                   1                       0
   1016 x602                  68                       0
   1017 q399                   2                       0
   1018 x600                  40                       0
   1019 q400                   1                       0
   1020 x598                  58                       0
   1021 q401                   3                       0
   1022 x596                  30                       0
   1023 q402                   3                       0
   1024 x590                  37                       0
   1026 x588                   9                       0
   1028 x586                  54                       0
   1029 q405                   1                       0
   1030 x584                  26                       0
   1032 x582                  19                       0
   1034 x580                  47                       0
   1035 q408                   1                       0
   1036 x578                   9                       0
   1038 x576                  41                       0
   1040 x574                  26                       0
   1041 q411                   1                       0
   1042 x572                  58                       0
   1043 q412                   1                       0
   1044 x570                  34                       0
   1045 q413                   6                       0
   1046 x568                  66                       0
   1047 q414                   6                       0
   1048 x566                  64                       0
   1049 q415                   6                       0
   1050 x564                  36                       0
   1051 q416                   5                       0
   1052 x562                  28                       0
   1053 q417                   1                       0
   1055 q418                   1                       0
   1057 q419                   1                       0
   1058 x556                  32                       0
   1059 q420                   2                       0
   1060 x158                  52                       0
   1062 x157                  55                       0
   1063 x156                  11                       0
   1064 x155                  84                       0
   1065 q424                   2                       0
   1066 x154                  87                       0
   1067 q425                   2                       0
   1068 x153                  43                       0
   1069 q426                   2                       0
   1070 x152                 104                       0
   1071 q427                   1                       0
   1072 x151                  55                       0
   1073 q428                   1                       0
   1074 x150                  75                       0
   1075 x149                  26                       0
   1076 x148                  62                       0
   1077 q431                   2                       0
   1078 x147                  65                       0
   1079 q432                   2                       0
   1080 x146                  21                       0
   1081 q433                   2                       0
   1082 x145                  90                       0
   1083 q434                   2                       0
   1084 x144                  93                       0
   1085 q435                   1                       0
   1086 x143                  49                       0
   1087 q436                   2                       0
   1088 x142                  67                       0
   1089 x141                  18                       0
   1090 x140                  95                       0
   1091 x139                  46                       0
   1092 q440                   2                       0
   1093 x138                   4                       0
   1095 x137                  32                       0
   1096 q442                   3                       0
   1097 x136                  22                       0
   1099 x135                  54                       0
   1100 q444                   1                       0
   1101 x134                  19                       0
   1102 q445                   1                       0
   1103 x133                  51                       0
   1104 q446                   1                       0
   1105 x1999                  5                       0
   1106 x132                  13                       0
   1107 x521                  28                       0
   1108 x131                  45                       0
   1109 q448                   1                       0
   1110 x1942                  6                       0
   1111 x130                  44                       0
   1112 q449                   1                       0
   1113 x1933                  6                       0
   1114 x129                  16                       0
   1116 x128                  50                       0
   1117 x127                  22                       0
   1118 x126                  47                       0
   1119 q453                   1                       0
   1120 x125                  19                       0
   1121 q454                   1                       0
   1122 x124                  41                       0
   1123 q455                   1                       0
   1124 x123                  13                       0
   1126 x122                  12                       0
   1127 x121                  44                       0
   1128 x120                  45                       0
   1129 q459                   1                       0
   1130 x119                  17                       0
   1131 q460                   1                       0
   1132 x118                  46                       0
   1133 q461                   1                       0
   1134 x117                  18                       0
   1135 x116                  43                       0
   1136 q463                   4                       0
   1137 x115                  15                       0
   1138 q464                   3                       0
   1139 x114                  13                       0
   1140 q465                   1                       0
   1141 x113                  45                       0
   1142 q466                   1                       0
   1143 x112                  14                       0
   1144 x111                  46                       0
   1145 q468                   1                       0
   1146 x110                  11                       0
   1147 q469                   3                       0
   1148 x109                  43                       0
   1149 q470                   4                       0
   1150 x108                  58                       0
   1151 x107                  30                       0
   1152 q472                   2                       0
   1153 x106                  52                       0
   1154 x105                  24                       0
   1155 x104                  26                       0
   1157 x103                  58                       0
   1158 q476                   3                       0
   1159 x102                  20                       0
   1161 x101                  52                       0
   1162 q478                   1                       0
   1163 x100                  23                       0
   1165 x99                   55                       0
   1166 x98                   14                       0
   1168 x97                   46                       0
   1170 x96                   14                       0
   1171 q483                   1                       0
   1172 x95                   55                       0
   1173 x94                   27                       0
   1175 x93                   46                       0
   1176 x92                   18                       0
   1178 x91                   46                       0
   1179 q488                   2                       0
   1180 x90                   56                       0
   1181 q489                   1                       0
   1182 x89                   25                       0
   1184 x88                   33                       0
   1186 x87                   65                       0
   1187 q492                   1                       0
   1188 x86                   50                       0
   1189 q493                   1                       0
   1190 x85                   19                       0
   1192 x84                   27                       0
   1194 x83                   59                       0
   1195 q496                   1                       0
   1196 x82                   40                       0
   1198 x81                   45                       0
   1199 q498                   1                       0
   1200 x80                   14                       0
   1202 x79                   22                       0
   1204 x78                   54                       0
   1205 q501                   1                       0
   1206 x77                    7                       0
   1208 x76                   39                       0
   1210 x75                   28                       0
   1211 q504                   1                       0
   1212 x74                   57                       0
   1213 q505                   1                       0
   1214 x73                   65                       0
   1215 q506                   1                       0
   1216 x72                   37                       0
   1217 q507                   1                       0
   1218 x71                   22                       0
   1219 q508                   1                       0
   1220 x70                   51                       0
   1221 q509                   1                       0
   1222 x69                   59                       0
   1223 q510                   1                       0
   1224 x68                   31                       0
   1225 q511                   1                       0
   1226 x67                   12                       0
   1228 x66                   17                       0
   1229 q513                   1                       0
   1230 x65                   46                       0
   1231 q514                   1                       0
   1232 x64                   54                       0
   1233 q515                   1                       0
   1234 x63                   26                       0
   1235 q516                   1                       0
   1236 x62                   39                       0
   1237 q517                   2                       0
   1238 x61                   11                       0
   1239 q518                   1                       0
   1240 x60                   71                       0
   1241 q519                   1                       0
   1242 x59                   43                       0
   1243 q520                   1                       0
   1244 x57                   67                       0
   1245 q521                   2                       0
   1246 x56                   35                       0
   1247 q522                   1                       0
   1248 x55                   57                       0
   1249 q523                   1                       0
   1250 x54                   29                       0
   1251 q524                   1                       0
   1252 x53                   60                       0
   1253 q525                   1                       0
   1254 x52                   28                       0
   1256 x51                   50                       0
   1258 x50                   22                       0
   1259 q528                   1                       0
   1260 x49                   57                       0
   1261 q529                   1                       0
   1262 x48                   25                       0
   1264 x47                   47                       0
   1266 x46                   19                       0
   1268 x45                   52                       0
   1269 q533                   1                       0
   1270 x44                   43                       0
   1271 q534                   1                       0
   1272 x43                   75                       0
   1273 q535                   1                       0
   1274 x41                   39                       0
   1275 q536                   1                       0
   1276 x40                   67                       0
   1277 q537                   1                       0
   1278 x39                   29                       0
   1279 q538                   1                       0
   1280 x38                   61                       0
   1281 q539                   1                       0
   1282 x37                   32                       0
   1284 x36                   60                       0
   1285 q541                   1                       0
   1286 x35                   22                       0
   1288 x34                   54                       0
   1289 q543                   1                       0
   1290 x33                   29                       0
   1292 x32                   57                       0
   1293 q545                   1                       0
   1294 x31                   19                       0
   1296 x30                   51                       0
   1297 q547                   1                       0
   1298 x29                   24                       0
   1299 q548                   1                       0
   1300 x28                   16                       0
   1301 q549                   1                       0
   1302 x27                   48                       0
   1303 q550                   1                       0
   1304 x26                   48                       0
   1305 q551                   1                       0
   1306 x25                   20                       0
   1307 q552                   1                       0
   1308 x1329                 17                       0
   1309 q553                   1                       0
   1310 x1154                 55                       0
   1311 q554                   1                       0
   1312 x721                  17                       0
   1314 x720                  49                       0
   1315 q556                   6                       0
   1316 x1700                 35                       0
   1317 x1699                  7                       0
   1319 x1389                 14                       0
   1320 q559                   1                       0
   1321 x1005                 32                       0
   1323 x708                  33                       0
   1324 x710                  42                       0
   1325 q562                   1                       0
   1326 x860                  44                       0
   1328 x859                  12                       0
   1330 x658                  55                       0
   1331 q565                   1                       0
   1332 x844                  48                       0
   1333 q566                   1                       0
   1334 x843                  20                       0
   1336 x833                  13                       0
   1337 x671                  58                       0
   1338 q569                   1                       0
   1339 x832                  45                       0
   1340 q570                   1                       0
   1341 x760                  10                       0
   1343 x1817                107                       0
   1344 q572                   1                       0
   1345 x1597                 73                       0
   1346 x1816                110                       0
   1347 q574                   1                       0
   1348 x1729                 57                       0
   1350 x1749                104                       0
   1351 q576                   5                       0
   1352 x1366                 13                       0
   1354 x1243                 27                       0
   1356 x1041                 43                       0
   1357 q579                   1                       0
   1358 x1039                 56                       0
   1360 x1109                 31                       0
   1361 x1214                 23                       0
   1362 q582                   2                       0
   1363 x1160                 65                       0
   1364 q583                   3                       0
   1365 x1543                 27                       0
   1366 q584                   1                       0
   1367 x1444                 21                       0
   1368 q585                   2                       0
   1369 x1477                 21                       0
   1371 x1468                 53                       0
   1372 x1467                 21                       0
   1374 x1465                 15                       0
   1375 q589                   1                       0
   1376 x1544                 57                       0
   1378 x1631                 38                       0
   1379 q591                   2                       0
   1380 x1630                  6                       0
   1381 q592                   1                       0
   1382 x1579                 88                       0
   1383 x1031                 59                       0
   1385 x1030                 28                       0
   1387 x1104                 48                       0
   1388 q596                   1                       0
   1389 x1409                 50                       0
   1390 q597                   1                       0
   1391 x481                  28                       0
   1392 x1142                 40                       0
   1393 q598                   1                       0
   1394 x1834                 90                       0
   1395 q599                   2                       0
   1396 x680                  17                       0
   1397 x648                  49                       0
   1398 q601                   1                       0
   1399 x1228                 27                       0
   1401 x752                  43                       0
   1402 q603                   1                       0
   1403 x1277                 31                       0
   1404 x1297                  3                       0
   1406 x1847                 58                       0
   1407 x978                  42                       0
   1408 q606                   1                       0
   1409 x1143                  8                       0
   1410 x1215                 51                       0
   1411 q608                   1                       0
   1412 x1693                  7                       0
   1414 x1408                 22                       0
   1416 x1725                  4                       0
   1418 x592                  15                       0
   1420 x1077                 57                       0
   1421 x1518                 55                       0
   1422 q614                   1                       0
   1423 x1829                 97                       0
   1424 q615                   2                       0
   1425 x1571                 51                       0
   1426 q616                   1                       0
   1427 x1542                 56                       0
   1428 q617                   1                       0
   1429 x1443                 49                       0
   1430 q618                   2                       0
   1431 x1441                 43                       0
   1432 q619                   1                       0
   1433 x1431                 49                       0
   1434 q620                   2                       0
   1435 x1432                 21                       0
   1436 q621                   2                       0
   1437 x1479                 58                       0
   1439 x1466                 43                       0
   1441 x1604                 52                       0
   1442 q624                   1                       0
   1443 x1622                  6                       0
   1444 q625                   1                       0
   1445 x1649                  6                       0
   1446 q626                   1                       0
   1447 x1574                 20                       0
   1448 q627                   1                       0
   1451 x469                  32                       0
   1452 x470                  32                       0
   1453 q641                   1                       0
   1454 x471                  30                       0
   1456 x472                  30                       0
   1458 x474                  32                       0
   1459 x475                  32                       0
   1460 q645                   1                       0
   1461 x476                  32                       0
   1462 q646                   1                       0
   1463 x477                  32                       0
   1465 x480                  32                       0
   1466 x486                  32                       0
   1467 x487                  28                       0
   1468 x494                  28                       0
   1469 x499                  28                       0
   1470 q652                   3                       0
   1471 x500                  28                       0
   1472 q653                   3                       0
   1473 x501                  28                       0
   1474 q654                   3                       0
   1475 x502                  28                       0
   1476 q655                   1                       0
   1477 x506                  28                       0
   1478 x507                  28                       0
   1479 q657                   1                       0
   1480 x508                  28                       0
   1481 q658                   1                       0
   1482 x509                  28                       0
   1483 q659                   2                       0
   1484 x510                  28                       0
   1486 x511                  28                       0
   1487 q661                   1                       0
   1488 x512                  28                       0
   1490 x517                  28                       0
   1492 x518                  28                       0
   1494 x519                  28                       0
   1495 x523                  28                       0
   1496 x524                  28                       0
   1497 x525                  30                       0
   1499 x529                  28                       0
   1500 x531                  28                       0
   1501 x532                  28                       0
   1502 q671                   1                       0
   1503 x533                  31                       0
   1504 q672                   1                       0
   1505 x536                  32                       0
   1506 q673                   1                       0
   1507 x537                  32                       0
   1508 q674                   1                       0
   1509 x538                  32                       0
   1510 q675                   1                       0
   1512 x493                  28                       0
   1513 x1909                  3                       0
   1514 q691                   1                       0
   1515 x1914                  4                       0
   1517 x1917                  3                       0
   1518 q693                   1                       0
   1519 x1922                  3                       0
   1520 q694                   2                       0
   1521 x1927                 12                       0
   1523 x1930                  7                       0
   1524 q697                   3                       0
   1525 x1936                  5                       0
   1526 q698                   2                       0
   1527 q699                   1                       0
   1528 q700                   1                       0
   1529 x1948                  3                       0
   1530 q701                   2                       0
   1533 x1953                  3                       0
   1534 q705                   2                       0
   1535 x1954                  3                       0
   1536 q706                   2                       0
   1537 x1964                  4                       0
   1538 q707                   3                       0
   1539 x1968                  5                       0
   1540 q709                   1                       0
   1541 x1970                  3                       0
   1542 q710                   1                       0
   1543 x1974                  3                       0
   1544 q711                   4                       0
   1545 x1976                  2                       0
   1547 q713                   1                       0
   1548 q714                   1                       0
   1549 x1984                  3                       0
   1550 q715                   4                       0
   1551 x1986                  2                       0
   1552 x1989                  5                       0
   1553 x1992                  3                       0
   1555 q719                   3                       0
   1556 x1997                  7                       0
   1557 q720                   4                       0
   1558 x2002                  3                       0
   1560 q722                   4                       0
   1561 x2006                  3                       0
   1562 q723                   1                       0
   1563 x2007                  7                       0
   1565 q725                   5                       0
   1567 q729                   1                       0
   1568 x2022                  3                       0
   1569 x2023                  3                       0
   1570 q732                   1                       0
   1572 x2030                  3                       0
   1573 q734                   1                       0
   1574 x2043                  4                       0
   1575 q736                   2                       0
