Stopped on time - objective value 106.00000000
     23 C0024                  1                       0
     64 C0065                  1                       0
    153 C0154                  1                       0
    219 C0220                  1                       0
    237 C0238                  1                       0
    245 C0246                  1                       0
    280 C0281                  1                       0
    299 C0300                  1                       0
    388 C0389                  1                       0
    488 C0489                  1                       0
    528 C0529                  1                       0
    556 C0557                  1                       0
    562 C0563                  1                       0
    600 C0601                  1                       0
    660 C0661                  1                       0
    671 C0672                  1                       0
   1668 C1669                  1                       0
   1669 C1670                 28                       0
   1670 C1671                  1                       0
   3147 C3148                 28                       0
   6350 C6351                  1                       0
   6352 C6353                  1                       0
   6353 C6354                 29                       0
   6354 C6355                  1                       0
   6355 C6356                 52                       0
   6356 C6357                 29                       0
   6357 C6358                  1                       0
   6361 C6362                 29                       0
   6366 C6367                  1                       0
   6378 C6379                 29                       0
   6382 C6383                  1                       0
   8734 C8735                 28                       0
   9372 C9373                  1                       0
   9374 C9375                  1                       0
   9383 C9384                 29                       0
   9385 C9386                 29                       0
   9388 C9389                  1                       0
   9390 C9391                  1                       0
   9393 C9394                 25                       0
   9399 C9400                 29                       0
   9402 C9403                 29                       0
   9404 C9405                  1                       0
   9406 C9407                  1                       0
   9666 C9667                  1                       0
   9672 C9673                 28                       0
   9674 C9675                 58                       0
   9683 C9684                  1                       0
   9689 C9690                 25                       0
   9695 C9696                 25                       0
  11619 C11620                28                       0
  14822 C14823                58                       0
  14824 C14825                 1                       0
  14825 C14826                25                       0
  14826 C14827                 1                       0
  14827 C14828                28                       0
  14843 C14844                25                       0
  18412 C18413                 1                       0
  18413 C18414                29                       0
  18414 C18415                 1                       0
  18416 C18417                29                       0
  18417 C18418                 1                       0
  18428 C18429                 1                       0
  18429 C18430                25                       0
  18430 C18431                29                       0
  18431 C18432                 1                       0
  18432 C18433                29                       0
  18433 C18434                 1                       0
  19852 C19853                 1                       0
  19868 C19869                 1                       0
  19874 C19875                28                       0
  20861 C20862                29                       0
  20862 C20863                 1                       0
  20872 C20873                 1                       0
  20874 C20875                 1                       0
  20877 C20878                25                       0
  20878 C20879                29                       0
  20885 C20886                25                       0
  21089 C21090                25                       0
  21095 C21096                 1                       0
  21099 C21100                29                       0
  21100 C21101                82                       0
  21102 C21103                29                       0
  22449 C22450                 1                       0
  22465 C22466                 1                       0
  22471 C22472                28                       0
  24632 C24633                 1                       0
  24635 C24636                 6                       0
  25029 C25030                28                       0
  25030 C25031                 1                       0
  25031 C25032                19                       0
  31103 C31104                30                       0
  31144 C31145                28                       0
  31233 C31234               174                       0
  31299 C31300                28                       0
  31317 C31318               147                       0
  31325 C31326               138                       0
  31379 C31380                28                       0
  31468 C31469               138                       0
  31568 C31569               147                       0
  31608 C31609                30                       0
  31636 C31637               111                       0
  31642 C31643               166                       0
  31680 C31681                30                       0
  31740 C31741                 7                       0
  31751 C31752                48                       0
  31920 C31921                 2                       0
  31923 C31924                 1                       0
  31924 C31925                 3                       0
  31925 C31926                 2                       0
  31927 C31928                 1                       0
  31929 C31930                 1                       0
  31930 C31931                 2                       0
  31931 C31932                 2                       0
  31932 C31933                 2                       0
  31982 C31983                 1                       4
  32064 C32065                 1                       4
  32243 C32244                 1                      10
  32374 C32375                 1                       4
  32411 C32412                 1                      10
  32427 C32428                 1                      10
  32496 C32497                 1                       4
  32534 C32535                 1                       4
  32713 C32714                 1                      10
  32913 C32914                 1                      10
  32992 C32993                 1                       4
  33049 C33050                 1                      10
  33061 C33062                 1                      10
  33136 C33137                 1                       4
  33256 C33257                 1                       4
  33278 C33279                 1                       4
