Stopped on time - objective value 53120.00000000
      0 x1                 53120                       0
     86 x87                    1                     800
    226 x227                   1                     800
    421 x422                   1                     320
    466 x467                   1                     800
    561 x562                   1                     640
    601 x602                   1                     480
    666 x667                   1                    1120
    906 x907                   1                     480
    961 x962                   1                     320
    991 x992                   1                    1120
   1016 x1017                  1                    2240
   1326 x1327                  1                     800
   1403 x1404                  1                    1440
   1727 x1728                  1                    1920
   1786 x1787                  1                     800
   1826 x1827                  1                     800
   2041 x2042                  1                     480
   2081 x2082                  1                     480
   2586 x2587                  1                     800
   2606 x2607                  1                     800
   2681 x2682                  1                     320
   2726 x2727                  1                     800
   3081 x3082                  1                     480
   3181 x3182                  1                     320
   3241 x3242                  1                     320
   3281 x3282                  1                     480
   3371 x3372                  1                    1280
   3386 x3387                  1                     480
   3481 x3482                  1                     320
   3586 x3587                  1                     480
   3666 x3667                  1                     480
   3681 x3682                  1                     320
   3737 x3738                  1                    3200
   3947 x3948                  1                     960
   4006 x4007                  1                     800
   4071 x4072                  1                    1440
   4221 x4222                  1                     320
   4382 x4383                  1                     640
   4661 x4662                  1                     320
   4682 x4683                  1                     640
   4736 x4737                  1                    1760
   4768 x4769                  1                    2400
   5107 x5108                  1                     960
   5203 x5204                  1                     960
   5266 x5267                  1                     640
   5504 x5505                  1                    1280
   5671 x5672                  1                    1120
   5681 x5682                  1                     480
   5823 x5824                  1                     960
   5886 x5887                  1                     640
   5926 x5927                  1                     800
   6027 x6028                  1                     960
   6081 x6082                  1                     320
   6201 x6202                  1                     320
   6251 x6252                  1                    1600
   6301 x6302                  1                     480
   6351 x6352                  1                    1760
   6431 x6432                  1                     800
   6461 x6462                  1                     320
   6511 x6512                  1                    1760
   6607 x6608                  1                     960
