Stopped on time - objective value 31020.00000000
      1 C0002                  1                      20
     20 C0021                  1                      30
     53 C0054                  1                      45
     65 C0066                  1                      10
     69 C0070                  1                      10
    154 C0155                  1                      15
    172 C0173                  1                      45
    173 C0174                  1                      15
    174 C0175                  1                      10
    202 C0203                  1                      30
    213 C0214                  1                      20
    217 C0218                  1                      15
    223 C0224                  1                      15
    227 C0228                  1                      15
    260 C0261                  1                      10
    267 C0268                  1                      25
    280 C0281                  1                       5
    282 C0283                  1                      15
    284 C0285                  1                      10
    298 C0299                  1                      10
    299 C0300                  1                      25
    302 C0303                  1                      35
    315 C0316                  1                      20
    359 C0360                  1                      40
    366 C0367                  1                      45
    380 C0381                  1                      25
    485 C0486                  1                      10
    489 C0490                  1                      10
    565 C0566                  1                      10
    566 C0567                  1                      20
    567 C0568                  1                      15
    568 C0569                  1                      10
    570 C0571                  1                       5
    640 C0641                  1                       5
    693 C0694                  1                      20
    698 C0699                  1                      25
    706 C0707                  1                      20
    707 C0708                  1                      15
    708 C0709                  1                      10
    713 C0714                  1                      15
    714 C0715                  1                      15
    717 C0718                  1                      15
    781 C0782                  1                      25
    841 C0842                  1                      20
    866 C0867                  1                      25
    922 C0923                  1                       5
    925 C0926                  1                       5
    933 C0934                  1                      25
    974 C0975                  1                      25
   1140 C1141                  1                      30
   1141 C1142                  1                      55
   1618 C1619                  1                      10
   1630 C1631                  1                      30
   1634 C1635                  1                      10
   1635 C1636                  1                      25
   1663 C1664                  1                      45
   1707 C1708                  1                       5
   1709 C1710                  1                      20
   1710 C1711                  1                      25
   1732 C1733                  1                      20
   1734 C1735                  1                       5
   1740 C1741                  1                       5
   1778 C1779                  1                      10
   1792 C1793                  1                       5
   1798 C1799                  1                      10
   1841 C1842                  1                      55
   1851 C1852                  1                      50
   1996 C1997                  1                      40
   2045 C2046                  1                       5
   2069 C2070                  1                      40
   2075 C2076                  1                       5
   2097 C2098                  1                      60
   2140 C2141                  1                      10
   2170 C2171                  1                       5
   2194 C2195                  1                      10
   2201 C2202                  1                      50
   2242 C2243                  1                      15
   2277 C2278                  1                      25
   2388 C2389                  1                      10
   2418 C2419                  1                      55
   2423 C2424                  1                      20
   2429 C2430                  1                      35
   2469 C2470                  1                      25
   2471 C2472                  1                      55
   2509 C2510                  1                      20
   2524 C2525                  1                      10
   2537 C2538                  1                      15
   2538 C2539                  1                      10
   2550 C2551                  1                      25
   2566 C2567                  1                      10
   2578 C2579                  1                      10
   2586 C2587                  1                      15
   2588 C2589                  1                      25
   2757 C2758                  1                       5
   2759 C2760                  1                      20
   2771 C2772                  1                      10
   2774 C2775                  1                      50
   2782 C2783                  1                      20
   2784 C2785                  1                       5
   2790 C2791                  1                       5
   3247 C3248                  1                       5
   3249 C3250                  1                      20
   3261 C3262                  1                      10
   3267 C3268                  1                      60
   3270 C3271                  1                      10
   3274 C3275                  1                       5
   3334 C3335                  1                      50
   3342 C3343                  1                      20
   3345 C3346                  1                      35
   3350 C3351                  1                       5
   3388 C3389                  1                      10
   3402 C3403                  1                       5
   3408 C3409                  1                      10
   3411 C3412                  1                      25
   3413 C3414                  1                      45
   3480 C3481                  1                      10
   3486 C3487                  1                      20
   3487 C3488                  1                      25
   3529 C3530                  1                      20
   3534 C3535                  1                      10
   3554 C3555                  1                       5
   3559 C3560                  1                      20
   3666 C3667                  1                      25
   3833 C3834                  1                      45
   3841 C3842                  1                      20
   3894 C3895                  1                      50
   3912 C3913                  1                      30
   3913 C3914                  1                      20
   4125 C4126                  1                      10
   4277 C4278                  1                      15
   4283 C4284                  1                      15
   4284 C4285                  1                      15
   4287 C4288                  1                      15
   4332 C4333                  1                      30
   4358 C4359                  1                      10
   4359 C4360                  1                      25
   4360 C4361                  1                      30
   4362 C4363                  1                      35
   4372 C4373                  1                      45
   4373 C4374                  1                      15
   4374 C4375                  1                      10
   4375 C4376                  1                      20
   4460 C4461                  1                      10
   4467 C4468                  1                      25
   4479 C4480                  1                      10
   4533 C4534                  1                      45
   4545 C4546                  1                      10
   4846 C4847                  1                      45
   4860 C4861                  1                      25
   4895 C4896                  1                      10
   4899 C4900                  1                      10
   4971 C4972                  1                      20
   4993 C4994                  1                      25
   4996 C4997                  1                      25
   5035 C5036                  1                      10
   5039 C5040                  1                      10
   5057 C5058                  1                      15
   5174 C5175                  1                      25
   5210 C5211                  1                      25
   5243 C5244                  1                      20
   5248 C5249                  1                      25
   5410 C5411                  1                      30
   5422 C5423                  1                      45
   5423 C5424                  1                      15
   5424 C5425                  1                      10
   5425 C5426                  1                      20
   5942 C5943                  1                      30
   5992 C5993                  1                       5
   5998 C5999                  1                      10
   6027 C6028                  1                      15
   6072 C6073                  1                      20
   6074 C6075                  1                       5
   6080 C6081                  1                       5
   6260 C6261                  1                      25
   6270 C6271                  1                      10
   6273 C6274                  1                      20
   6275 C6276                  1                       5
   6300 C6301                  1                       5
   6302 C6303                  1                      15
   6304 C6305                  1                      10
   6318 C6319                  1                      10
   6319 C6320                  1                      25
   6391 C6392                  1                      55
   6401 C6402                  1                      50
   6416 C6417                  1                      10
   6489 C6490                  1                      35
   6568 C6569                  1                      10
   6569 C6570                  1                      20
   6716 C6717                  1                      15
   6717 C6718                  1                      60
   6718 C6719                  1                      25
   6798 C6799                  1                      10
   6805 C6806                  1                       5
   6807 C6808                  1                      15
   6808 C6809                  1                      10
   6813 C6814                  1                      25
   6814 C6815                  1                      10
   7000 C7001                  1                       5
   7048 C7049                  1                      10
   7545 C7546                  1                      35
   7637 C7638                  1                      15
   7690 C7691                  1                       5
   7719 C7720                  1                      25
   7732 C7733                  1                      45
   7734 C7735                  1                      10
   7759 C7760                  1                      20
   7974 C7975                  1                      25
   8057 C8058                  1                      15
   8067 C8068                  1                      15
   8132 C8133                  1                       5
   8140 C8141                  1                      30
   8145 C8146                  1                      25
   8178 C8179                  1                      10
   8333 C8334                  1                      20
   8343 C8344                  1                      15
   8391 C8392                  1                      20
   8540 C8541                  1                     720
   8541 C8542                  2                     720
   8542 C8543                  1                     720
   8543 C8544                  1                     720
   8544 C8545                  1                     720
   8545 C8546                  1                     720
   8546 C8547                  1                     720
   8548 C8549                  1                     720
   8549 C8550                  1                     720
   8550 C8551                  1                     720
   8551 C8552                  1                     720
   8552 C8553                  1                     720
   8553 C8554                  1                     720
   8556 C8557                  1                     720
   8563 C8564                  1                     720
   8564 C8565                  1                     720
   8565 C8566                  1                     720
   8566 C8567                  1                     720
   8568 C8569                  1                     720
   8569 C8570                  1                     720
   8570 C8571                  1                     720
   8571 C8572                  1                     720
   8572 C8573                  1                     720
   8574 C8575                  1                     720
   8575 C8576                  1                     720
   8576 C8577                  1                     720
   8579 C8580                  1                     720
   8586 C8587                  1                     720
   8587 C8588                  1                     720
   8588 C8589                  1                     720
   8589 C8590                  1                     720
   8590 C8591                  1                     720
   8592 C8593                  1                     720
   8594 C8595                  1                     720
   8595 C8596                  1                     720
   8598 C8599                  1                     720
