Optimal - objective value -132.87313695
      2 x3                     1                67.76869
      5 x6                     1                14.89405
      8 x9                     1                 114.034
      9 x10                    1                 114.034
     10 x11                    1                67.76869
     13 x14                    1              -101.87078
     16 x17                    1                 114.034
     17 x18                    1                 114.034
     18 x19                    1                 114.034
     20 x21                    1                67.76869
     26 x27                    1               -31.37126
     30 x31                    1               -31.37126
     32 x33                    1                 114.034
     33 x34                    1                 114.034
     34 x35                    1                 114.034
     37 x38                    1              -167.96408
     42 x43                    1               -26.96504
     46 x47                    1                 8.28472
     54 x55                 2.73                       0
     57 x58                 3.77                       0
     65 x66                 0.52                       0
     69 x70                 4.16                       0
     74 x75                 0.52                       0
     77 x78                 2.34                       0
     80 x81                22.23                       0
     85 x86                 3.64                       0
     96 x97                 2.73                       0
    104 x105                0.52                       0
    110 x111                0.26                       0
    118 x119                3.38                       0
    126 x127                1.82                       0
    134 x135                0.26                       0
    142 x143                3.38                       0
    150 x151                1.82                       0
    158 x159                0.26                       0
    162 x163                2.73                       0
    165 x166                3.51                       0
    168 x169                0.26                       0
    173 x174                 3.9                       0
    176 x177           15.930001                       0
    177 x178                 2.5                       0
    178 x179                0.94                       0
    180 x181                2.73                       0
    186 x187                3.38                       0
    190 x191                3.38                       0
    197 x198                0.52                       0
    201 x202                4.94                       0
    205 x206                1.04                       0
    209 x210                7.28                       0
    225 x226                4.42                       0
    230 x231                0.26                       0
    238 x239                3.51                       0
    246 x247                 1.3                       0
    254 x255                0.26                       0
    258 x259                0.26                       0
    262 x263                3.51                       0
    270 x271                0.26                       0
    278 x279                3.12                       0
    286 x287                0.78                       0
    294 x295                0.26                       0
    298 x299                0.26                       0
    302 x303                3.12                       0
    310 x311                0.26                       0
    314 x315                0.26                       0
    318 x319                2.73                       0
    321 x322                3.77                       0
    326 x327                0.26                       0
    329 x330                0.52                       0
    333 x334                4.16                       0
    338 x339                0.52                       0
    341 x342                2.34                       0
    344 x345               22.23                       0
    349 x350                3.64                       0
    354 x355                0.26                       0
    357 x358                0.26                       0
    360 x361                2.73                       0
    365 x366                0.26                       0
    368 x369                0.52                       0
    374 x375                0.26                       0
    377 x378                0.26                       0
    382 x383                3.38                       0
    385 x386                0.26                       0
    390 x391                1.82                       0
    392 x393                0.26                       0
    398 x399                0.26                       0
    401 x402                0.26                       0
    406 x407                3.38                       0
    409 x410                0.26                       0
    414 x415                1.82                       0
    416 x417                0.26                       0
    422 x423                0.26                       0
    426 x427                2.73                       0
    429 x430                3.51                       0
    432 x433                0.26                       0
    437 x438                 3.9                       0
    440 x441           15.930001                       0
    441 x442                 2.5                       0
    442 x443                0.94                       0
    444 x445                2.73                       0
    450 x451                3.38                       0
    454 x455                3.38                       0
    458 x459                0.26                       0
    461 x462                0.52                       0
    465 x466                4.94                       0
    469 x470                1.04                       0
    473 x474                7.28                       0
    476 x477                0.26                       0
    482 x483                0.26                       0
    486 x487                0.52                       0
    489 x490                4.42                       0
    494 x495                0.26                       0
    497 x498                0.26                       0
    502 x503                3.51                       0
    505 x506                0.26                       0
    510 x511                 1.3                       0
    512 x513                0.26                       0
    518 x519                0.26                       0
    522 x523                0.26                       0
    526 x527                3.51                       0
    529 x530                0.52                       0
    534 x535                0.26                       0
    537 x538                0.26                       0
    542 x543                3.12                       0
    545 x546                0.26                       0
    550 x551                0.78                       0
    552 x553                0.26                       0
    558 x559                0.26                       0
    562 x563                0.26                       0
    566 x567                3.12                       0
    569 x570                0.52                       0
    574 x575                0.26                       0
    577 x578                0.26                       0
    582 x583                2.73                       0
    585 x586                3.77                       0
    589 x590                0.26                       0
    593 x594                0.52                       0
    597 x598                4.16                       0
    602 x603                0.52                       0
    605 x606                2.34                       0
    608 x609               22.23                       0
    613 x614                3.64                       0
    616 x617                0.26                       0
    620 x621                0.26                       0
    624 x625                2.73                       0
    628 x629                0.26                       0
    632 x633                0.52                       0
    638 x639                0.26                       0
    642 x643                0.26                       0
    646 x647                3.38                       0
    650 x651                0.26                       0
    654 x655                1.82                       0
    658 x659                0.26                       0
    662 x663                0.26                       0
    666 x667                0.26                       0
    670 x671                3.38                       0
    674 x675                0.26                       0
    678 x679                1.82                       0
    682 x683                0.26                       0
    686 x687                0.26                       0
    690 x691                2.73                       0
    693 x694                3.51                       0
    696 x697                0.26                       0
    701 x702                 3.9                       0
    704 x705           15.930001                       0
    705 x706                 2.5                       0
    706 x707                0.94                       0
    708 x709                2.73                       0
    714 x715                3.38                       0
    718 x719                3.38                       0
    721 x722                0.26                       0
    725 x726                0.52                       0
    729 x730                4.94                       0
    733 x734                1.04                       0
    737 x738                7.28                       0
    741 x742                0.26                       0
    745 x746                0.26                       0
    749 x750                0.52                       0
    753 x754                4.42                       0
    758 x759                0.26                       0
    762 x763                0.26                       0
    766 x767                3.51                       0
    770 x771                0.26                       0
    774 x775                 1.3                       0
    778 x779                0.26                       0
    782 x783                0.26                       0
    786 x787                0.26                       0
    790 x791                3.51                       0
    794 x795                0.52                       0
    798 x799                0.26                       0
    802 x803                0.26                       0
    806 x807                3.12                       0
    810 x811                0.26                       0
    814 x815                0.78                       0
    818 x819                0.26                       0
    822 x823                0.26                       0
    826 x827                0.26                       0
    830 x831                3.12                       0
    834 x835                0.52                       0
    838 x839                0.26                       0
