Stopped on time - objective value 402.00000000
      0 xx0                  500                       0
      1 x1                     1                      -1
      2 x2                     1                      -1
      3 x3                     1                      -1
      4 x4                     1                      -1
      5 x5                     1                      -1
      6 x6                     1                      -1
      7 x7                     1                      -1
      8 x8                     1                      -1
      9 x9                     1                      -1
     10 x10                    1                      -1
     11 x11                    1                      -1
     13 x13                    1                      -1
     15 x15                    1                      -1
     16 x16                    1                      -1
     17 x17                    1                      -1
     18 x18                    1                      -1
     19 x19                    1                      -1
     20 x20                    1                      -1
     21 x21                    1                      -1
     22 x22                    1                      -1
     23 x23                    1                      -1
     24 x24                    1                      -1
     25 x25                    1                      -1
     26 x26                    1                      -1
     27 x27                    1                      -1
     28 x28                    1                      -1
     29 x29                    1                      -1
     30 x30                    1                      -1
     31 x31                    1                      -1
     32 x32                    1                      -1
     33 x33                    1                      -1
     34 x34                    1                      -1
     35 x35                    1                      -1
     36 x36                    1                      -1
     37 x37                    1                      -1
     38 x38                    1                      -1
     39 x39                    1                      -1
     40 x40                    1                      -1
     41 x41                    1                      -1
     42 x42                    1                      -1
     43 x43                    1                      -1
     44 x44                    1                      -1
     45 x45                    1                      -1
     46 x46                    1                      -1
     47 x47                    1                      -1
     48 x48                    1                      -1
     49 x49                    1                      -1
     50 x50                    1                      -1
     51 x51                    1                      -1
     52 x52                    1                      -1
     53 x53                    1                      -1
     54 x54                    1                      -1
     55 x55                    1                      -1
     56 x56                    1                      -1
     57 x57                    1                      -1
     58 x58                    1                      -1
     59 x59                    1                      -1
     60 x60                    1                      -1
     61 x61                    1                      -1
     62 x62                    1                      -1
     63 x63                    1                      -1
     64 x64                    1                      -1
     65 x65                    1                      -1
     66 x66                    1                      -1
     67 x67                    1                      -1
     68 x68                    1                      -1
     69 x69                    1                      -1
     70 x70                    1                      -1
     71 x71                    1                      -1
     72 x72                    1                      -1
     73 x73                    1                      -1
     74 x74                    1                      -1
     75 x75                    1                      -1
     76 x76                    1                      -1
     77 x77                    1                      -1
     78 x78                    1                      -1
     79 x79                    1                      -1
     80 x80                    1                      -1
     81 x81                    1                      -1
     82 x82                    1                      -1
     83 x83                    1                      -1
     84 x84                    1                      -1
     85 x85                    1                      -1
     87 x87                    1                      -1
     88 x88                    1                      -1
     89 x89                    1                      -1
     90 x90                    1                      -1
     91 x91                    1                      -1
     92 x92                    1                      -1
     93 x93                    1                      -1
     94 x94                    1                      -1
     96 x96                    1                      -1
     97 x97                    1                      -1
     98 x98                    1                      -1
    100 x100                   1                      -1
    101 x101                   1                      -1
    102 x102                   1                      -1
    103 x103                   1                      -1
    104 x516                   1                       0
    106 x518                   1                       0
    108 x520                   1                       0
    109 x521                   1                       0
    110 x522                   1                       0
    112 x524                   1                       0
    115 x527                   1                       0
    116 x528                   1                       0
    118 x530                   1                       0
    121 x533                   1                       0
    122 x534                   1                       0
    125 x537                   1                       0
    127 x539                   1                       0
    128 x540                   1                       0
    131 x543                   1                       0
    133 x545                   1                       0
    137 x549                   1                       0
    140 x552                   1                       0
    141 x553                   1                       0
    142 x554                   1                       0
    144 x556                   1                       0
    146 x558                   1                       0
    147 x559                   1                       0
    148 x560                   1                       0
    150 x562                   1                       0
    153 x565                   1                       0
    154 x566                   1                       0
    160 x572                   1                       0
    165 x577                   1                       0
    168 x580                   1                       0
    170 x582                   1                       0
    173 x585                   1                       0
    174 x586                   1                       0
    176 x588                   1                       0
    181 x593                   1                       0
    182 x594                   1                       0
    183 x595                   1                       0
    184 x596                   1                       0
    188 x600                   1                       0
    191 x603                   1                       0
    193 x605                   1                       0
    195 x607                   1                       0
    197 x609                   1                       0
    200 x612                   1                       0
    202 x614                   1                       0
    204 x616                   1                       0
    207 x619                   1                       0
    209 x621                   1                       0
    210 x622                   1                       0
    212 x624                   1                       0
    214 x626                   1                       0
    218 x630                   1                       0
    220 x632                   1                       0
    223 x635                   1                       0
    225 x637                   1                       0
    227 x639                   1                       0
    230 x642                   1                       0
    231 x643                   1                       0
    234 x646                   1                       0
    236 x648                   1                       0
    237 x649                   1                       0
    239 x651                   1                       0
    240 x652                   1                       0
    241 x653                   1                       0
    244 x656                   1                       0
    265 x677                   1                       0
    268 x680                   1                       0
    270 x682                   1                       0
    271 x683                   1                       0
    273 x685                   1                       0
    275 x687                   1                       0
    278 x690                   1                       0
    279 x691                   1                       0
    281 x693                   1                       0
    283 x695                   1                       0
    289 x701                   1                       0
    306 x718                   1                       0
    307 x719                   1                       0
    308 x720                   1                       0
    309 x721                   1                       0
    312 x724                   1                       0
    313 x725                   1                       0
    321 x733                   1                       0
    322 x734                   1                       0
    324 x736                   1                       0
    326 x738                   1                       0
    329 x741                   1                       0
    331 x743                   1                       0
    332 x744                   1                       0
    335 x747                   1                       0
    336 x748                   1                       0
    338 x750                   1                       0
    341 x753                   1                       0
    342 x754                   1                       0
    344 x756                   1                       0
    346 x758                   1                       0
    348 x760                   1                       0
    351 x763                   1                       0
    354 x766                   1                       0
    355 x767                   1                       0
    357 x769                   1                       0
    359 x771                   1                       0
    361 x773                   1                       0
    364 x776                   1                       0
    365 x777                   1                       0
    366 x778                   1                       0
    367 x779                   1                       0
    370 x782                   1                       0
    371 x783                   1                       0
    373 x785                   1                       0
    375 x787                   1                       0
    377 x789                   1                       0
    378 x790                   1                       0
    379 x791                   1                       0
    383 x795                   1                       0
    385 x797                   1                       0
    386 x798                   1                       0
    388 x800                   1                       0
    390 x802                   1                       0
    393 x805                   1                       0
    395 x807                   1                       0
    397 x809                   1                       0
    398 x810                   1                       0
    400 x812                   1                       0
    401 x813                   1                       0
    402 x814                   1                       0
    405 x817                   1                       0
    411 x823                   1                       0
    412 x824                   1                       0
    415 x827                   1                       0
    417 x829                   1                       0
    418 x830                   1                       0
    421 x833                   1                       0
    423 x835                   1                       0
    425 x837                   1                       0
    426 x838                   1                       0
    429 x841                   1                       0
    431 x843                   1                       0
    432 x844                   1                       0
    435 x847                   1                       0
    437 x849                   1                       0
    438 x850                   1                       0
    441 x853                   1                       0
    442 x854                   1                       0
    446 x858                   1                       0
    448 x860                   1                       0
    450 x862                   1                       0
    453 x865                   1                       0
    455 x867                   1                       0
    456 x868                   1                       0
    458 x870                   1                       0
    461 x873                   1                       0
    462 x874                   1                       0
    464 x876                   1                       0
    466 x878                   1                       0
    470 x882                   1                       0
    473 x885                   1                       0
    474 x886                   1                       0
    477 x889                   1                       0
    478 x890                   1                       0
    480 x892                   1                       0
    482 x894                   1                       0
    484 x896                   1                       0
    486 x898                   1                       0
    489 x901                   1                       0
    490 x902                   1                       0
    493 x905                   1                       0
    494 x906                   1                       0
    496 x908                   1                       0
    499 x911                   1                       0
    501 x913                   1                       0
    503 x915                   1                       0
    506 x918                   1                       0
    508 x920                   1                       0
    510 x922                   1                       0
    512 x924                   1                       0
    513 x925                   1                       0
    517 x929                   1                       0
    518 x930                   1                       0
    520 x932                   1                       0
    524 x936                   1                       0
    527 x939                   1                       0
    528 x940                   1                       0
    530 x942                   1                       0
    533 x945                   1                       0
    535 x947                   1                       0
    537 x949                   1                       0
    540 x952                   1                       0
    542 x954                   1                       0
    545 x957                   1                       0
    547 x959                   1                       0
    549 x961                   1                       0
    552 x964                   1                       0
    553 x965                   1                       0
    556 x968                   1                       0
    557 x969                   1                       0
    560 x972                   1                       0
    561 x973                   1                       0
    564 x976                   1                       0
    565 x977                   1                       0
    569 x981                   1                       0
    571 x983                   1                       0
    573 x985                   1                       0
    574 x986                   1                       0
    576 x988                   1                       0
    580 x992                   1                       0
    581 x993                   1                       0
    583 x995                   1                       0
    585 x997                   1                       0
    588 x1000                  1                       0
    590 x1002                  1                       0
    592 x1004                  1                       0
    593 x1005                  1                       0
    596 x1008                  1                       0
    597 x1009                  1                       0
    600 x1012                  1                       0
    601 x1013                  1                       0
    603 x1015                  1                       0
    605 x1017                  1                       0
    608 x1020                  1                       0
    610 x1022                  1                       0
    611 x1023                  1                       0
    614 x1026                  1                       0
    616 x1028                  1                       0
    617 x1029                  1                       0
    620 x1032                  1                       0
    621 x1033                  1                       0
    624 x1036                  1                       0
    625 x1037                  1                       0
    627 x1039                  1                       0
    631 x1043                  1                       0
    634 x1046                  1                       0
    635 x1047                  1                       0
    638 x1050                  1                       0
    640 x1052                  1                       0
    643 x1055                  1                       0
    645 x1057                  1                       0
    648 x1060                  1                       0
    650 x1062                  1                       0
    651 x1063                  1                       0
    653 x1065                  1                       0
    655 x1067                  1                       0
    659 x1071                  1                       0
    660 x1072                  1                       0
    661 x1073                  1                       0
    662 x1074                  1                       0
    666 x1078                  1                       0
    667 x1079                  1                       0
    668 x1080                  1                       0
    671 x1083                  1                       0
    675 x1087                  1                       0
    676 x1088                  1                       0
    679 x1091                  1                       0
    680 x1092                  1                       0
    682 x1094                  1                       0
    684 x1096                  1                       0
    686 x1098                  1                       0
    690 x1102                  1                       0
    692 x1104                  1                       0
    693 x1105                  1                       0
    695 x1107                  1                       0
    697 x1109                  1                       0
    700 x1112                  1                       0
    701 x1113                  1                       0
    703 x1115                  1                       0
    706 x1118                  1                       0
    707 x1119                  1                       0
    714 x1126                  1                       0
    716 x1128                  1                       0
    717 x1129                  1                       0
    719 x1131                  1                       0
    721 x1133                  1                       0
    724 x1136                  1                       0
    725 x1137                  1                       0
    727 x1139                  1                       0
    729 x1141                  1                       0
    731 x1143                  1                       0
    734 x1146                  1                       0
    735 x1147                  1                       0
    739 x1151                  1                       0
    741 x1153                  1                       0
    743 x1155                  1                       0
    749 x1161                  1                       0
    751 x1163                  1                       0
    753 x1165                  1                       0
    759 x1171                  1                       0
    761 x1173                  1                       0
    769 x107                   1                       0
    771 x109                   1                       0
    776 x114                   1                       0
    781 x119                   1                       0
    785 x123                   1                       0
    789 x127                   1                       0
    792 x130                   1                       0
    795 x133                   1                       0
    800 x138                   1                       0
    802 x140                   1                       0
    806 x144                   1                       0
    815 x153                   1                       0
    822 x160                   1                       0
    824 x162                   1                       0
    827 x165                   1                       0
    831 x169                   1                       0
    837 x175                   1                       0
    840 x178                   1                       0
    843 x181                   1                       0
    849 x187                   1                       0
    853 x191                   1                       0
    856 x194                   1                       0
    859 x197                   1                       0
    865 x203                   1                       0
    869 x207                   1                       0
    873 x211                   1                       0
    877 x215                   1                       0
    881 x219                   1                       0
    883 x221                   1                       0
    888 x226                   1                       0
    893 x231                   1                       0
    894 x232                   1                       0
    899 x237                   1                       0
    905 x243                   1                       0
    906 x244                   1                       0
    912 x250                   1                       0
    916 x254                   1                       0
    921 x259                   1                       0
    923 x261                   1                       0
    928 x266                   1                       0
    933 x271                   1                       0
    937 x275                   1                       0
    941 x279                   1                       0
    945 x283                   1                       0
    946 x284                   1                       0
    953 x291                   1                       0
    957 x295                   1                       0
    959 x297                   1                       0
    965 x303                   1                       0
    969 x307                   1                       0
    972 x310                   1                       0
    975 x313                   1                       0
    981 x319                   1                       0
    985 x323                   1                       0
    989 x327                   1                       0
    993 x331                   1                       0
    997 x335                   1                       0
    999 x337                   1                       0
   1003 x341                   1                       0
   1007 x345                   1                       0
   1011 x349                   1                       0
   1015 x353                   1                       0
   1021 x359                   1                       0
   1024 x362                   1                       0
   1027 x365                   1                       0
   1033 x371                   1                       0
   1036 x374                   1                       0
   1040 x378                   1                       0
   1044 x382                   1                       0
   1049 x387                   1                       0
   1053 x391                   1                       0
   1054 x392                   1                       0
   1059 x397                   1                       0
   1063 x401                   1                       0
   1067 x405                   1                       0
   1073 x411                   1                       0
   1074 x412                   1                       0
   1078 x416                   1                       0
   1083 x421                   1                       0
   1087 x425                   1                       0
   1091 x429                   1                       0
   1097 x435                   1                       0
   1101 x439                   1                       0
   1105 x443                   1                       0
   1113 x451                   1                       0
   1115 x453                   1                       0
   1121 x459                   1                       0
   1125 x463                   1                       0
   1126 x464                   1                       0
   1133 x471                   1                       0
   1137 x475                   1                       0
   1140 x478                   1                       0
   1149 x487                   1                       0
   1153 x491                   1                       0
   1157 x495                   1                       0
   1161 x499                   1                       0
   1165 x503                   1                       0
   1167 x505                   1                       0
   1173 x511                   1                       0
   1177 x515                   1                       0
   1178 x1180                547                       0
   1179 x1181                493                       0
   1180 x1182                171                       0
   1181 x1183                163                       0
   1182 x1178                507                       0
   1183 x1179                171                       0
   1184 x1186                257                       0
   1185 x1187                227                       0
   1186 x1188                138                       0
   1187 x1189                125                       0
   1188 x1184                257                       0
   1189 x1185                129                       0
   1190 x1192                337                       0
   1191 x1193                315                       0
   1192 x1194                123                       0
   1193 x1195                115                       0
   1194 x1190                337                       0
   1195 x1191                115                       0
   1196 x1198                180                       0
   1197 x1199                148                       0
   1198 x1200                 42                       0
   1199 x1201                 33                       0
   1200 x1196                163                       0
   1201 x1197                 42                       0
   1202 x1204                529                       0
   1203 x1205                500                       0
   1204 x1206                 55                       0
   1205 x1207                 46                       0
   1206 x1202                514                       0
   1207 x1203                 55                       0
   1208 x1210                560                       0
   1209 x1211                529                       0
   1210 x1212                 50                       0
   1211 x1213                 41                       0
   1212 x1208                533                       0
   1213 x1209                 50                       0
   1214 x1216                441                       0
   1215 x1217                400                       0
   1216 x1218                 79                       0
   1217 x1219                 71                       0
   1218 x1214                421                       0
   1219 x1215                 71                       0
   1220 x1222                118                       0
   1221 x1223                 83                       0
   1222 x1224                133                       0
   1223 x1225                125                       0
   1224 x1220                118                       0
   1225 x1221                130                       0
   1226 x1228                 28                       0
   1228 x1230                 33                       0
   1229 x1231                 25                       0
   1230 x1226                 27                       0
   1231 x1227                 25                       0
   1232 x1234                198                       0
   1233 x1235                171                       0
   1234 x1236                 18                       0
   1235 x1237                  9                       0
   1236 x1232                171                       0
   1237 x1233                 18                       0
   1238 x1240                148                       0
   1239 x1241                 78                       0
   1240 x1242                 41                       0
   1241 x1243                 33                       0
   1242 x1238                 78                       0
   1243 x1239                 39                       0
   1244 x1246                498                       0
   1245 x1247                462                       0
   1246 x1248                 51                       0
   1247 x1249                 42                       0
   1248 x1244                498                       0
   1249 x1245                 51                       0
   1250 x1252                500                       0
   1251 x1253                438                       0
   1252 x1254                 57                       0
   1253 x1255                 49                       0
   1254 x1250                500                       0
   1255 x1251                 56                       0
   1256 x1258                518                       0
   1257 x1259                435                       0
   1258 x1260                 65                       0
   1259 x1261                 57                       0
   1260 x1256                502                       0
   1261 x1257                 58                       0
   1262 x1264                578                       0
   1263 x1265                546                       0
   1264 x1266                 67                       0
   1265 x1267                 58                       0
   1266 x1262                546                       0
   1267 x1263                 58                       0
   1268 x1270                545                       0
   1269 x1271                506                       0
   1270 x1272                 88                       0
   1271 x1273                 80                       0
   1272 x1268                545                       0
   1273 x1269                 82                       0
   1274 x1276                329                       0
   1275 x1277                288                       0
   1276 x1278                 76                       0
   1277 x1279                 68                       0
   1278 x1274                329                       0
   1279 x1275                 70                       0
   1280 x1282                305                       0
   1281 x1283                272                       0
   1282 x1284                112                       0
   1283 x1285                103                       0
   1284 x1280                301                       0
   1285 x1281                112                       0
   1286 x1288                264                       0
   1287 x1289                240                       0
   1288 x1290                183                       0
   1289 x1291                175                       0
   1290 x1286                259                       0
   1291 x1287                175                       0
   1292 x1294                 79                       0
   1293 x1295                 36                       0
   1294 x1296                 69                       0
   1295 x1297                 60                       0
   1296 x1292                 79                       0
   1297 x1293                 60                       0
   1298 x1300                148                       0
   1299 x1301                 79                       0
   1300 x1302                 59                       0
   1301 x1303                 51                       0
   1302 x1298                 80                       0
   1303 x1299                 59                       0
   1304 x1306                272                       0
   1305 x1307                252                       0
   1306 x1308                114                       0
   1307 x1309                105                       0
   1308 x1304                252                       0
   1309 x1305                114                       0
   1310 x1312                540                       0
   1311 x1313                518                       0
   1312 x1314                 65                       0
   1313 x1315                 57                       0
   1314 x1310                529                       0
   1315 x1311                 57                       0
   1316 x1318                101                       0
   1317 x1319                 60                       0
   1318 x1320                 51                       0
   1319 x1321                 43                       0
   1320 x1316                101                       0
   1321 x1317                 45                       0
   1322 x1324                353                       0
   1323 x1325                326                       0
   1324 x1326                176                       0
   1325 x1327                168                       0
   1326 x1322                353                       0
   1327 x1323                176                       0
   1328 x1330                108                       0
   1329 x1331                 88                       0
   1330 x1332                125                       0
   1331 x1333                116                       0
   1332 x1328                108                       0
   1333 x1329                125                       0
   1334 x1336                 18                       0
   1336 x1338                 25                       0
   1337 x1339                 16                       0
   1338 x1334                  2                       0
   1339 x1335                 25                       0
   1340 x1342                437                       0
   1341 x1343                375                       0
   1342 x1344                185                       0
   1343 x1345                176                       0
   1344 x1340                410                       0
   1345 x1341                185                       0
   1346 x1348                366                       0
   1347 x1349                324                       0
   1348 x1350                160                       0
   1349 x1351                151                       0
   1350 x1346                345                       0
   1351 x1347                160                       0
   1352 x1354                177                       0
   1353 x1355                158                       0
   1354 x1356                127                       0
   1355 x1357                119                       0
   1356 x1352                177                       0
   1357 x1353                126                       0
   1358 x1360                558                       0
   1359 x1361                521                       0
   1360 x1362                199                       0
   1361 x1363                191                       0
   1362 x1358                558                       0
   1363 x1359                191                       0
   1364 x1366                347                       0
   1365 x1367                305                       0
   1366 x1368                112                       0
   1367 x1369                104                       0
   1368 x1364                318                       0
   1369 x1365                112                       0
   1370 x1372                179                       0
   1371 x1373                145                       0
   1372 x1374                135                       0
   1373 x1375                127                       0
   1374 x1370                145                       0
   1375 x1371                131                       0
   1376 x1378                273                       0
   1377 x1379                250                       0
   1378 x1380                125                       0
   1379 x1381                114                       0
   1380 x1376                273                       0
   1381 x1377                116                       0
   1382 x1384                311                       0
   1383 x1385                265                       0
   1384 x1386                162                       0
   1385 x1387                154                       0
   1386 x1382                292                       0
   1387 x1383                162                       0
   1388 x1390                 24                       0
   1390 x1392                  8                       0
   1394 x1396                369                       0
   1395 x1397                314                       0
   1396 x1398                 94                       0
   1397 x1399                 85                       0
   1398 x1394                360                       0
   1399 x1395                 85                       0
   1400 x1402                216                       0
   1401 x1403                179                       0
   1402 x1404                133                       0
   1403 x1405                125                       0
   1404 x1400                213                       0
   1405 x1401                125                       0
   1406 x1408                334                       0
   1407 x1409                299                       0
   1408 x1410                 52                       0
   1409 x1411                 43                       0
   1410 x1406                327                       0
   1411 x1407                 52                       0
   1412 x1414                152                       0
   1413 x1415                123                       0
   1414 x1416                127                       0
   1415 x1417                119                       0
   1416 x1412                152                       0
   1417 x1413                124                       0
   1418 x1420                511                       0
   1419 x1421                487                       0
   1420 x1422                 76                       0
   1421 x1423                 68                       0
   1422 x1418                499                       0
   1423 x1419                 68                       0
   1424 x1426                203                       0
   1425 x1427                165                       0
   1426 x1428                 60                       0
   1427 x1429                 51                       0
   1428 x1424                184                       0
   1429 x1425                 60                       0
   1430 x1432                473                       0
   1431 x1433                448                       0
   1432 x1434                 34                       0
   1433 x1435                 25                       0
   1434 x1430                473                       0
   1435 x1431                 34                       0
   1436 x1438                188                       0
   1437 x1439                175                       0
   1438 x1440                184                       0
   1439 x1441                176                       0
   1440 x1436                188                       0
   1441 x1437                184                       0
   1442 x1444                211                       0
   1443 x1445                174                       0
   1444 x1446                118                       0
   1445 x1447                109                       0
   1446 x1442                211                       0
   1447 x1443                118                       0
   1448 x1450                252                       0
   1449 x1451                213                       0
   1450 x1452                125                       0
   1451 x1453                117                       0
   1452 x1448                213                       0
   1453 x1449                119                       0
   1454 x1456                131                       0
   1455 x1457                 57                       0
   1456 x1458                174                       0
   1457 x1459                165                       0
   1458 x1454                131                       0
   1459 x1455                174                       0
   1460 x1462                357                       0
   1461 x1463                332                       0
   1462 x1464                 76                       0
   1463 x1465                 67                       0
   1464 x1460                357                       0
   1465 x1461                 76                       0
   1466 x1468                361                       0
   1467 x1469                282                       0
   1468 x1470                 84                       0
   1469 x1471                 76                       0
   1470 x1466                361                       0
   1471 x1467                 76                       0
   1472 x1474                522                       0
   1473 x1475                493                       0
   1474 x1476                181                       0
   1475 x1477                172                       0
   1476 x1472                493                       0
   1477 x1473                181                       0
   1478 x1480                400                       0
   1479 x1481                369                       0
   1480 x1482                 80                       0
   1481 x1483                 71                       0
   1482 x1478                400                       0
   1483 x1479                 80                       0
   1484 x1486                572                       0
   1485 x1487                547                       0
   1486 x1488                 77                       0
   1487 x1489                 69                       0
   1488 x1484                559                       0
   1489 x1485                 69                       0
   1490 x1492                188                       0
   1491 x1493                162                       0
   1492 x1494                 27                       0
   1493 x1495                 18                       0
   1494 x1490                188                       0
   1495 x1491                 27                       0
   1496 x1498                151                       0
   1497 x1499                118                       0
   1498 x1500                119                       0
   1499 x1501                111                       0
   1500 x1496                151                       0
   1501 x1497                119                       0
   1502 x1504                301                       0
   1503 x1505                263                       0
   1504 x1506                 67                       0
   1505 x1507                 58                       0
   1506 x1502                301                       0
   1507 x1503                 67                       0
   1508 x1510                181                       0
   1509 x1511                156                       0
   1510 x1512                 72                       0
   1511 x1513                 63                       0
   1512 x1508                156                       0
   1513 x1509                 72                       0
   1514 x1516                220                       0
   1515 x1517                153                       0
   1516 x1518                 80                       0
   1517 x1519                 72                       0
   1518 x1514                158                       0
   1519 x1515                 80                       0
   1520 x1522                153                       0
   1521 x1523                 86                       0
   1522 x1524                 73                       0
   1523 x1525                 65                       0
   1524 x1520                153                       0
   1525 x1521                 73                       0
   1526 x1528                487                       0
   1527 x1529                453                       0
   1528 x1530                 76                       0
   1529 x1531                 65                       0
   1530 x1526                487                       0
   1531 x1527                 68                       0
   1532 x1534                152                       0
   1533 x1535                105                       0
   1534 x1536                152                       0
   1535 x1537                144                       0
   1536 x1532                152                       0
   1537 x1533                145                       0
   1538 x1540                225                       0
   1539 x1541                177                       0
   1540 x1542                171                       0
   1541 x1543                163                       0
   1542 x1538                225                       0
   1543 x1539                166                       0
   1544 x1546                143                       0
   1545 x1547                 72                       0
   1546 x1548                 16                       0
   1547 x1549                  8                       0
   1548 x1544                143                       0
   1549 x1545                 14                       0
   1550 x1552                 51                       0
   1551 x1553                 14                       0
   1552 x1554                 16                       0
   1553 x1555                  8                       0
   1554 x1550                 51                       0
   1555 x1551                 14                       0
   1556 x1558                515                       0
   1557 x1559                493                       0
   1558 x1560                 40                       0
   1559 x1561                 31                       0
   1560 x1556                493                       0
   1561 x1557                 40                       0
   1562 x1564                557                       0
   1563 x1565                493                       0
   1564 x1566                190                       0
   1565 x1567                182                       0
   1566 x1562                518                       0
   1567 x1563                182                       0
   1568 x1570                179                       0
   1569 x1571                139                       0
   1570 x1572                163                       0
   1571 x1573                155                       0
   1572 x1568                179                       0
   1573 x1569                160                       0
   1574 x1576                178                       0
   1575 x1577                143                       0
   1576 x1578                  8                       0
   1578 x1574                167                       0
   1579 x1575                  8                       0
   1580 x1582                633                       0
   1581 x1583                568                       0
   1582 x1584                 91                       0
   1583 x1585                 83                       0
   1584 x1580                569                       0
   1585 x1581                 83                       0
   1586 x1588                197                       0
   1587 x1589                159                       0
   1588 x1590                103                       0
   1589 x1591                 94                       0
   1590 x1586                197                       0
   1591 x1587                 94                       0
   1592 x1594                568                       0
   1593 x1595                545                       0
   1594 x1596                 91                       0
   1595 x1597                 83                       0
   1596 x1592                553                       0
   1597 x1593                 83                       0
   1598 x1600                493                       0
   1599 x1601                437                       0
   1600 x1602                184                       0
   1601 x1603                175                       0
   1602 x1598                493                       0
   1603 x1599                184                       0
   1604 x1606                299                       0
   1605 x1607                255                       0
   1606 x1608                 55                       0
   1607 x1609                 46                       0
   1608 x1604                268                       0
   1609 x1605                 55                       0
   1610 x1612                584                       0
   1611 x1613                540                       0
   1612 x1614                 58                       0
   1613 x1615                 50                       0
   1614 x1610                540                       0
   1615 x1611                 54                       0
   1616 x1618                172                       0
   1617 x1619                146                       0
   1618 x1620                176                       0
   1619 x1621                168                       0
   1620 x1616                172                       0
   1621 x1617                169                       0
   1622 x1624                143                       0
   1623 x1625                118                       0
   1624 x1626                 24                       0
   1625 x1627                 16                       0
   1626 x1622                143                       0
   1627 x1623                 17                       0
   1628 x1630                 79                       0
   1629 x1631                 39                       0
   1630 x1632                 91                       0
   1631 x1633                 82                       0
   1632 x1628                 79                       0
   1633 x1629                 82                       0
   1634 x1636                265                       0
   1635 x1637                225                       0
   1636 x1638                164                       0
   1637 x1639                155                       0
   1638 x1634                226                       0
   1639 x1635                164                       0
   1640 x1642                572                       0
   1641 x1643                515                       0
   1642 x1644                 41                       0
   1643 x1645                 33                       0
   1644 x1640                515                       0
   1645 x1641                 40                       0
   1646 x1648                208                       0
   1647 x1649                161                       0
   1648 x1650                155                       0
   1649 x1651                146                       0
   1650 x1646                161                       0
   1651 x1647                155                       0
   1652 x1654                 94                       0
   1653 x1655                 73                       0
   1654 x1656                 82                       0
   1655 x1657                 73                       0
   1656 x1652                 94                       0
   1657 x1653                 77                       0
   1658 x1660                169                       0
   1659 x1661                143                       0
   1660 x1662                 16                       0
   1661 x1663                  8                       0
   1662 x1658                169                       0
   1663 x1659                 12                       0
   1664 x1666                 56                       0
   1665 x1667                 25                       0
   1666 x1668                 60                       0
   1667 x1669                 52                       0
   1668 x1664                 56                       0
   1669 x1665                 59                       0
   1670 x1672                237                       0
   1671 x1673                208                       0
   1672 x1674                150                       0
   1673 x1675                142                       0
   1674 x1670                228                       0
   1675 x1671                150                       0
   1676 x1678                237                       0
   1677 x1679                188                       0
   1678 x1680                 35                       0
   1679 x1681                 26                       0
   1680 x1676                215                       0
   1681 x1677                 35                       0
   1682 x1684                255                       0
   1683 x1685                203                       0
   1684 x1686                 58                       0
   1685 x1687                 49                       0
   1686 x1682                233                       0
   1687 x1683                 58                       0
   1688 x1690                524                       0
   1689 x1691                491                       0
   1690 x1692                 65                       0
   1691 x1693                 57                       0
   1692 x1688                491                       0
   1693 x1689                 59                       0
   1694 x1696                 47                       0
   1695 x1697                  2                       0
   1696 x1698                 52                       0
   1697 x1699                 44                       0
   1698 x1694                 47                       0
   1699 x1695                 52                       0
   1700 x1702                531                       0
   1701 x1703                472                       0
   1702 x1704                 96                       0
   1703 x1705                 88                       0
   1704 x1700                531                       0
   1705 x1701                 89                       0
   1706 x1708                240                       0
   1707 x1709                201                       0
   1708 x1710                181                       0
   1709 x1711                172                       0
   1710 x1706                240                       0
   1711 x1707                181                       0
   1712 x1714                 40                       0
   1714 x1716                 44                       0
   1715 x1717                 35                       0
   1716 x1712                 19                       0
   1717 x1713                 44                       0
   1718 x1720                190                       0
   1719 x1721                155                       0
   1720 x1722                144                       0
   1721 x1723                135                       0
   1722 x1718                155                       0
   1723 x1719                144                       0
   1724 x1726                274                       0
   1725 x1727                257                       0
   1726 x1728                154                       0
   1727 x1729                145                       0
   1728 x1724                274                       0
   1729 x1725                154                       0
   1730 x1732                600                       0
   1731 x1733                572                       0
   1732 x1734                 76                       0
   1733 x1735                 67                       0
   1734 x1730                572                       0
   1735 x1731                 76                       0
   1736 x1738                396                       0
   1737 x1739                347                       0
   1738 x1740                108                       0
   1739 x1741                 99                       0
   1740 x1736                367                       0
   1741 x1737                 99                       0
   1742 x1744                518                       0
   1743 x1745                466                       0
   1744 x1746                 49                       0
   1745 x1747                 41                       0
   1746 x1742                518                       0
   1747 x1743                 49                       0
   1748 x1750                381                       0
   1749 x1751                349                       0
   1750 x1752                 56                       0
   1751 x1753                 47                       0
   1752 x1748                381                       0
   1753 x1749                 56                       0
   1754 x1756                239                       0
   1755 x1757                211                       0
   1756 x1758                112                       0
   1757 x1759                104                       0
   1758 x1754                229                       0
   1759 x1755                112                       0
   1760 x1762                186                       0
   1761 x1763                145                       0
   1762 x1764                 89                       0
   1763 x1765                 80                       0
   1764 x1760                186                       0
   1765 x1761                 89                       0
   1766 x1768                156                       0
   1767 x1769                127                       0
   1768 x1770                141                       0
   1769 x1771                132                       0
   1770 x1766                156                       0
   1771 x1767                141                       0
   1772 x1774                555                       0
   1773 x1775                533                       0
   1774 x1776                 33                       0
   1775 x1777                 24                       0
   1776 x1772                555                       0
   1777 x1773                 33                       0
   1778 x1780                505                       0
   1779 x1781                446                       0
   1780 x1782                 65                       0
   1781 x1783                 57                       0
   1782 x1778                505                       0
   1783 x1779                 58                       0
   1784 x1786                547                       0
   1785 x1787                511                       0
   1786 x1788                 80                       0
   1787 x1789                 71                       0
   1788 x1784                520                       0
   1789 x1785                 80                       0
   1790 x1792                149                       0
   1791 x1793                119                       0
   1792 x1794                144                       0
   1793 x1795                135                       0
   1794 x1790                149                       0
   1795 x1791                144                       0
