Stopped on time (no integer solution - continuous used) - objective value 0.00000000
    999 B999(18)               0.25                       0
   1031 B1031(6)               0.25                       0
   1063 B1063(6)               0.25                       0
   1095 B1095(18)              0.25                       0
   1158 B1158(112)             0.25                       0
   1168 B1168(4)                  1                       0
   1177 B1177(4)                  1                       0
   1186 B1186(4)                  1                       0
   1195 B1195(4)                  1                       0
   1227 B1227(28)              0.25                       0
   1268 B1268(4)                  1                       0
   1277 B1277(4)                  1                       0
   1286 B1286(4)                  1                       0
   1295 B1295(4)                  1                       0
   1327 B1327(20)              0.25                       0
   1368 B1368(4)                  1                       0
   1377 B1377(4)                  1                       0
   1386 B1386(4)                  1                       0
   1395 B1395(4)                  1                       0
   1427 B1427(17)              0.25                       0
   1459 B1459(16)              0.25                       0
   1500 B1500(4)                  1                       0
   1509 B1509(4)                  1                       0
   1518 B1518(4)                  1                       0
   1527 B1527(4)                  1                       0
   1559 B1559(12)              0.25                       0
   1591 B1591(20)              0.25                       0
   1632 B1632(4)                  1                       0
   1641 B1641(4)                  1                       0
   1650 B1650(4)                  1                       0
   1659 B1659(4)                  1                       0
   1691 B1691(17)              0.25                       0
   1732 B1732(4)                  1                       0
   1741 B1741(4)                  1                       0
   1750 B1750(4)                  1                       0
   1759 B1759(4)                  1                       0
   1791 B1791(5)               0.25                       0
   1832 B1832(4)                  1                       0
   1841 B1841(4)                  1                       0
   1850 B1850(4)                  1                       0
   1859 B1859(4)                  1                       0
   1891 B1891(5)               0.25                       0
   1923 B1923(17)              0.25                       0
   1955 B1955(5)               0.25                       0
   1987 B1987(5)               0.25                       0
   2019 B2019(17)              0.25                       0
   2060 B2060(4)                  1                       0
   2069 B2069(4)                  1                       0
   2078 B2078(4)                  1                       0
   2087 B2087(4)                  1                       0
   2119 B2119(28)              0.25                       0
   2160 B2160(4)                  1                       0
   2169 B2169(4)                  1                       0
   2178 B2178(4)                  1                       0
   2187 B2187(4)                  1                       0
   2219 B2219(20)              0.25                       0
   2260 B2260(4)                  1                       0
   2269 B2269(4)                  1                       0
   2278 B2278(4)                  1                       0
   2287 B2287(4)                  1                       0
   2319 B2319(17)              0.25                       0
   2351 B2351(16)              0.25                       0
   2392 B2392(4)                  1                       0
   2401 B2401(4)                  1                       0
   2410 B2410(4)                  1                       0
   2419 B2419(4)                  1                       0
   2451 B2451(12)              0.25                       0
   2483 B2483(20)              0.25                       0
   2524 B2524(4)                  1                       0
   2533 B2533(4)                  1                       0
   2542 B2542(4)                  1                       0
   2551 B2551(4)                  1                       0
   2583 B2583(17)              0.25                       0
   2624 B2624(4)                  1                       0
   2633 B2633(4)                  1                       0
   2642 B2642(4)                  1                       0
   2651 B2651(4)                  1                       0
   2683 B2683(5)               0.25                       0
   2724 B2724(4)                  1                       0
   2733 B2733(4)                  1                       0
   2742 B2742(4)                  1                       0
   2751 B2751(4)                  1                       0
   2783 B2783(5)               0.25                       0
   2815 B2815(2)               0.25                       0
   2847 B2847(2)               0.25                       0
   2879 B2879(2)               0.25                       0
   2911 B2911(2)               0.25                       0
