Stopped on time - objective value 147083.00000000
    119 x120                   1                    2160
    151 x152                   1                    1611
    154 x155                   1                    1617
    204 x205                   1                    1668
    220 x221                   1                    1324
    341 x342                   1                    1685
    444 x445                   1                    2032
    598 x599                   1                    2905
    602 x603                   1                    1878
   1438 x1439                  1                    1531
   1445 x1446                  1                    1748
   1506 x1507                  1                    1957
   1539 x1540                  1                    2033
   1580 x1581                  1                    1354
   3628 x3629                  1                    2009
   3828 x3829                  1                    1309
   3832 x3833                  1                    2470
   4225 x4226                  1                    2375
   5616 x5617                  1                    2061
   6213 x6214                  1                    3022
   7341 x7342                  1                    2138
   8485 x8486                  1                    1931
   8815 x8816                  1                    1830
   9085 x9086                  1                    2623
   9463 x9464                  1                    1390
   9880 x9881                  1                    1553
  10230 x10231                 1                    2570
  12011 x12012                 1                    2126
  12166 x12167                 1                    2057
  12955 x12956                 1                    2405
  13484 x13485                 1                    1908
  13568 x13569                 1                    2814
  14645 x14646                 1                    1818
  14671 x14672                 1                    1475
  14919 x14920                 1                    2282
  15013 x15014                 1                    2883
  19671 x19672                 1                    1355
  20246 x20247                 1                    1432
  20369 x20370                 1                    1263
  21302 x21303                 1                    1538
  21310 x21311                 1                    1526
  21511 x21512                 1                    2570
  21664 x21665                 1                    2055
  22647 x22648                 1                    2627
  24276 x24277                 1                    2176
  25268 x25269                 1                    1926
  25424 x25425                 1                    1618
  25438 x25439                 1                    1486
  25914 x25915                 1                    2141
  26941 x26942                 1                    1437
  27709 x27710                 1                    2114
  27810 x27811                 1                    1705
  27858 x27859                 1                    1887
  28064 x28065                 1                    1578
  28800 x28801                 1                    1449
  28875 x28876                 1                    2699
  29002 x29003                 1                    1512
  29083 x29084                 1                    1350
  29095 x29096                 1                    1497
  31320 x31321                 1                    1148
  31326 x31327                 1                    2231
  31467 x31468                 1                    2370
  31616 x31617                 1                    2290
  31928 x31929                 1                    2051
  31966 x31967                 1                    2732
  32030 x32031                 1                    1850
  32193 x32194                 1                    2231
  32573 x32574                 1                    1939
  32605 x32606                 1                    1683
  33316 x33317                 1                    1402
  33727 x33728                 1                    1902
  34596 x34597                 1                    2507
  34617 x34618                 1                    2532
  35255 x35256                 1                    2364
  36161 x36162                 1                    2358
