Optimal - objective value -23502.99372245
      1 y(t,246)                                             1                     300
     20 l(T,0,4,21h,0m,22h,20m)                              1                    14.5
     27 l(P,0,6,19h,20m,20h,40m)                             1                    15.5
     44 e(868,1,0,10)                                        1                    -400
     46 e(890,1,0,10)                                        1                    -400
     48 e(910,1,0,10)                                        1                    -400
     50 e(933,1,0,10)                                        1                    -400
     51 e(937,1,0,10)                                        1                    -400
     53 e(956,1,0,10)                                        1                    -400
     55 e(979,1,0,10)                                        1                    -400
     57 e(999,1,0,10)                                        1                    -400
     59 e(1020,1,0,10)                                       1                    -400
     61 e(1045,1,0,10)                                       1                    -400
     63 e(1067,1,0,10)                                       1                    -400
     64 e(1086,1,0,10)                                       1                    -400
     66 e(1109,1,0,10)                                       1                    -400
     68 e(1131,1,0,10)                                       1                    -400
     70 e(1154,1,0,10)                                       1                    -400
     72 e(1175,1,0,10)                                       1                    -400
     74 e(1196,1,0,10)                                       1                    -400
     76 e(1220,1,0,10)                                       1                    -400
     78 e(1243,1,0,10)                                       1                    -400
     82 e(1308,1,0,10)                                       1                    -400
     89 e(1438,1,0,30)                                       1                    -180
    138 e(3403,1,0,10)                                       1                    -400
    139 e(3428,1,0,10)                                       1                    -400
    140 e(3450,1,0,10)                                       1                    -400
    141 e(3453,1,0,10)                                       1                    -400
    142 e(3481,1,0,10)                                       1                    -400
    143 e(3501,1,0,10)                                       1                    -400
    144 e(3523,1,0,10)                                       1                    -400
    145 e(3546,1,0,10)                                       1                    -400
    146 e(3573,1,0,10)                                       1                    -400
    147 e(3598,1,0,10)                                       1                    -400
    149 e(3618,1,0,10)                                       1                    -400
    150 e(3641,1,0,10)                                       1                    -400
    153 e(3669,1,0,10)                                       1                    -400
    155 e(3692,1,0,10)                                       1                    -400
    157 e(3715,1,0,10)                                       1                    -400
    159 e(3739,1,0,10)                                       1                    -400
    161 e(3765,1,0,10)                                       1                    -400
    163 e(3789,1,0,10)                                       1                    -400
    165 e(3810,1,0,10)                                       1                    -400
    168 e(3857,1,0,10)                                       1                    -400
    169 e(3859,1,0,10)                                       1                    -400
    172 e(3908,1,0,10)                                       1                    -400
    174 e(3931,1,0,10)                                       1                    -400
    176 e(3954,1,0,10)                                       1                    -400
    178 e(3980,1,0,10)                                       1                    -400
    180 e(4005,1,0,10)                                       1                    -400
    182 e(4026,1,0,10)                                       1                    -400
    183 e(4049,1,0,10)                                       1                    -400
    186 e(4077,1,0,10)                                       1                    -400
    187 e(4100,1,0,10)                                       1                    -400
    189 e(4123,1,0,10)                                       1                    -400
    192 e(4172,1,0,10)                                       1                    -400
    239 e(5161,1,0,30)                                       1                    -180
    247 e(5235,1,0,30)                                       1                    -180
    249 e(5257,1,0,30)                                       1                    -180
    251 e(5281,1,0,30)                                       1                    -180
    253 e(5307,1,0,30)                                       1                    -180
    260 e(5402,1,0,30)                                       1                    -180
    262 e(5425,1,0,30)                                       1                    -180
    263 e(5448,1,0,30)                                       1                    -180
    264 e(5473,1,0,30)                                       1                    -180
    266 e(5523,1,0,30)                                       1                    -180
    267 e(5543,1,0,30)                                       1                    -180
    268 e(5590,1,0,30)                                       1                    -180
    269 e(5592,1,0,30)                                       1                    -180
    270 e(5637,1,0,30)                                       1                    -180
    271 e(5660,1,0,30)                                       1                    -180
    272 e(5682,1,0,30)                                       1                    -180
    273 e(5708,1,0,30)                                       1                    -180
    274 e(5732,1,0,30)                                       1                    -180
    275 e(5752,1,0,30)                                       1                    -180
    276 e(5774,1,0,30)                                       1                    -180
    277 e(5801,1,0,30)                                       1                    -180
    278 e(5822,1,0,30)                                       1                    -180
    280 e(5866,1,0,30)                                       1                    -180
    281 e(5891,1,0,30)                                       1                    -180
    282 e(5916,1,0,30)                                       1                    -180
    283 e(5936,1,0,30)                                       1                    -180
    284 e(5985,1,0,30)                                       1                    -180
    293 s(P,245)                                            67                      17
    295 s(P,247)                                            56                      17
    298 s(P,250)                                            55                      17
    299 s(P,251)                                            61                      17
    301 s(P,253)                                            58                      17
    303 s(P,255)                                            30                      17
    304 s(P,256)                                            23                      17
    305 s(P,257)                                            56                      17
    319 t(136,P,247)                                         1              -1208.1095
    341 t(154,P,245)                                         1              -1208.1341
    370 t(177,P,250)                                         1                   -1230
    399 t(192,P,255)                                         1              -1208.0807
    425 t(199,P,257)                                         1               -1208.087
    430 t(238,T,246)                                         1              -1208.1678
    445 t(238,P,253)                                         1              -1208.1678
    472 t(313,P,256)                                         1              -1208.1218
    491 t(340,P,251)                                         1               -1208.125
    503 ud(21,4)                                             1                    1000
    505 ud(21,6)                                             1                    5000
    513 i(T,4,0)                                             1                       0
    520 i(P,6,0)                                             1                       0
    531 bc(T,4,21,00)                                        1                       0
    532 bc(T,4,21,40)                                        1                       0
    557 bc(P,6,19,20)                                        1                       0
    558 bc(P,6,20,00)                                        1                       0
    571 b(4,21,00)                                           1                       0
    572 b(4,21,40)                                           1                       0
    577 b(6,19,20)                                           1                       0
    578 b(6,20,00)                                           1                       0
    738 x(868,T,246)                                         1                       0
    745 us(868,T,21)                                         1                       0
    756 x(868,P,255)                                         1                       0
    762 us(868,P,21)                                         1                       0
    790 x(890,T,246)                                         1                       0
    797 us(890,T,21)                                         1                       0
    804 x(890,P,251)                                         1                       0
    814 us(890,P,21)                                         1                       0
    842 x(910,T,246)                                         1                       0
    849 us(910,T,21)                                         1                       0
    861 x(910,P,256)                                         1                       0
    866 us(910,P,21)                                         1                       0
    894 x(933,T,246)                                         1                       0
    901 us(933,T,21)                                         1                       0
    912 x(933,P,255)                                         1                       0
    918 us(933,P,21)                                         1                       0
    920 x(937,T,246)                                         1                       0
    927 us(937,T,21)                                         1                       0
    939 x(937,P,256)                                         1                       0
    944 us(937,P,21)                                         1                       0
    972 x(956,T,246)                                         1                       0
    979 us(956,T,21)                                         1                       0
    980 x(956,P,245)                                         1                       0
    996 us(956,P,21)                                         1                       0
   1024 x(979,T,246)                                         1                       0
   1031 us(979,T,21)                                         1                       0
   1043 x(979,P,256)                                         1                       0
   1048 us(979,P,21)                                         1                       0
   1076 x(999,T,246)                                         1                       0
   1083 us(999,T,21)                                         1                       0
   1092 x(999,P,253)                                         1                       0
   1100 us(999,P,21)                                         1                       0
   1128 x(1020,T,246)                                        1                       0
   1135 us(1020,T,21)                                        1                       0
   1147 x(1020,P,256)                                        1                       0
   1152 us(1020,P,21)                                        1                       0
   1180 x(1045,T,246)                                        1                       0
   1187 us(1045,T,21)                                        1                       0
   1199 x(1045,P,256)                                        1                       0
   1204 us(1045,P,21)                                        1                       0
   1232 x(1067,T,246)                                        1                       0
   1239 us(1067,T,21)                                        1                       0
   1250 x(1067,P,255)                                        1                       0
   1256 us(1067,P,21)                                        1                       0
   1258 x(1086,T,246)                                        1                       0
   1265 us(1086,T,21)                                        1                       0
   1274 x(1086,P,253)                                        1                       0
   1282 us(1086,P,21)                                        1                       0
   1310 x(1109,T,246)                                        1                       0
   1317 us(1109,T,21)                                        1                       0
   1329 x(1109,P,256)                                        1                       0
   1334 us(1109,P,21)                                        1                       0
   1362 x(1131,T,246)                                        1                       0
   1369 us(1131,T,21)                                        1                       0
   1380 x(1131,P,255)                                        1                       0
   1386 us(1131,P,21)                                        1                       0
   1414 x(1154,T,246)                                        1                       0
   1421 us(1154,T,21)                                        1                       0
   1433 x(1154,P,256)                                        1                       0
   1438 us(1154,P,21)                                        1                       0
   1466 x(1175,T,246)                                        1                       0
   1473 us(1175,T,21)                                        1                       0
   1484 x(1175,P,255)                                        1                       0
   1490 us(1175,P,21)                                        1                       0
   1518 x(1196,T,246)                                        1                       0
   1525 us(1196,T,21)                                        1                       0
   1536 x(1196,P,255)                                        1                       0
   1542 us(1196,P,21)                                        1                       0
   1570 x(1220,T,246)                                        1                       0
   1577 us(1220,T,21)                                        1                       0
   1589 x(1220,P,256)                                        1                       0
   1594 us(1220,P,21)                                        1                       0
   1622 x(1243,T,246)                                        1                       0
   1629 us(1243,T,21)                                        1                       0
   1641 x(1243,P,256)                                        1                       0
   1646 us(1243,P,21)                                        1                       0
   1726 x(1308,T,246)                                        1                       0
   1733 us(1308,T,21)                                        1                       0
   1744 x(1308,P,255)                                        1                       0
   1750 us(1308,P,21)                                        1                       0
   1908 x(1438,T,246)                                        1                       0
   1915 us(1438,T,21)                                        1                       0
   1927 x(1438,P,256)                                        1                       0
   1932 us(1438,P,21)                                        1                       0
   3182 x(3403,T,246)                                        1                       0
   3189 us(3403,T,21)                                        1                       0
   3201 x(3403,P,256)                                        1                       0
   3206 us(3403,P,21)                                        1                       0
   3208 x(3428,T,246)                                        1                       0
   3215 us(3428,T,21)                                        1                       0
   3227 x(3428,P,256)                                        1                       0
   3232 us(3428,P,21)                                        1                       0
   3234 x(3450,T,246)                                        1                       0
   3241 us(3450,T,21)                                        1                       0
   3253 x(3450,P,256)                                        1                       0
   3258 us(3450,P,21)                                        1                       0
   3260 x(3453,T,246)                                        1                       0
   3267 us(3453,T,21)                                        1                       0
   3276 x(3453,P,253)                                        1                       0
   3284 us(3453,P,21)                                        1                       0
   3286 x(3481,T,246)                                        1                       0
   3293 us(3481,T,21)                                        1                       0
   3305 x(3481,P,256)                                        1                       0
   3310 us(3481,P,21)                                        1                       0
   3312 x(3501,T,246)                                        1                       0
   3319 us(3501,T,21)                                        1                       0
   3331 x(3501,P,256)                                        1                       0
   3336 us(3501,P,21)                                        1                       0
   3338 x(3523,T,246)                                        1                       0
   3345 us(3523,T,21)                                        1                       0
   3356 x(3523,P,255)                                        1                       0
   3362 us(3523,P,21)                                        1                       0
   3364 x(3546,T,246)                                        1                       0
   3371 us(3546,T,21)                                        1                       0
   3382 x(3546,P,255)                                        1                       0
   3388 us(3546,P,21)                                        1                       0
   3390 x(3573,T,246)                                        1                       0
   3397 us(3573,T,21)                                        1                       0
   3408 x(3573,P,255)                                        1                       0
   3414 us(3573,P,21)                                        1                       0
   3416 x(3598,T,246)                                        1                       0
   3423 us(3598,T,21)                                        1                       0
   3435 x(3598,P,256)                                        1                       0
   3440 us(3598,P,21)                                        1                       0
   3468 x(3618,T,246)                                        1                       0
   3475 us(3618,T,21)                                        1                       0
   3486 x(3618,P,255)                                        1                       0
   3492 us(3618,P,21)                                        1                       0
   3494 x(3641,T,246)                                        1                       0
   3501 us(3641,T,21)                                        1                       0
   3513 x(3641,P,256)                                        1                       0
   3518 us(3641,P,21)                                        1                       0
   3572 x(3669,T,246)                                        1                       0
   3579 us(3669,T,21)                                        1                       0
   3591 x(3669,P,256)                                        1                       0
   3596 us(3669,P,21)                                        1                       0
   3624 x(3692,T,246)                                        1                       0
   3631 us(3692,T,21)                                        1                       0
   3643 x(3692,P,256)                                        1                       0
   3648 us(3692,P,21)                                        1                       0
   3676 x(3715,T,246)                                        1                       0
   3683 us(3715,T,21)                                        1                       0
   3694 x(3715,P,255)                                        1                       0
   3700 us(3715,P,21)                                        1                       0
   3728 x(3739,T,246)                                        1                       0
   3735 us(3739,T,21)                                        1                       0
   3744 x(3739,P,253)                                        1                       0
   3752 us(3739,P,21)                                        1                       0
   3780 x(3765,T,246)                                        1                       0
   3787 us(3765,T,21)                                        1                       0
   3799 x(3765,P,256)                                        1                       0
   3804 us(3765,P,21)                                        1                       0
   3832 x(3789,T,246)                                        1                       0
   3839 us(3789,T,21)                                        1                       0
   3851 x(3789,P,256)                                        1                       0
   3856 us(3789,P,21)                                        1                       0
   3884 x(3810,T,246)                                        1                       0
   3891 us(3810,T,21)                                        1                       0
   3902 x(3810,P,255)                                        1                       0
   3908 us(3810,P,21)                                        1                       0
   3962 x(3857,T,246)                                        1                       0
   3969 us(3857,T,21)                                        1                       0
   3978 x(3857,P,253)                                        1                       0
   3986 us(3857,P,21)                                        1                       0
   3988 x(3859,T,246)                                        1                       0
   3995 us(3859,T,21)                                        1                       0
   4007 x(3859,P,256)                                        1                       0
   4012 us(3859,P,21)                                        1                       0
   4066 x(3908,T,246)                                        1                       0
   4073 us(3908,T,21)                                        1                       0
   4082 x(3908,P,253)                                        1                       0
   4090 us(3908,P,21)                                        1                       0
   4118 x(3931,T,246)                                        1                       0
   4125 us(3931,T,21)                                        1                       0
   4137 x(3931,P,256)                                        1                       0
   4142 us(3931,P,21)                                        1                       0
   4170 x(3954,T,246)                                        1                       0
   4177 us(3954,T,21)                                        1                       0
   4189 x(3954,P,256)                                        1                       0
   4194 us(3954,P,21)                                        1                       0
   4222 x(3980,T,246)                                        1                       0
   4229 us(3980,T,21)                                        1                       0
   4241 x(3980,P,256)                                        1                       0
   4246 us(3980,P,21)                                        1                       0
   4274 x(4005,T,246)                                        1                       0
   4281 us(4005,T,21)                                        1                       0
   4292 x(4005,P,255)                                        1                       0
   4298 us(4005,P,21)                                        1                       0
   4326 x(4026,T,246)                                        1                       0
   4333 us(4026,T,21)                                        1                       0
   4344 x(4026,P,255)                                        1                       0
   4350 us(4026,P,21)                                        1                       0
   4352 x(4049,T,246)                                        1                       0
   4359 us(4049,T,21)                                        1                       0
   4368 x(4049,P,253)                                        1                       0
   4376 us(4049,P,21)                                        1                       0
   4430 x(4077,T,246)                                        1                       0
   4437 us(4077,T,21)                                        1                       0
   4449 x(4077,P,256)                                        1                       0
   4454 us(4077,P,21)                                        1                       0
   4456 x(4100,T,246)                                        1                       0
   4463 us(4100,T,21)                                        1                       0
   4475 x(4100,P,256)                                        1                       0
   4480 us(4100,P,21)                                        1                       0
   4508 x(4123,T,246)                                        1                       0
   4515 us(4123,T,21)                                        1                       0
   4526 x(4123,P,255)                                        1                       0
   4532 us(4123,P,21)                                        1                       0
   4586 x(4172,T,246)                                        1                       0
   4593 us(4172,T,21)                                        1                       0
   4604 x(4172,P,255)                                        1                       0
   4610 us(4172,P,21)                                        1                       0
   5808 x(5161,T,246)                                        1                       0
   5815 us(5161,T,21)                                        1                       0
   5826 x(5161,P,255)                                        1                       0
   5832 us(5161,P,21)                                        1                       0
   6016 x(5235,T,246)                                        1                       0
   6023 us(5235,T,21)                                        1                       0
   6034 x(5235,P,255)                                        1                       0
   6040 us(5235,P,21)                                        1                       0
   6068 x(5257,T,246)                                        1                       0
   6075 us(5257,T,21)                                        1                       0
   6086 x(5257,P,255)                                        1                       0
   6092 us(5257,P,21)                                        1                       0
   6120 x(5281,T,246)                                        1                       0
   6127 us(5281,T,21)                                        1                       0
   6138 x(5281,P,255)                                        1                       0
   6144 us(5281,P,21)                                        1                       0
   6172 x(5307,T,246)                                        1                       0
   6179 us(5307,T,21)                                        1                       0
   6190 x(5307,P,255)                                        1                       0
   6196 us(5307,P,21)                                        1                       0
   6354 x(5402,T,246)                                        1                       0
   6361 us(5402,T,21)                                        1                       0
   6373 x(5402,P,256)                                        1                       0
   6378 us(5402,P,21)                                        1                       0
   6406 x(5425,T,246)                                        1                       0
   6413 us(5425,T,21)                                        1                       0
   6422 x(5425,P,253)                                        1                       0
   6430 us(5425,P,21)                                        1                       0
   6432 x(5448,T,246)                                        1                       0
   6439 us(5448,T,21)                                        1                       0
   6446 x(5448,P,251)                                        1                       0
   6456 us(5448,P,21)                                        1                       0
   6458 x(5473,T,246)                                        1                       0
   6465 us(5473,T,21)                                        1                       0
   6476 x(5473,P,255)                                        1                       0
   6482 us(5473,P,21)                                        1                       0
   6510 x(5523,T,246)                                        1                       0
   6517 us(5523,T,21)                                        1                       0
   6524 x(5523,P,251)                                        1                       0
   6534 us(5523,P,21)                                        1                       0
   6536 x(5543,T,246)                                        1                       0
   6543 us(5543,T,21)                                        1                       0
   6555 x(5543,P,256)                                        1                       0
   6560 us(5543,P,21)                                        1                       0
   6562 x(5590,T,246)                                        1                       0
   6569 us(5590,T,21)                                        1                       0
   6581 x(5590,P,256)                                        1                       0
   6586 us(5590,P,21)                                        1                       0
   6588 x(5592,T,246)                                        1                       0
   6595 us(5592,T,21)                                        1                       0
   6601 x(5592,P,250)                                        1                       0
   6612 us(5592,P,21)                                        1                       0
   6614 x(5637,T,246)                                        1                       0
   6621 us(5637,T,21)                                        1                       0
   6633 x(5637,P,256)                                        1                       0
   6638 us(5637,P,21)                                        1                       0
   6640 x(5660,T,246)                                        1                       0
   6647 us(5660,T,21)                                        1                       0
   6654 x(5660,P,251)                                        1                       0
   6664 us(5660,P,21)                                        1                       0
   6666 x(5682,T,246)                                        1                       0
   6673 us(5682,T,21)                                        1                       0
   6682 x(5682,P,253)                                        1                       0
   6690 us(5682,P,21)                                        1                       0
   6692 x(5708,T,246)                                        1                       0
   6699 us(5708,T,21)                                        1                       0
   6706 x(5708,P,251)                                        1                       0
   6716 us(5708,P,21)                                        1                       0
   6718 x(5732,T,246)                                        1                       0
   6725 us(5732,T,21)                                        1                       0
   6736 x(5732,P,255)                                        1                       0
   6742 us(5732,P,21)                                        1                       0
   6744 x(5752,T,246)                                        1                       0
   6751 us(5752,T,21)                                        1                       0
   6762 x(5752,P,255)                                        1                       0
   6768 us(5752,P,21)                                        1                       0
   6770 x(5774,T,246)                                        1                       0
   6777 us(5774,T,21)                                        1                       0
   6786 x(5774,P,253)                                        1                       0
   6794 us(5774,P,21)                                        1                       0
   6796 x(5801,T,246)                                        1                       0
   6803 us(5801,T,21)                                        1                       0
   6810 x(5801,P,251)                                        1                       0
   6820 us(5801,P,21)                                        1                       0
   6822 x(5822,T,246)                                        1                       0
   6829 us(5822,T,21)                                        1                       0
   6841 x(5822,P,256)                                        1                       0
   6846 us(5822,P,21)                                        1                       0
   6874 x(5866,T,246)                                        1                       0
   6881 us(5866,T,21)                                        1                       0
   6890 x(5866,P,253)                                        1                       0
   6898 us(5866,P,21)                                        1                       0
   6900 x(5891,T,246)                                        1                       0
   6907 us(5891,T,21)                                        1                       0
   6919 x(5891,P,256)                                        1                       0
   6924 us(5891,P,21)                                        1                       0
   6926 x(5916,T,246)                                        1                       0
   6933 us(5916,T,21)                                        1                       0
   6940 x(5916,P,251)                                        1                       0
   6950 us(5916,P,21)                                        1                       0
   6952 x(5936,T,246)                                        1                       0
   6959 us(5936,T,21)                                        1                       0
   6968 x(5936,P,253)                                        1                       0
   6976 us(5936,P,21)                                        1                       0
   6978 x(5985,T,246)                                        1                       0
   6985 us(5985,T,21)                                        1                       0
   6996 x(5985,P,255)                                        1                       0
   7002 us(5985,P,21)                                        1                       0
   7004 tc(177,P)                                            1                       0
   7005 tc(238,T)                                            1                       0
   7006 tc(238,P)                                            1                       0
   7008 tc(340,P)                                            1                       0
   7009 y(p,245)                                             1                       0
   7011 y(p,247)                                             1                       0
   7014 y(p,250)                                             1                       0
   7015 y(p,251)                                             1                       0
   7017 y(p,253)                                             1                       0
   7019 y(p,256)                                             1                       0
   7021 y(p,255)                                             1                       0
   7022 y(p,257)                                             1                       0
   7027 tp(T,4)                                              1                       0
   7034 tp(P,6)                                              1                       0
   7035 c(0,22s)                                             1                       0
   7039 n(T,246)                                            80                       0
   7046 n(P,245)                                             1                       0
   7051 n(P,250)                                             1                       0
   7052 n(P,251)                                             7                       0
   7054 n(P,253)                                            12                       0
   7056 n(P,255)                                            26                       0
   7057 n(P,256)                                            33                       0
   7063 tu(136,P,21)                                         1                       0
   7065 tu(154,P,21)                                         1                       0
   7067 tu(177,P,21)                                         1                       0
   7069 tu(192,P,21)                                         1                       0
   7071 tu(199,P,21)                                         1                       0
   7072 tu(238,T,21)                                         1                       0
   7073 tu(238,P,21)                                         1                       0
   7075 tu(313,P,21)                                         1                       0
   7077 tu(340,P,21)                                         1                       0
   7078 u(T,21)                                              1                       0
   7079 u(P,21)                                              1                       0
   7081 tc(136,P)                                            1                       0
   7083 tc(154,P)                                            1                       0
   7085 tc(192,P)                                            1                       0
   7087 tc(199,P)                                            1                       0
   7089 tc(313,P)                                            1                       0
   7169 ne(80)                                               1                       0
