Stopped on time - objective value 286.00000000
     29 x2901                  1                       6
    171 x7102                  1                       3
    185 x8502                  1                       4
    198 x9802                  1                       2
    241 x4103                  1                       5
    329 x2904                  1                       1
    403 x305                   1                       4
    446 x4605                  1                       1
    508 x806                   1                       1
    660 x6007                  1                       1
    740 x4008                  1                       1
    884 x8409                  1                       1
    992 x9210                  1                       2
   1001 x111                   1                       3
   1115 x1512                  1                       1
   1125 x2512                  1                       1
   1279 x7913                  1                       1
   1326 x2614                  1                       1
   1482 x8215                  1                       3
   1568 x6816                  1                       1
   1662 x6217                  1                       1
   1796 x9618                  1                       1
   1812 x1219                  1                       2
   1845 x4519                  1                       4
   1906 x620                   1                       1
   2064 x6421                  1                       1
   2102 x222                   1                       2
   2258 x5823                  1                       1
   2383 x8324                  1                       1
   2386 x8624                  1                       2
   2436 x3625                  1                       1
   2447 x4725                  1                       8
   2523 x2326                  1                       1
   2619 x1927                  1                       3
   2690 x9027                  1                       3
   2722 x2228                  1                      14
   2865 x6529                  1                       3
   2959 x5930                  1                       1
   3080 x8031                  1                       1
   3188 x8832                  1                       1
   3237 x3733                  1                       4
   3343 x4334                  1                       2
   3451 x5135                  1                       4
   3495 x9535                  1                       1
   3563 x6336                  1                       3
   3620 x2037                  1                       2
   3778 x7838                  1                       1
   3800 x39                    1                       3
   3913 x1340                  1                       2
   4018 x1841                  1                       2
   4173 x7342                  1                       2
   4253 x5343                  1                       1
   4301 x144                   1                       1
   4429 x2945                  1                       6
   4534 x3446                  1                       4
   4677 x7747                  1                       6
   4707 x748                   1                      12
   4816 x1649                  1                       4
   4989 x8950                  1                       4
   5074 x7451                  1                       2
   5130 x3052                  1                       1
   5209 x953                   1                       4
   5355 x5554                  1                       3
   5401 x155                   1                       4
   5510 x1056                  1                       1
   5699 x9957                  1                       2
   5710 x1058                  1                       5
   5854 x5459                  1                       1
   5975 x7560                  1                       8
   6010 x1061                  1                       1
   6176 x7662                  1                       1
   6227 x2763                  1                       4
   6287 x8763                  1                       3
   6305 x564                   1                       2
   6439 x3965                  1                       1
   6517 x1766                  1                       3
   6666 x6667                  1                       6
   6733 x3368                  1                       1
   6854 x5469                  1                       1
   6928 x2870                  1                       1
   7024 x2471                  1                       1
   7116 x1672                  1                       3
   7249 x4973                  1                       2
   7370 x7074                  1                       1
   7494 x9475                  1                       2
   7581 x8176                  1                       2
   7684 x8477                  1                       1
   7767 x6778                  1                       3
   7897 x9779                  1                       1
   7952 x5280                  1                       2
   8050 x5081                  1                       1
   8169 x6982                  1                       1
   8291 x9183                  1                       3
   8321 x2184                  1                       3
   8456 x5685                  1                       1
   8548 x4886                  1                       3
   8632 x3287                  1                       1
   8738 x3888                  1                       7
   8870 x7089                  1                       1
   8972 x7290                  1                       3
   9061 x6191                  1                       2
   9135 x3592                  1                       1
   9293 x9393                  1                       7
   9314 x1494                  1                       4
   9411 x1195                  1                       5
   9442 x4295                  1                       1
   9544 x4496                  1                       4
   9657 x5797                  1                       2
   9731 x3198                  1                       1
   9804 x499                   1                       2
   9963 x6400                  1                       1
