Stopped on time - objective value -365.00000000
      0 C0                     1                      -1
      4 C4                     1                      -1
      5 C5                     1                      -1
      6 C6                     1                      -1
      9 C9                     1                      -1
     10 C10                    1                      -1
     11 C11                    1                      -1
     13 C13                    1                      -1
     14 C14                    1                      -1
     15 C15                    1                      -1
     17 C17                    1                      -1
     18 C18                    1                      -1
     19 C19                    1                      -1
     22 C22                    1                      -1
     23 C23                    1                      -1
     24 C24                    1                      -1
     25 C25                    1                      -1
     26 C26                    1                      -1
     27 C27                    1                      -1
     28 C28                    1                      -1
     29 C29                    1                      -1
     30 C30                    1                      -1
     34 C34                    1                      -1
     36 C36                    1                      -1
     37 C37                    1                      -1
     38 C38                    1                      -1
     39 C39                    1                      -1
     41 C41                    1                      -1
     42 C42                    1                      -1
     43 C43                    1                      -1
     45 C45                    1                      -1
     46 C46                    1                      -1
     47 C47                    1                      -1
     49 C49                    1                      -1
     52 C52                    1                      -1
     59 C59                    1                      -1
     60 C60                    1                      -1
     64 C64                    1                      -1
     65 C65                    1                      -1
     79 C79                    1                      -1
     82 C82                    1                      -1
     83 C83                    1                      -1
     84 C84                    1                      -1
     86 C86                    1                      -1
     87 C87                    1                      -1
     88 C88                    1                      -1
     89 C89                    1                      -1
     90 C90                    1                      -1
     95 C95                    1                      -1
    102 C102                   1                      -1
    103 C103                   1                      -1
    104 C104                   1                      -1
    105 C105                   1                      -1
    109 C109                   1                      -1
    110 C110                   1                      -1
    114 C114                   1                      -1
    116 C116                   1                      -1
    120 C120                   1                      -1
    121 C121                   1                      -1
    124 C124                   1                      -1
    125 C125                   1                      -1
    128 C128                   1                      -1
    129 C129                   1                      -1
    130 C130                   1                      -1
    131 C131                   1                      -1
    132 C132                   1                      -1
    135 C135                   1                      -1
    140 C140                   1                      -1
    144 C144                   1                      -1
    146 C146                   1                      -1
    147 C147                   1                      -1
    148 C148                   1                      -1
    149 C149                   1                      -1
    151 C151                   1                      -1
    154 C154                   1                      -1
    156 C156                   1                      -1
    157 C157                   1                      -1
    158 C158                   1                      -1
    163 C163                   1                      -1
    164 C164                   1                      -1
    165 C165                   1                      -1
    168 C168                   1                      -1
    169 C169                   1                      -1
    170 C170                   1                      -1
    172 C172                   1                      -1
    173 C173                   1                      -1
    174 C174                   1                      -1
    179 C179                   1                      -1
    181 C181                   1                      -1
    182 C182                   1                      -1
    184 C184                   1                      -1
    185 C185                   1                      -1
    186 C186                   1                      -1
    193 C193                   1                      -1
    198 C198                   1                      -1
    202 C202                   1                      -1
    205 C205                   1                      -1
    206 C206                   1                      -1
    207 C207                   1                      -1
    209 C209                   1                      -1
    212 C212                   1                      -1
    217 C217                   1                      -1
    218 C218                   1                      -1
    219 C219                   1                      -1
    221 C221                   1                      -1
    222 C222                   1                      -1
    223 C223                   1                      -1
    228 C228                   1                      -1
    229 C229                   1                      -1
    230 C230                   1                      -1
    231 C231                   1                      -1
    232 C232                   1                      -1
    235 C235                   1                      -1
    237 C237                   1                      -1
    238 C238                   1                      -1
    239 C239                   1                      -1
    242 C242                   1                      -1
    243 C243                   1                      -1
    244 C244                   1                      -1
    245 C245                   1                      -1
    247 C247                   1                      -1
    249 C249                   1                      -1
    250 C250                   1                      -1
    251 C251                   1                      -1
    265 C265                   1                      -1
    275 C275                   1                      -1
    277 C277                   1                      -1
    287 C287                   1                      -1
    288 C288                   1                      -1
    289 C289                   1                      -1
    295 C295                   1                      -1
    296 C296                   1                      -1
    305 C305                   1                      -1
    306 C306                   1                      -1
    307 C307                   1                      -1
    317 C317                   1                      -1
    319 C319                   1                      -1
    326 C326                   1                      -1
    327 C327                   1                      -1
    340 C340                   1                      -1
    341 C341                   1                      -1
    342 C342                   1                      -1
    347 C347                   1                      -1
    349 C349                   1                      -1
    353 C353                   1                      -1
    354 C354                   1                      -1
    355 C355                   1                      -1
    357 C357                   1                      -1
    358 C358                   1                      -1
    360 C360                   1                      -1
    361 C361                   1                      -1
    362 C362                   1                      -1
    363 C363                   1                      -1
    364 C364                   1                      -1
    365 C365                   1                      -1
    366 C366                   1                      -1
    370 C370                   1                      -1
    372 C372                   1                      -1
    377 C377                   1                      -1
    379 C379                   1                      -1
    380 C380                   1                      -1
    381 C381                   1                      -1
    383 C383                   1                      -1
    385 C385                   1                      -1
    386 C386                   1                      -1
    388 C388                   1                      -1
    389 C389                   1                      -1
    390 C390                   1                      -1
    396 C396                   1                      -1
    400 C400                   1                      -1
    402 C402                   1                      -1
    403 C403                   1                      -1
    407 C407                   1                      -1
    408 C408                   1                      -1
    411 C411                   1                      -1
    412 C412                   1                      -1
    413 C413                   1                      -1
    416 C416                   1                      -1
    419 C419                   1                      -1
    420 C420                   1                      -1
    425 C425                   1                      -1
    426 C426                   1                      -1
    428 C428                   1                      -1
    429 C429                   1                      -1
    430 C430                   1                      -1
    433 C433                   1                      -1
    438 C438                   1                      -1
    439 C439                   1                      -1
    446 C446                   1                      -1
    447 C447                   1                      -1
    448 C448                   1                      -1
    449 C449                   1                      -1
    450 C450                   1                      -1
    455 C455                   1                      -1
    458 C458                   1                      -1
    462 C462                   1                      -1
    463 C463                   1                      -1
    469 C469                   1                      -1
    480 C480                   1                      -1
    481 C481                   1                      -1
    485 C485                   1                      -1
    486 C486                   1                      -1
    488 C488                   1                      -1
    492 C492                   1                      -1
    499 C499                   1                      -1
    500 C500                   1                      -1
    501 C501                   1                      -1
    507 C507                   1                      -1
    508 C508                   1                      -1
    509 C509                   1                      -1
    511 C511                   1                      -1
    512 C512                   1                      -1
    513 C513                   1                      -1
    516 C516                   1                      -1
    518 C518                   1                      -1
    522 C522                   1                      -1
    523 C523                   1                      -1
    524 C524                   1                      -1
    525 C525                   1                      -1
    531 C531                   1                      -1
    532 C532                   1                      -1
    537 C537                   1                      -1
    539 C539                   1                      -1
    543 C543                   1                      -1
    546 C546                   1                      -1
    548 C548                   1                      -1
    555 C555                   1                      -1
    556 C556                   1                      -1
    557 C557                   1                      -1
    562 C562                   1                      -1
    565 C565                   1                      -1
    566 C566                   1                      -1
    567 C567                   1                      -1
    569 C569                   1                      -1
    572 C572                   1                      -1
    573 C573                   1                      -1
    576 C576                   1                      -1
    577 C577                   1                      -1
    578 C578                   1                      -1
    587 C587                   1                      -1
    590 C590                   1                      -1
    591 C591                   1                      -1
    592 C592                   1                      -1
    594 C594                   1                      -1
    595 C595                   1                      -1
    599 C599                   1                      -1
    602 C602                   1                      -1
    617 C617                   1                      -1
    620 C620                   1                      -1
    624 C624                   1                      -1
    629 C629                   1                      -1
    632 C632                   1                      -1
    641 C641                   1                      -1
    642 C642                   1                      -1
    643 C643                   1                      -1
    644 C644                   1                      -1
    645 C645                   1                      -1
    647 C647                   1                      -1
    650 C650                   1                      -1
    654 C654                   1                      -1
    659 C659                   1                      -1
    661 C661                   1                      -1
    662 C662                   1                      -1
    671 C671                   1                      -1
    675 C675                   1                      -1
    677 C677                   1                      -1
    678 C678                   1                      -1
    680 C680                   1                      -1
    684 C684                   1                      -1
    688 C688                   1                      -1
    689 C689                   1                      -1
    690 C690                   1                      -1
    691 C691                   1                      -1
    701 C701                   1                      -1
    704 C704                   1                      -1
    705 C705                   1                      -1
    708 C708                   1                      -1
    710 C710                   1                      -1
    712 C712                   1                      -1
    713 C713                   1                      -1
    714 C714                   1                      -1
    718 C718                   1                      -1
    720 C720                   1                      -1
    722 C722                   1                      -1
    723 C723                   1                      -1
    724 C724                   1                      -1
    725 C725                   1                      -1
    730 C730                   1                      -1
    731 C731                   1                      -1
    734 C734                   1                      -1
    738 C738                   1                      -1
    739 C739                   1                      -1
    740 C740                   1                      -1
    742 C742                   1                      -1
    748 C748                   1                      -1
    749 C749                   1                      -1
    750 C750                   1                      -1
    752 C752                   1                      -1
    755 C755                   1                      -1
    760 C760                   1                      -1
    764 C764                   1                      -1
    765 C765                   1                      -1
    766 C766                   1                      -1
    767 C767                   1                      -1
    772 C772                   1                      -1
    773 C773                   1                      -1
    774 C774                   1                      -1
    775 C775                   1                      -1
    776 C776                   1                      -1
    779 C779                   1                      -1
    780 C780                   1                      -1
    782 C782                   1                      -1
    785 C785                   1                      -1
    790 C790                   1                      -1
    797 C797                   1                      -1
    806 C806                   1                      -1
    808 C808                   1                      -1
    809 C809                   1                      -1
    810 C810                   1                      -1
    812 C812                   1                      -1
    813 C813                   1                      -1
    815 C815                   1                      -1
    817 C817                   1                      -1
    818 C818                   1                      -1
    819 C819                   1                      -1
    820 C820                   1                      -1
    822 C822                   1                      -1
    823 C823                   1                      -1
    824 C824                   1                      -1
    825 C825                   1                      -1
    826 C826                   1                      -1
    827 C827                   1                      -1
    834 C834                   1                      -1
    835 C835                   1                      -1
    836 C836                   1                      -1
    838 C838                   1                      -1
    840 C840                   1                      -1
    841 C841                   1                      -1
    843 C843                   1                      -1
    845 C845                   1                      -1
    846 C846                   1                      -1
    847 C847                   1                      -1
    852 C852                   1                      -1
    859 C859                   1                      -1
    860 C860                   1                      -1
    861 C861                   1                      -1
    862 C862                   1                      -1
    864 C864                   1                      -1
    868 C868                   1                      -1
    871 C871                   1                      -1
    872 C872                   1                      -1
    873 C873                   1                      -1
    882 C882                   1                      -1
    883 C883                   1                      -1
    884 C884                   1                      -1
    885 C885                   1                      -1
    886 C886                   1                      -1
    887 C887                   1                      -1
    888 C888                   1                      -1
    889 C889                   1                      -1
    892 C892                   1                      -1
    893 C893                   1                      -1
    894 C894                   1                      -1
    898 C898                   1                      -1
    899 C899                   1                      -1
    905 C905                 125                       0
    906 C906                 124                       0
    910 C910                 118                       0
    911 C911                 117                       0
    914 C914                 112                       0
    915 C915                 111                       0
    918 C918                 106                       0
    919 C919                 105                       0
    923 C923                  79                       0
    924 C924                  78                       0
    925 C925                  77                       0
    926 C926                  76                       0
    927 C927                  75                       0
    928 C928                  74                       0
    929 C929                  73                       0
    937 C937                 122                       0
    938 C938                 121                       0
    939 C939                 120                       0
    942 C942                 115                       0
    943 C943                 114                       0
    946 C946                 109                       0
    947 C947                 108                       0
   1010 C1010                101                       0
   1021 C1021                177                       0
   1025 C1025                131                       0
   1047 C1047                 65                       0
   1048 C1048                 64                       0
   1049 C1049                 63                       0
   1064 C1064                151                       0
   1065 C1065                150                       0
   1073 C1073                 88                       0
   1074 C1074                 87                       0
   1082 C1082                174                       0
   1118 C1118                161                       0
   1119 C1119                160                       0
   1122 C1122                155                       0
   1123 C1123                154                       0
   1129 C1129                 94                       0
   1130 C1130                 93                       0
   1131 C1131                 92                       0
   1132 C1132                 91                       0
   1143 C1143                171                       0
   1144 C1144                170                       0
   1145 C1145                169                       0
   1150 C1150                158                       0
   1151 C1151                157                       0
   1196 C1196                 51                       0
   1206 C1206                166                       0
   1207 C1207                165                       0
   1227 C1227                 49                       0
   1241 C1241                 25                       0
   1242 C1242                 24                       0
   1258 C1258                 47                       0
   1261 C1261                 52                       0
   1262 C1262                 51                       0
   1263 C1263                 50                       0
   1264 C1264                 49                       0
   1265 C1265                 48                       0
   1266 C1266                 47                       0
   1289 C1289                 45                       0
   1303 C1303                 21                       0
   1308 C1308                 17                       0
   1329 C1329                 30                       0
   1330 C1330                 29                       0
   1339 C1339                 15                       0
   1386 C1386                 41                       0
   1400 C1400                 12                       0
   1401 C1401                 11                       0
   1423 C1423                 15                       0
   1424 C1424                 14                       0
   1425 C1425                 13                       0
   1432 C1432                  9                       0
   1456 C1456                 11                       0
   1457 C1457                 10                       0
   1473 C1473                 63                       0
   1477 C1477                 37                       0
   1478 C1478                 36                       0
   1562 C1562                 67                       0
   1578 C1578                  5                       0
   1589 C1589                172                       0
   1591 C1591                 69                       0
   1605 C1605                111                       0
   1639 C1639                  2                       0
   1640 C1640                  1                       0
   1673 C1673                149                       0
   1674 C1674                148                       0
   1675 C1675                147                       0
   1676 C1676                146                       0
   1709 C1709                178                       0
   1713 C1713                 81                       0
   1723 C1723                123                       0
   1724 C1724                122                       0
   1725 C1725                121                       0
   1726 C1726                120                       0
   1727 C1727                119                       0
   1799 C1799                  1                       0
   1864 C1864                128                       0
   1882 C1882                 82                       0
   1883 C1883                 83                       0
   1886 C1886                 68                       0
   1887 C1887                 69                       0
   1888 C1888                 70                       0
   1902 C1902                145                       0
   1903 C1903                146                       0
   1904 C1904                147                       0
   1928 C1928                140                       0
   1929 C1929                141                       0
   1930 C1930                142                       0
   1931 C1931                143                       0
   1956 C1956                137                       0
   1957 C1957                138                       0
   1968 C1968                 97                       0
   1969 C1969                 98                       0
   1984 C1984                134                       0
   1985 C1985                135                       0
   2005 C2005                 55                       0
   2006 C2006                 56                       0
   2037 C2037                 58                       0
   2038 C2038                 59                       0
   2087 C2087                 22                       0
   2088 C2088                 23                       0
   2153 C2153                 34                       0
   2154 C2154                 35                       0
   2179 C2179                 27                       0
   2180 C2180                 28                       0
   2185 C2185                 37                       0
   2211 C2211                 30                       0
   2212 C2212                 31                       0
   2225 C2225                 44                       0
   2246 C2246                 40                       0
   2247 C2247                 41                       0
   2248 C2248                 42                       0
   2262 C2262                 18                       0
   2280 C2280                 57                       0
   2307 C2307                164                       0
   2308 C2308                165                       0
   2311 C2311                 59                       0
   2312 C2312                 60                       0
   2365 C2365                160                       0
   2366 C2366                161                       0
   2390 C2390                  5                       0
   2391 C2391                  6                       0
   2394 C2394                158                       0
   2441 C2441                105                       0
   2442 C2442                106                       0
   2443 C2443                107                       0
   2444 C2444                108                       0
   2512 C2512                152                       0
   2513 C2513                153                       0
   2522 C2522                 85                       0
   2523 C2523                 86                       0
   2524 C2524                 87                       0
   2530 C2530                101                       0
   2548 C2548                175                       0
   2564 C2564                114                       0
   2565 C2565                115                       0
   2566 C2566                116                       0
   2617 C2617                 95                       0
   2618 C2618                 96                       0
   2619 C2619                 97                       0
   2634 C2634                142                       0
   2635 C2635                143                       0
   2640 C2640                 75                       0
   2645 C2645                 92                       0
   2646 C2646                 93                       0
   2659 C2659                134                       0
   2660 C2660                135                       0
   2661 C2661                136                       0
   2671 C2671                 77                       0
   2672 C2672                 78                       0
   2682 C2682                126                       0
   2683 C2683                127                       0
   2684 C2684                128                       0
   2685 C2685                129                       0
   2686 C2686                130                       0
   2687 C2687                131                       0
   2688 C2688                132                       0
   2692 C2692                138                       0
   2693 C2693                139                       0
   2698 C2698                183                       0
   2730 C2730                181                       0
   2736 C2736                123                       0
   2741 C2741                116                       0
   2745 C2745                110                       0
   2749 C2749                104                       0
   2759 C2759                 72                       0
   2760 C2760                180                       0
   2779 C2779                103                       0
   2789 C2789                 71                       0
   2790 C2790                179                       0
   2809 C2809                102                       0
   2816 C2816                 67                       0
   2820 C2820                178                       0
   2832 C2832                144                       0
   2840 C2840                100                       0
   2846 C2846                 66                       0
   2851 C2851                176                       0
   2858 C2858                139                       0
   2870 C2870                 99                       0
   2879 C2879                 62                       0
   2881 C2881                175                       0
   2886 C2886                136                       0
   2898 C2898                 96                       0
   2909 C2909                 61                       0
   2912 C2912                173                       0
   2928 C2928                 95                       0
   2935 C2935                 54                       0
   2939 C2939                 60                       0
   2942 C2942                172                       0
   2949 C2949                159                       0
   2965 C2965                 53                       0
   2975 C2975                168                       0
   2995 C2995                 52                       0
   3005 C3005                167                       0
   3017 C3017                 21                       0
   3026 C3026                 50                       0
   3047 C3047                 20                       0
   3057 C3057                 48                       0
   3072 C3072                 23                       0
   3077 C3077                 19                       0
   3083 C3083                 33                       0
   3088 C3088                 46                       0
   3096 C3096                 46                       0
   3102 C3102                 22                       0
   3107 C3107                 18                       0
   3113 C3113                 32                       0
   3119 C3119                 44                       0
   3126 C3126                 45                       0
   3133 C3133                 20                       0
   3138 C3138                 16                       0
   3149 C3149                 43                       0
   3155 C3155                 43                       0
   3163 C3163                 19                       0
   3169 C3169                 14                       0
   3185 C3185                 42                       0
   3192 C3192                 17                       0
   3199 C3199                 13                       0
   3216 C3216                 40                       0
   3222 C3222                 16                       0
   3231 C3231                 10                       0
   3237 C3237                163                       0
   3246 C3246                 39                       0
   3255 C3255                 12                       0
   3262 C3262                  8                       0
   3267 C3267                162                       0
   3276 C3276                 38                       0
   3287 C3287                  9                       0
   3292 C3292                  7                       0
   3295 C3295                159                       0
   3317 C3317                  8                       0
   3320 C3320                  4                       0
   3324 C3324                157                       0
   3347 C3347                  7                       0
   3350 C3350                  3                       0
   3354 C3354                156                       0
   3371 C3371                104                       0
   3377 C3377                  6                       0
   3380 C3380                  2                       0
   3384 C3384                155                       0
   3401 C3401                103                       0
   3408 C3408                  4                       0
   3410 C3410                  1                       0
   3414 C3414                154                       0
   3431 C3431                102                       0
   3438 C3438                  3                       0
   3442 C3442                151                       0
   3452 C3452                 84                       0
   3460 C3460                100                       0
   3472 C3472                150                       0
   3482 C3482                 83                       0
   3490 C3490                 99                       0
   3506 C3506                145                       0
   3512 C3512                 82                       0
   3520 C3520                 98                       0
   3536 C3536                144                       0
   3543 C3543                 80                       0
   3547 C3547                 94                       0
   3564 C3564                141                       0
   3573 C3573                 79                       0
   3589 C3589                133                       0
   3594 C3594                140                       0
   3604 C3604                126                       0
   3609 C3609                119                       0
   3613 C3613                113                       0
   3617 C3617                107                       0
   3622 C3622                 80                       0
   3634 C3634                127                       0
   3652 C3652                 81                       0
   3665 C3665                129                       0
   3684 C3684                 84                       0
   3695 C3695                130                       0
   3705 C3705                148                       0
   3714 C3714                 85                       0
   3724 C3724                132                       0
   3735 C3735                149                       0
   3744 C3744                 86                       0
   3754 C3754                133                       0
   3763 C3763                152                       0
   3772 C3772                 89                       0
   3793 C3793                153                       0
   3802 C3802                 90                       0
   3807 C3807                 57                       0
   3817 C3817                162                       0
   3821 C3821                156                       0
   3847 C3847                163                       0
   3877 C3877                164                       0
   3889 C3889                 24                       0
   3919 C3919                 25                       0
   3940 C3940                 26                       0
   3949 C3949                 26                       0
   3955 C3955                 36                       0
   3960 C3960                 53                       0
   3970 C3970                 27                       0
   3981 C3981                 29                       0
   3986 C3986                 38                       0
   3990 C3990                 54                       0
   4000 C4000                 28                       0
   4016 C4016                 39                       0
   4020 C4020                 55                       0
   4028 C4028                 31                       0
   4050 C4050                 56                       0
   4058 C4058                 32                       0
   4081 C4081                 58                       0
   4088 C4088                 33                       0
   4109 C4109                166                       0
   4113 C4113                 61                       0
   4118 C4118                 34                       0
   4139 C4139                167                       0
   4143 C4143                 62                       0
   4148 C4148                 35                       0
   4169 C4169                168                       0
   4172 C4172                 64                       0
   4199 C4199                169                       0
   4202 C4202                 65                       0
   4229 C4229                170                       0
   4232 C4232                 66                       0
   4245 C4245                109                       0
   4259 C4259                171                       0
   4261 C4261                 68                       0
   4275 C4275                110                       0
   4288 C4288                173                       0
   4290 C4290                 70                       0
   4304 C4304                112                       0
   4318 C4318                174                       0
   4320 C4320                 71                       0
   4325 C4325                 88                       0
   4334 C4334                113                       0
   4349 C4349                176                       0
   4350 C4350                 72                       0
   4355 C4355                 89                       0
   4367 C4367                117                       0
   4379 C4379                177                       0
   4380 C4380                 73                       0
   4385 C4385                 90                       0
   4397 C4397                118                       0
   4408 C4408                179                       0
   4410 C4410                 74                       0
   4415 C4415                 91                       0
   4422 C4422                124                       0
   4438 C4438                180                       0
   4441 C4441                 76                       0
   4452 C4452                125                       0
   4462 C4462                137                       0
   4468 C4468                181                       0
   4565 C4565                128                       0
   4583 C4583                 82                       0
   4584 C4584                 83                       0
   4587 C4587                 68                       0
   4588 C4588                 69                       0
   4589 C4589                 70                       0
   4603 C4603                145                       0
   4604 C4604                146                       0
   4605 C4605                147                       0
   4629 C4629                140                       0
   4630 C4630                141                       0
   4631 C4631                142                       0
   4632 C4632                143                       0
   4657 C4657                137                       0
   4658 C4658                138                       0
   4669 C4669                 97                       0
   4670 C4670                 98                       0
   4685 C4685                134                       0
   4686 C4686                135                       0
   4706 C4706                 55                       0
   4707 C4707                 56                       0
   4738 C4738                 58                       0
   4739 C4739                 59                       0
   4788 C4788                 22                       0
   4789 C4789                 23                       0
   4854 C4854                 34                       0
   4855 C4855                 35                       0
   4880 C4880                 27                       0
   4881 C4881                 28                       0
   4886 C4886                 37                       0
   4912 C4912                 30                       0
   4913 C4913                 31                       0
   4926 C4926                 44                       0
   4947 C4947                 40                       0
   4948 C4948                 41                       0
   4949 C4949                 42                       0
   4963 C4963                 18                       0
   4981 C4981                 57                       0
   5008 C5008                164                       0
   5009 C5009                165                       0
   5012 C5012                 59                       0
   5013 C5013                 60                       0
   5066 C5066                160                       0
   5067 C5067                161                       0
   5091 C5091                  5                       0
   5092 C5092                  6                       0
   5095 C5095                158                       0
   5142 C5142                105                       0
   5143 C5143                106                       0
   5144 C5144                107                       0
   5145 C5145                108                       0
   5213 C5213                152                       0
   5214 C5214                153                       0
   5223 C5223                 85                       0
   5224 C5224                 86                       0
   5225 C5225                 87                       0
   5231 C5231                101                       0
   5249 C5249                175                       0
   5265 C5265                114                       0
   5266 C5266                115                       0
   5267 C5267                116                       0
   5318 C5318                 95                       0
   5319 C5319                 96                       0
   5320 C5320                 97                       0
   5335 C5335                142                       0
   5336 C5336                143                       0
   5341 C5341                 75                       0
   5346 C5346                 92                       0
   5347 C5347                 93                       0
   5360 C5360                134                       0
   5361 C5361                135                       0
   5362 C5362                136                       0
   5372 C5372                 77                       0
   5373 C5373                 78                       0
   5383 C5383                126                       0
   5384 C5384                127                       0
   5385 C5385                128                       0
   5386 C5386                129                       0
   5387 C5387                130                       0
   5388 C5388                131                       0
   5389 C5389                132                       0
   5393 C5393                138                       0
   5394 C5394                139                       0
   5399 C5399                183                       0
   5404 C5404                125                       0
   5405 C5405                124                       0
   5409 C5409                118                       0
   5410 C5410                117                       0
   5413 C5413                112                       0
   5414 C5414                111                       0
   5417 C5417                106                       0
   5418 C5418                105                       0
   5422 C5422                 79                       0
   5423 C5423                 78                       0
   5424 C5424                 77                       0
   5425 C5425                 76                       0
   5426 C5426                 75                       0
   5427 C5427                 74                       0
   5428 C5428                 73                       0
   5436 C5436                122                       0
   5437 C5437                121                       0
   5438 C5438                120                       0
   5441 C5441                115                       0
   5442 C5442                114                       0
   5445 C5445                109                       0
   5446 C5446                108                       0
   5509 C5509                101                       0
   5520 C5520                177                       0
   5524 C5524                131                       0
   5546 C5546                 65                       0
   5547 C5547                 64                       0
   5548 C5548                 63                       0
   5563 C5563                151                       0
   5564 C5564                150                       0
   5572 C5572                 88                       0
   5573 C5573                 87                       0
   5581 C5581                174                       0
   5617 C5617                161                       0
   5618 C5618                160                       0
   5621 C5621                155                       0
   5622 C5622                154                       0
   5628 C5628                 94                       0
   5629 C5629                 93                       0
   5630 C5630                 92                       0
   5631 C5631                 91                       0
   5642 C5642                171                       0
   5643 C5643                170                       0
   5644 C5644                169                       0
   5649 C5649                158                       0
   5650 C5650                157                       0
   5695 C5695                 51                       0
   5705 C5705                166                       0
   5706 C5706                165                       0
   5726 C5726                 49                       0
   5740 C5740                 25                       0
   5741 C5741                 24                       0
   5757 C5757                 47                       0
   5760 C5760                 52                       0
   5761 C5761                 51                       0
   5762 C5762                 50                       0
   5763 C5763                 49                       0
   5764 C5764                 48                       0
   5765 C5765                 47                       0
   5788 C5788                 45                       0
   5802 C5802                 21                       0
   5807 C5807                 17                       0
   5828 C5828                 30                       0
   5829 C5829                 29                       0
   5838 C5838                 15                       0
   5885 C5885                 41                       0
   5899 C5899                 12                       0
   5900 C5900                 11                       0
   5922 C5922                 15                       0
   5923 C5923                 14                       0
   5924 C5924                 13                       0
   5931 C5931                  9                       0
   5955 C5955                 11                       0
   5956 C5956                 10                       0
   5972 C5972                 63                       0
   5976 C5976                 37                       0
   5977 C5977                 36                       0
   6061 C6061                 67                       0
   6077 C6077                  5                       0
   6088 C6088                172                       0
   6090 C6090                 69                       0
   6104 C6104                111                       0
   6138 C6138                  2                       0
   6139 C6139                  1                       0
   6172 C6172                149                       0
   6173 C6173                148                       0
   6174 C6174                147                       0
   6175 C6175                146                       0
   6208 C6208                178                       0
   6212 C6212                 81                       0
   6222 C6222                123                       0
   6223 C6223                122                       0
   6224 C6224                121                       0
   6225 C6225                120                       0
   6226 C6226                119                       0
   6298 C6298                  1                       0
   6334 C6334                126                       0
   6339 C6339                119                       0
   6343 C6343                113                       0
   6347 C6347                107                       0
   6352 C6352                 80                       0
   6364 C6364                127                       0
   6382 C6382                 81                       0
   6395 C6395                129                       0
   6414 C6414                 84                       0
   6425 C6425                130                       0
   6435 C6435                148                       0
   6444 C6444                 85                       0
   6454 C6454                132                       0
   6465 C6465                149                       0
   6474 C6474                 86                       0
   6484 C6484                133                       0
   6493 C6493                152                       0
   6502 C6502                 89                       0
   6523 C6523                153                       0
   6532 C6532                 90                       0
   6537 C6537                 57                       0
   6547 C6547                162                       0
   6551 C6551                156                       0
   6577 C6577                163                       0
   6607 C6607                164                       0
   6619 C6619                 24                       0
   6649 C6649                 25                       0
   6670 C6670                 26                       0
   6679 C6679                 26                       0
   6685 C6685                 36                       0
   6690 C6690                 53                       0
   6700 C6700                 27                       0
   6711 C6711                 29                       0
   6716 C6716                 38                       0
   6720 C6720                 54                       0
   6730 C6730                 28                       0
   6746 C6746                 39                       0
   6750 C6750                 55                       0
   6758 C6758                 31                       0
   6780 C6780                 56                       0
   6788 C6788                 32                       0
   6811 C6811                 58                       0
   6818 C6818                 33                       0
   6839 C6839                166                       0
   6843 C6843                 61                       0
   6848 C6848                 34                       0
   6869 C6869                167                       0
   6873 C6873                 62                       0
   6878 C6878                 35                       0
   6899 C6899                168                       0
   6902 C6902                 64                       0
   6929 C6929                169                       0
   6932 C6932                 65                       0
   6959 C6959                170                       0
   6962 C6962                 66                       0
   6975 C6975                109                       0
   6989 C6989                171                       0
   6991 C6991                 68                       0
   7005 C7005                110                       0
   7018 C7018                173                       0
   7020 C7020                 70                       0
   7034 C7034                112                       0
   7048 C7048                174                       0
   7050 C7050                 71                       0
   7055 C7055                 88                       0
   7064 C7064                113                       0
   7079 C7079                176                       0
   7080 C7080                 72                       0
   7085 C7085                 89                       0
   7097 C7097                117                       0
   7109 C7109                177                       0
   7110 C7110                 73                       0
   7115 C7115                 90                       0
   7127 C7127                118                       0
   7138 C7138                179                       0
   7140 C7140                 74                       0
   7145 C7145                 91                       0
   7152 C7152                124                       0
   7168 C7168                180                       0
   7171 C7171                 76                       0
   7182 C7182                125                       0
   7192 C7192                137                       0
   7198 C7198                181                       0
   7200 C7200                181                       0
   7206 C7206                123                       0
   7211 C7211                116                       0
   7215 C7215                110                       0
   7219 C7219                104                       0
   7229 C7229                 72                       0
   7230 C7230                180                       0
   7249 C7249                103                       0
   7259 C7259                 71                       0
   7260 C7260                179                       0
   7279 C7279                102                       0
   7286 C7286                 67                       0
   7290 C7290                178                       0
   7302 C7302                144                       0
   7310 C7310                100                       0
   7316 C7316                 66                       0
   7321 C7321                176                       0
   7328 C7328                139                       0
   7340 C7340                 99                       0
   7349 C7349                 62                       0
   7351 C7351                175                       0
   7356 C7356                136                       0
   7368 C7368                 96                       0
   7379 C7379                 61                       0
   7382 C7382                173                       0
   7398 C7398                 95                       0
   7405 C7405                 54                       0
   7409 C7409                 60                       0
   7412 C7412                172                       0
   7419 C7419                159                       0
   7435 C7435                 53                       0
   7445 C7445                168                       0
   7465 C7465                 52                       0
   7475 C7475                167                       0
   7487 C7487                 21                       0
   7496 C7496                 50                       0
   7517 C7517                 20                       0
   7527 C7527                 48                       0
   7542 C7542                 23                       0
   7547 C7547                 19                       0
   7553 C7553                 33                       0
   7558 C7558                 46                       0
   7566 C7566                 46                       0
   7572 C7572                 22                       0
   7577 C7577                 18                       0
   7583 C7583                 32                       0
   7589 C7589                 44                       0
   7596 C7596                 45                       0
   7603 C7603                 20                       0
   7608 C7608                 16                       0
   7619 C7619                 43                       0
   7625 C7625                 43                       0
   7633 C7633                 19                       0
   7639 C7639                 14                       0
   7655 C7655                 42                       0
   7662 C7662                 17                       0
   7669 C7669                 13                       0
   7686 C7686                 40                       0
   7692 C7692                 16                       0
   7701 C7701                 10                       0
   7707 C7707                163                       0
   7716 C7716                 39                       0
   7725 C7725                 12                       0
   7732 C7732                  8                       0
   7737 C7737                162                       0
   7746 C7746                 38                       0
   7757 C7757                  9                       0
   7762 C7762                  7                       0
   7765 C7765                159                       0
   7787 C7787                  8                       0
   7790 C7790                  4                       0
   7794 C7794                157                       0
   7817 C7817                  7                       0
   7820 C7820                  3                       0
   7824 C7824                156                       0
   7841 C7841                104                       0
   7847 C7847                  6                       0
   7850 C7850                  2                       0
   7854 C7854                155                       0
   7871 C7871                103                       0
   7878 C7878                  4                       0
   7880 C7880                  1                       0
   7884 C7884                154                       0
   7901 C7901                102                       0
   7908 C7908                  3                       0
   7912 C7912                151                       0
   7922 C7922                 84                       0
   7930 C7930                100                       0
   7942 C7942                150                       0
   7952 C7952                 83                       0
   7960 C7960                 99                       0
   7976 C7976                145                       0
   7982 C7982                 82                       0
   7990 C7990                 98                       0
   8006 C8006                144                       0
   8013 C8013                 80                       0
   8017 C8017                 94                       0
   8034 C8034                141                       0
   8043 C8043                 79                       0
   8059 C8059                133                       0
   8064 C8064                140                       0
