j3050_8;cgl;0;0;-0.0000000000;0.10;0;0
j3050_8;cgl;1;19;0.0000000000;0.22;11;0
j3050_8;cgl;2;38;0.0000000000;0.26;45;0
j3050_8;cgl;3;68;0.0000000000;0.33;86;0
j3050_8;cgl;4;79;0.0000000000;0.37;97;0
j3050_8;cgl;5;96;0.0000000000;0.46;129;0
j3050_8;cgl;6;109;0.0000000000;0.53;138;0
j3050_8;cgl;7;121;0.0000000000;0.61;191;0
j3050_8;cgl;8;129;0.0000000000;0.72;294;0
j3050_8;cgl;9;132;0.0000000000;0.80;314;0
j3050_8;cgl;10;138;0.0000000000;0.87;315;0
j3050_8;cgl;11;140;0.0000000000;0.96;315;0
j3050_8;cgl;12;140;0.0000000000;1.03;315,0
