stdc6262p;cgl;0;0;-1394276.6015363534;13.27;0;0
stdc6262p;cgl;1;71;-1394033.5082736567;20.23;359;0
stdc6262p;cgl;2;115;-1393877.8344512677;25.36;772;0
stdc6262p;cgl;3;145;-1393816.6679370145;30.64;802;0
stdc6262p;cgl;4;163;-1393737.0038051482;36.13;818;0
stdc6262p;cgl;5;177;-1393731.1299252941;41.31;836;0
stdc6262p;cgl;6;187;-1393701.0283592101;47.32;957;0
stdc6262p;cgl;7;196;-1393682.2091575738;52.35;1295;0
stdc6262p;cgl;8;202;-1393637.8739677202;57.54;1324;0
stdc6262p;cgl;9;208;-1393637.0406343869;62.54;1326;0
stdc6262p;cgl;10;213;-1393635.3739677204;67.50;1331;0
stdc6262p;cgl;11;216;-1393627.0406343872;72.50;1366;0
stdc6262p;cgl;12;218;-1393627.0406343869;77.43;1370;0
stdc6262p;cgl;13;220;-1393627.0406343872;82.51;1370;0
stdc6262p;cgl;14;222;-1393627.0406343872;87.53;1370;0
stdc6262p;cgl;15;223;-1393627.0406343872;92.57;1370;0
stdc6262p;cgl;16;224;-1393627.0406343869;97.62;1370;0
stdc6262p;cgl;17;225;-1393627.0406343869;102.63;1370;0
stdc6262p;cgl;18;225;-1393627.0406343869;107.35;1370,0
