Stopped on time - objective value -1.00000000
      5 C0006                  1                       0
     23 C0024                  1                       0
     36 C0037                  1                       0
     54 C0055                  1                       0
     57 C0058                  1                       0
     74 C0075                  1                       0
     84 C0085                  1                       0
     97 C0098                  1                       0
    108 C0109                  1                       0
    125 C0126                  1                       0
    126 C0127                  1                       0
    144 C0145                  1                       0
    162 C0163                  1                       0
    174 C0175                  1                       0
    184 C0185                  1                       0
    193 C0194                  1                       0
    199 C0200                  1                       0
    211 C0212                  1                       0
    236 C0237                  1                       0
    246 C0247                  1                       0
    257 C0258                  1                       0
    276 C0277                  1                       0
    284 C0285                  1                       0
    287 C0288                  1                       0
    296 C0297                  1                       0
    315 C0316                  1                       0
    328 C0329                  1                       0
    339 C0340                  1                       0
    360 C0361                  1                       0
    377 C0378                  1                       0
    379 C0380                  1                       0
    387 C0388                  1                       0
    398 C0399                  1                       0
    415 C0416                  1                       0
    422 C0423                  1                       0
    445 C0446                  1                       0
    461 C0462                  1                       0
    463 C0464                  1                       0
    481 C0482                  1                       0
    486 C0487                  1                       0
    497 C0498                  1                       0
    507 C0508                  1                       0
    529 C0530                  1                       0
    536 C0537                  1                       0
    546 C0547                  1                       0
    569 C0570                  1                       0
    580 C0581                  1                       0
    586 C0587                  1                       0
    599 C0600                  1                      -1
    614 C0615                  1                       0
    616 C0617                  1                       0
    635 C0636                  1                       0
    651 C0652                  1                       0
    660 C0661                  1                       0
    675 C0676                  1                       0
    680 C0681                  1                       0
