Integer infeasible - objective value 154.00000000
      5 C0006                 40                       0
      6 C0007                 40                       0
      7 C0008                 40                       0
      8 C0009                 40                       0
      9 C0010                 40                       0
     10 C0011                 30                       0
     11 C0012                 30                       0
     12 C0013                 30                       0
     13 C0014                 30                       0
     14 C0015                 30                       0
     15 C0016                 50                       0
     16 C0017                 50                       0
     17 C0018                 50                       0
     18 C0019                 50                       0
     19 C0020                 50                       0
     20 C0021                300                       0
     21 C0022                300                       0
     22 C0023                300                       0
     23 C0024                300                       0
     24 C0025                300                       0
     25 C0026                120                       0
     26 C0027                120                       0
     27 C0028                120                       0
     28 C0029                120                       0
     29 C0030                120                       0
     30 C0031                160                       0
     31 C0032                160                       0
     32 C0033                160                       0
     33 C0034                160                       0
     34 C0035                160                       0
     35 C0036                 30                       0
     36 C0037                 30                       0
     37 C0038                 30                       0
     38 C0039                 30                       0
     39 C0040                 30                       0
     40 C0041                 40                       0
     41 C0042                 40                       0
     42 C0043                 40                       0
     43 C0044                 40                       0
     44 C0045                 40                       0
     45 C0046                200                       0
     46 C0047                200                       0
     47 C0048                200                       0
     48 C0049                200                       0
     49 C0050                200                       0
     50 C0051                400                       0
     51 C0052                400                       0
     52 C0053                400                       0
     53 C0054                400                       0
     54 C0055                400                       0
     55 C0056                310                       0
     56 C0057                310                       0
     57 C0058                310                       0
     58 C0059                310                       0
     59 C0060                310                       0
     60 C0061                410                       0
     61 C0062                410                       0
     62 C0063                410                       0
     63 C0064                410                       0
     64 C0065                410                       0
     65 C0066                100                       0
     66 C0067                100                       0
     67 C0068                100                       0
     68 C0069                100                       0
     69 C0070                100                       0
     70 C0071                120                       0
     71 C0072                120                       0
     72 C0073                120                       0
     73 C0074                120                       0
     74 C0075                120                       0
     75 C0076                 90                       0
     76 C0077                 90                       0
     77 C0078                 90                       0
     78 C0079                 90                       0
     79 C0080                 90                       0
     80 C0081                100                       0
     81 C0082                100                       0
     82 C0083          114.11111                       0
     83 C0084                100                       0
     84 C0085                100                       0
     85 C0086                 60                       0
     86 C0087                 60                       0
     87 C0088                 60                       0
     88 C0089                 60                       0
     89 C0090                 60                       0
     90 C0091                200                       0
     91 C0092                200                       0
     92 C0093                200                       0
     93 C0094                200                       0
     94 C0095                200                       0
     95 C0096                120                       0
     96 C0097                120                       0
     97 C0098                120                       0
     98 C0099                120                       0
     99 C0100                120                       0
    100 C0101                230                       0
    101 C0102                230                       0
    102 C0103                230                       0
    103 C0104                230                       0
    104 C0105                230                       0
    105 C0106                 45                       0
    106 C0107                 45                       0
    107 C0108                 45                       0
    108 C0109                 45                       0
    109 C0110                 45                       0
    110 C0111                 60                       0
    111 C0112                 60                       0
    112 C0113                 60                       0
    113 C0114                 60                       0
    114 C0115                 60                       0
    115 C0116                 90                       0
    116 C0117                 90                       0
    117 C0118                 90                       0
    118 C0119                 90                       0
    119 C0120                 90                       0
    120 C0121                100                       0
    121 C0122                100                       0
    122 C0123                100                       0
    123 C0124                100                       0
    124 C0125                100                       0
    125 C0126                290                       0
    126 C0127                290                       0
    127 C0128                290                       0
    128 C0129                290                       0
    129 C0130                290                       0
    130 C0131                160                       0
    131 C0132                160                       0
    132 C0133                160                       0
    133 C0134                160                       0
    134 C0135                160                       0
    135 C0136                100                       0
    136 C0137                100                       0
    137 C0138                100                       0
    138 C0139                100                       0
    139 C0140                100                       0
    140 C0141                 95                       0
    141 C0142                 95                       0
    142 C0143                 95                       0
    143 C0144                 95                       0
    144 C0145                 95                       0
    145 C0146                170                       0
    146 C0147                170                       0
    147 C0148                170                       0
    148 C0149                170                       0
    149 C0150                170                       0
    150 C0151                330                       0
    151 C0152                330                       0
    152 C0153                330                       0
    153 C0154                330                       0
    154 C0155                330                       0
    155 C0156                410                       0
    156 C0157                410                       0
    157 C0158                410                       0
    158 C0159                410                       0
    159 C0160                410                       0
    160 C0161                 10                       0
    161 C0162                 10                       0
    162 C0163                 10                       0
    163 C0164                 10                       0
    164 C0165                 10                       0
    165 C0166                120                       0
    166 C0167                120                       0
    167 C0168                120                       0
    168 C0169                120                       0
    169 C0170                120                       0
    170 C0171                 60                       0
    171 C0172                 60                       0
    172 C0173                 60                       0
    173 C0174                 60                       0
    174 C0175                 60                       0
    175 C0176                170                       0
    176 C0177                170                       0
    177 C0178                170                       0
    178 C0179                170                       0
    179 C0180                170                       0
    185 C0186        0.027777778                       0
    189 C0190         0.97222222                       0
    211 C0212        0.027777778                       0
    213 C0214         0.97222222                       0
    262 C0263         0.97222222                       0
    263 C0264        0.027777778                       0
    285 C0286        0.027777778                       0
    286 C0287         0.97222222                       0
    451 C0452              0.032                       0
    452 C0453              0.968                       0
    635 C0636        0.027777778                       0
    639 C0640         0.97222222                       0
    718 C0719              0.776                       0
    719 C0720              0.224                       0
    893 C0894              0.776                       0
    894 C0895              0.224                       0
    933 C0934              0.776                       0
    934 C0935              0.224                       0
   1055 C1056        0.027777778                       0
   1056 C1057         0.97222222                       0
   1321 C1322        0.027777778                       0
   1323 C1324         0.97222222                       0
   1481 C1482               0.73                       0
   1482 C1483               0.27                       0
   1543 C1544              0.776                       0
   1544 C1545              0.224                       0
   1576 C1577              0.076                       0
   1577 C1578              0.924                       0
   1606 C1607               0.93                       0
   1608 C1609               0.07                       0
   1622 C1623         0.97222222                       0
   1623 C1624        0.027777778                       0
   1770 C1771              0.176                       0
   1772 C1773              0.824                       0
   1876 C1877               0.73                       0
   1877 C1878               0.27                       0
   1940 C1941        0.027777778                       0
   1941 C1942         0.97222222                       0
   2187 C2188         0.97222222                       0
   2188 C2189        0.027777778                       0
   2322 C2323         0.97222222                       0
   2323 C2324        0.027777778                       0
   2366 C2367        0.027777778                       0
   2369 C2370         0.97222222                       0
   2541 C2542              0.918                       0
   2542 C2543              0.082                       0
   2583 C2584              0.776                       0
   2584 C2585              0.224                       0
   2641 C2642              0.032                       0
   2642 C2643              0.968                       0
   2875 C2876        0.027777778                       0
   2876 C2877         0.97222222                       0
   3054 C3055         0.97222222                       0
   3095 C3096        0.027777778                       0
   3128 C3129              0.776                       0
   3129 C3130              0.224                       0
   3271 C3272               0.93                       0
   3273 C3274               0.07                       0
   3321 C3322               0.73                       0
   3322 C3323               0.27                       0
   3477 C3478         0.97222222                       0
   3478 C3479        0.027777778                       0
   3626 C3627              0.918                       0
   3627 C3628              0.082                       0
   3741 C3742        0.027777778                       0
   3768 C3769         0.97222222                       0
   3785 C3786        0.027777778                       0
   3788 C3789         0.97222222                       0
   3826 C3827              0.076                       0
   3827 C3828              0.924                       0
   3906 C3907               0.73                       0
   3907 C3908               0.27                       0
   4062 C4063         0.97222222                       0
   4063 C4064        0.027777778                       0
   4291 C4292        0.027777778                       0
   4293 C4294         0.97222222                       0
   4365 C4366              0.176                       0
   4367 C4368              0.824                       0
