A-4-cuts;cgl;0;0;43.8935764025;67.53;0;0
A-4-cuts;cgl;1;42;44.4187060249;96.98;4348;0
A-4-cuts;cgl;2;125;44.5301925649;129.90;8974;0
A-4-cuts;cgl;3;184;44.6603501791;160.51;15802;0
A-4-cuts;cgl;4;245;44.6990775250;203.82;17244;0
A-4-cuts;cgl;5;282;44.7061352682;249.55;18778;0
A-4-cuts;cgl;6;317;44.7124196623;287.27;22220;0
A-4-cuts;cgl;7;351;44.7167140490;318.62;23946;0
A-4-cuts;cgl;8;374;44.7234303308;348.28;30386;0
A-4-cuts;cgl;9;407;44.7258092638;389.47;30494;0
A-4-cuts;cgl;10;425;44.7261915269;430.01;30664;0
A-4-cuts;cgl;11;442;44.7285054907;464.00;37103;0
A-4-cuts;cgl;12;467;44.7320481567;497.72;40713;0
A-4-cuts;cgl;13;484;44.7334188022;526.44;41009;0
A-4-cuts;cgl;14;500;44.7350051115;568.47;41343;0
A-4-cuts;cgl;15;521;44.7386038478;602.92;41344;0
A-4-cuts;cgl;16;540;44.7402092289;644.48;41355;0
A-4-cuts;cgl;17;549;44.7413213673;677.63;41364;0
A-4-cuts;cgl;18;561;44.7417251250;704.49;41373;0
A-4-cuts;cgl;19;574;44.7421000081;729.78;41376;0
A-4-cuts;cgl;20;583;44.7433869204;754.61;41377;0
A-4-cuts;cgl;21;599;44.7442184755;779.12;41768;0
A-4-cuts;cgl;22;612;44.7448711835;812.88;42130;0
A-4-cuts;cgl;23;627;44.7466774603;842.31;42299;0
A-4-cuts;cgl;24;633;44.7485569646;879.07;42303;0
A-4-cuts;cgl;25;645;44.7533864711;908.02;42338;0
A-4-cuts;cgl;26;658;44.7539188492;943.07;48779;0
A-4-cuts;cgl;27;669;44.7554589723;971.97;48786;0
A-4-cuts;cgl;28;680;44.7569774197;998.45;55228;0
A-4-cuts;cgl;29;697;44.7588518703;1027.45;57143;0
A-4-cuts;cgl;30;711;44.7593907659;1056.09;60617;0
A-4-cuts;cgl;31;721;44.7600496244;1083.38;60630;0
A-4-cuts;cgl;32;726;44.7603368176;1107.68;62349;0
A-4-cuts;cgl;33;734;44.7609274191;1133.60;62412;0
A-4-cuts;cgl;34;750;44.7616015286;1159.13;62447;0
A-4-cuts;cgl;35;757;44.7621846254;1189.97;62467;0
A-4-cuts;cgl;36;765;44.7624546886;1218.44;62480;0
A-4-cuts;cgl;37;777;44.7628066654;1242.84;62491;0
A-4-cuts;cgl;38;793;44.7630732324;1269.47;68975;0
A-4-cuts;cgl;39;800;44.7633125304;1300.22;68979;0
A-4-cuts;cgl;40;811;44.7652998837;1322.79;69204;0
A-4-cuts;cgl;41;819;44.7666699760;1353.06;69215;0
A-4-cuts;cgl;42;831;44.7670500673;1380.46;69235;0
A-4-cuts;cgl;43;844;44.7686263700;1417.87;69249;0
A-4-cuts;cgl;44;852;44.7689030137;1446.12;69257;0
A-4-cuts;cgl;45;861;44.7691551766;1477.81;69272;0
A-4-cuts;cgl;46;871;44.7707724088;1509.98;75715;0
A-4-cuts;cgl;47;884;44.7713977951;1540.22;75742;0
A-4-cuts;cgl;48;894;44.7720276334;1567.02;75762;0
A-4-cuts;cgl;49;906;44.7723405406;1598.19;75799;0
A-4-cuts;cgl;50;910;44.7723799597;1627.14;75801;0
A-4-cuts;cgl;51;910;44.7723799597;1627.14;75801,0
