fhnw-binschedule2;cgl;0;0;1706.8862544363;23.72;0;0
fhnw-binschedule2;cgl;1;761;1706.8862544363;28.01;16;0
fhnw-binschedule2;cgl;2;1182;1706.8862544363;31.36;23;0
fhnw-binschedule2;cgl;3;1649;1706.8862544363;35.66;33;0
fhnw-binschedule2;cgl;4;2195;1706.8862544363;40.26;47;0
fhnw-binschedule2;cgl;5;2684;1706.8862544363;45.93;51;0
fhnw-binschedule2;cgl;6;3444;1706.8970409144;54.88;73;0
fhnw-binschedule2;cgl;7;4275;1706.8974580764;65.30;94;0
fhnw-binschedule2;cgl;8;5249;1706.9222615164;81.06;118;0
fhnw-binschedule2;cgl;9;6158;1709.4518227568;97.81;137;0
fhnw-binschedule2;cgl;10;7099;1716.1961826371;121.45;174;0
fhnw-binschedule2;cgl;11;8142;1727.4189954056;143.98;201;0
fhnw-binschedule2;cgl;12;9045;1731.8619648990;161.03;228;0
fhnw-binschedule2;cgl;13;10130;1733.9582735739;180.78;251;0
fhnw-binschedule2;cgl;14;11001;1735.8937493660;216.18;268;0
fhnw-binschedule2;cgl;15;11808;1736.0654761905;236.46;309;0
fhnw-binschedule2;cgl;16;12606;1736.6547619048;261.11;330;0
fhnw-binschedule2;cgl;17;13609;1738.3297619048;285.30;358;0
fhnw-binschedule2;cgl;18;14565;1738.5977981503;343.23;368;0
fhnw-binschedule2;cgl;19;15673;1739.7240888555;447.57;383;0
fhnw-binschedule2;cgl;20;16478;1741.4226190476;487.42;404;0
fhnw-binschedule2;cgl;21;17347;1741.8392857143;516.95;408;0
fhnw-binschedule2;cgl;22;18207;1741.8392857143;549.13;429;0
fhnw-binschedule2;cgl;23;19330;1742.2261904762;591.53;442;0
fhnw-binschedule2;cgl;24;20316;1742.6130952381;634.13;452;0
fhnw-binschedule2;cgl;25;21263;1743.0000000000;694.26;471;0
fhnw-binschedule2;cgl;26;22841;1743.0132964330;789.54;496;0
fhnw-binschedule2;cgl;27;24442;1743.1269064528;852.93;526;0
fhnw-binschedule2;cgl;28;26176;1744.1651156928;994.71;572;0
fhnw-binschedule2;cgl;29;28572;1744.6516463550;1079.41;637;0
fhnw-binschedule2;cgl;30;29712;1744.6666666667;1117.88;661;0
fhnw-binschedule2;cgl;31;30148;1744.6666666667;1153.87;708;0
fhnw-binschedule2;cgl;32;30471;1744.6666666667;1194.67;753;0
fhnw-binschedule2;cgl;33;30977;1744.6666666667;1239.33;804;0
fhnw-binschedule2;cgl;34;31429;1744.7476851852;1302.58;903;0
fhnw-binschedule2;cgl;35;31983;1745.1663559352;1356.80;1012;0
fhnw-binschedule2;cgl;36;32485;1745.4389932984;1426.32;1144;0
fhnw-binschedule2;cgl;37;32924;1746.1878212152;1477.46;1290;0
fhnw-binschedule2;cgl;38;33250;1746.5634992719;1565.04;1364;0
fhnw-binschedule2;cgl;39;33791;1747.0534048921;1658.20;1426;0
fhnw-binschedule2;cgl;40;33860;1747.2027889090;1711.09;1445;0
fhnw-binschedule2;cgl;41;34138;1747.2713848021;1783.15;1474;0
fhnw-binschedule2;cgl;42;34163;1747.2764353071;1837.91;1482;0
fhnw-binschedule2;cgl;43;34285;1747.3312598685;1888.99;1495;0
fhnw-binschedule2;cgl;44;34468;1747.3312598685;1937.63;1507;0
fhnw-binschedule2;cgl;45;34471;1747.3383722441;1983.98;1512;0
fhnw-binschedule2;cgl;46;34481;1747.3383722441;2023.98;1513;0
fhnw-binschedule2;cgl;47;34481;1747.3383722441;2056.56;1513,0
