neos-3696678-lyvia;cgl;0;0;4.4226622462;0.50;0;0
neos-3696678-lyvia;cgl;1;926;8.1304307625;1.71;0;926
neos-3696678-lyvia;cgl;2;1441;46.7166937229;3.00;0;1441
neos-3696678-lyvia;cgl;3;1748;48.2894841270;4.36;0;1748
neos-3696678-lyvia;cgl;4;1926;49.9992694805;5.82;0;1926
neos-3696678-lyvia;cgl;5;2016;57.3262896825;7.14;0;2016
neos-3696678-lyvia;cgl;6;2045;58.1596230159;8.50;0;2045
neos-3696678-lyvia;cgl;7;2054;58.1596230159;9.90;0;2054
neos-3696678-lyvia;cgl;8;2056;58.1596230159;11.30;0;2056
neos-3696678-lyvia;cgl;9;2056;58.1596230159;12.65;0,2056
