neos-4738912-atrato;cgl;0;0;65143485.9941878840;0.41;0;0
neos-4738912-atrato;cgl;1;60;79932578.2573056519;0.53;0;5
neos-4738912-atrato;cgl;2;72;79945959.7851818800;0.58;0;5
neos-4738912-atrato;cgl;3;83;79950372.3965406716;0.64;1;5
neos-4738912-atrato;cgl;4;97;79960917.4327511489;0.69;1;5
neos-4738912-atrato;cgl;5;110;79962185.1996791959;0.74;1;5
neos-4738912-atrato;cgl;6;127;79974267.5205026269;0.80;1;5
neos-4738912-atrato;cgl;7;139;79990848.9392500222;0.85;1;5
neos-4738912-atrato;cgl;8;148;85915790.5930693299;0.91;1;5
neos-4738912-atrato;cgl;9;180;86427503.3218417019;0.99;39;5
neos-4738912-atrato;cgl;10;217;86891497.2255170047;1.07;131;7
neos-4738912-atrato;cgl;11;257;87494252.7049993128;1.14;309;7
neos-4738912-atrato;cgl;12;266;87614728.8790281266;1.21;359;7
neos-4738912-atrato;cgl;13;271;87704252.3165281117;1.27;377;7
neos-4738912-atrato;cgl;14;271;87704252.3165281117;1.31;377,7
