neos-4306827-ravan;cgl;0;0;-35696.9019131650;42.16;0;0
neos-4306827-ravan;cgl;1;147;-27252.2918827564;112.32;3;2
neos-4306827-ravan;cgl;2;307;-27107.9198516124;143.55;66;2
neos-4306827-ravan;cgl;3;420;-27106.2479452228;158.74;115;2
neos-4306827-ravan;cgl;4;481;-27106.2479452229;173.94;122;2
neos-4306827-ravan;cgl;5;542;-27106.2479452228;188.68;147;2
neos-4306827-ravan;cgl;6;571;-27106.2479452229;202.22;148;2
neos-4306827-ravan;cgl;7;590;-27106.2479452229;215.55;150;2
neos-4306827-ravan;cgl;8;603;-27106.2479452229;230.00;153;2
neos-4306827-ravan;cgl;9;610;-27106.2479452229;244.35;154;2
neos-4306827-ravan;cgl;10;616;-27106.2479452229;258.68;156;2
neos-4306827-ravan;cgl;11;622;-27106.2479452228;271.93;158;2
neos-4306827-ravan;cgl;12;628;-27106.2479452228;286.14;158;2
neos-4306827-ravan;cgl;13;634;-27106.2479452229;300.30;158;2
neos-4306827-ravan;cgl;14;640;-27106.2479452229;313.54;158;2
neos-4306827-ravan;cgl;15;645;-27106.2479452228;326.76;158;2
neos-4306827-ravan;cgl;16;651;-27106.2479452229;339.93;158;2
neos-4306827-ravan;cgl;17;657;-27100.6567427957;353.27;158;2
neos-4306827-ravan;cgl;18;661;-27100.6567427957;366.52;158;2
neos-4306827-ravan;cgl;19;665;-27084.0203925474;379.94;158;2
neos-4306827-ravan;cgl;20;669;-27084.0203925474;393.33;158;2
neos-4306827-ravan;cgl;21;670;-27084.0203925474;406.69;158;2
neos-4306827-ravan;cgl;22;670;-27084.0203925474;419.08;158,2
