routing_GCM_0002;cgl;0;0;52976.7813953488;5.47;0;0
routing_GCM_0002;cgl;1;15;52976.7813953488;9.92;0;4
routing_GCM_0002;cgl;2;24;52976.7813953489;14.30;0;4
routing_GCM_0002;cgl;3;32;52976.7813953489;18.78;0;4
routing_GCM_0002;cgl;4;41;52976.7813953489;23.26;0;4
routing_GCM_0002;cgl;5;52;52976.7813953489;27.80;0;4
routing_GCM_0002;cgl;6;59;52976.7813953489;32.39;0;4
routing_GCM_0002;cgl;7;65;52976.7813953489;36.75;0;4
routing_GCM_0002;cgl;8;70;52976.7813953489;41.08;0;4
routing_GCM_0002;cgl;9;75;52976.7813953488;45.44;0;4
routing_GCM_0002;cgl;10;81;52976.7813953488;49.93;0;4
routing_GCM_0002;cgl;11;86;52976.7813953488;54.40;0;4
routing_GCM_0002;cgl;12;90;52976.7813953488;58.95;0;4
routing_GCM_0002;cgl;13;94;52976.7813953488;63.55;0;4
routing_GCM_0002;cgl;14;98;52976.7813953488;67.94;0;4
routing_GCM_0002;cgl;15;102;52976.7813953488;72.46;0;4
routing_GCM_0002;cgl;16;106;52976.7813953488;76.99;0;4
routing_GCM_0002;cgl;17;109;52976.7813953488;81.52;0;4
routing_GCM_0002;cgl;18;112;52976.7813953488;85.97;0;4
routing_GCM_0002;cgl;19;114;52976.7813953488;90.45;0;4
routing_GCM_0002;cgl;20;116;52976.7813953488;94.93;0;4
routing_GCM_0002;cgl;21;117;52976.7813953488;99.57;0;4
routing_GCM_0002;cgl;22;119;52976.7813953488;104.16;0;4
routing_GCM_0002;cgl;23;120;52976.7813953488;108.75;0;4
routing_GCM_0002;cgl;24;122;52976.7813953488;113.26;0;4
routing_GCM_0002;cgl;25;123;52976.7813953488;117.76;0;4
routing_GCM_0002;cgl;26;125;52976.7813953488;122.18;0;4
routing_GCM_0002;cgl;27;127;52976.7813953488;126.66;0;4
routing_GCM_0002;cgl;28;129;52976.7813953488;131.12;0;4
routing_GCM_0002;cgl;29;131;52976.7813953488;135.64;0;4
routing_GCM_0002;cgl;30;133;52976.7813953488;140.15;0;4
routing_GCM_0002;cgl;31;134;52976.7813953488;144.67;0;4
routing_GCM_0002;cgl;32;135;52976.7813953488;149.24;0;4
routing_GCM_0002;cgl;33;136;52976.7813953488;153.83;0;4
routing_GCM_0002;cgl;34;137;52976.7813953488;158.40;0;4
routing_GCM_0002;cgl;35;137;52976.7813953488;162.84;0,4
