supportcase18;cgl;0;0;47.1866666667;2.36;0;0
supportcase18;cgl;1;75;47.1866666667;2.93;37;0
supportcase18;cgl;2;155;47.1866666667;3.55;71;0
supportcase18;cgl;3;238;47.1866666667;4.25;107;0
supportcase18;cgl;4;312;47.1866666667;4.97;138;0
supportcase18;cgl;5;379;47.1866666667;5.74;171;0
supportcase18;cgl;6;455;47.1866666667;6.54;191;0
supportcase18;cgl;7;527;47.1866666667;7.36;224;0
supportcase18;cgl;8;605;47.1866666667;8.26;239;0
supportcase18;cgl;9;691;47.1866666667;9.13;260;0
supportcase18;cgl;10;763;47.1866666667;10.02;285;0
supportcase18;cgl;11;853;47.1866666667;11.27;308;0
supportcase18;cgl;12;939;47.1866666667;12.34;341;0
supportcase18;cgl;13;1042;47.1866666667;13.34;381;0
supportcase18;cgl;14;1124;47.1866666667;14.27;413;0
supportcase18;cgl;15;1225;47.1866666667;15.43;442;0
supportcase18;cgl;16;1307;47.1866666667;16.50;481;0
supportcase18;cgl;17;1389;47.1866666667;17.57;521;0
supportcase18;cgl;18;1464;47.1866666667;18.68;566;0
supportcase18;cgl;19;1555;47.1866666667;19.88;589;0
supportcase18;cgl;20;1629;47.1866666667;20.94;605;0
supportcase18;cgl;21;1714;47.1866666667;22.15;618;0
supportcase18;cgl;22;1790;47.1866666667;23.40;633;0
supportcase18;cgl;23;1862;47.1866666667;24.50;660;0
supportcase18;cgl;24;1938;47.1866666667;25.74;690;0
supportcase18;cgl;25;2013;47.1866666667;26.90;717;0
supportcase18;cgl;26;2096;47.1866666667;28.09;735;0
supportcase18;cgl;27;2175;47.1866666667;29.39;787;0
supportcase18;cgl;28;2249;47.1866666667;30.72;822;0
supportcase18;cgl;29;2322;47.1866666667;31.99;852;0
supportcase18;cgl;30;2391;47.1866666667;33.23;875;0
supportcase18;cgl;31;2469;47.1866666667;34.52;931;0
supportcase18;cgl;32;2566;47.1866666667;35.95;1009;0
supportcase18;cgl;33;2649;47.1866666667;37.36;1019;0
supportcase18;cgl;34;2721;47.1866666667;38.91;1050;0
supportcase18;cgl;35;2799;47.1866666667;40.30;1080;0
supportcase18;cgl;36;2878;47.1866666667;41.95;1151;0
supportcase18;cgl;37;2956;47.1866666667;43.40;1207;0
supportcase18;cgl;38;3031;47.1866666667;44.97;1370;0
supportcase18;cgl;39;3122;47.1866666667;46.70;1405;0
supportcase18;cgl;40;3190;47.1866666667;48.27;1423;0
supportcase18;cgl;41;3272;47.1866666667;49.87;1463;0
supportcase18;cgl;42;3359;47.1866666667;51.79;1533;0
supportcase18;cgl;43;3440;47.1866666667;53.55;1619;0
supportcase18;cgl;44;3531;47.1866666667;55.26;1655;0
supportcase18;cgl;45;3605;47.1866666667;56.96;1910;0
supportcase18;cgl;46;3685;47.1866666667;58.86;1997;0
supportcase18;cgl;47;3769;47.1866666667;60.75;2035;0
supportcase18;cgl;48;3858;47.1866666667;62.43;2053;0
supportcase18;cgl;49;3930;47.1866666667;64.30;2107;0
supportcase18;cgl;50;4015;47.1866666667;66.03;2172;0
supportcase18;cgl;51;4015;47.1866666667;66.03;2172,0
