trdtatl9220;cgl;0;0;2647911.9700939008;4.08;0;0
trdtatl9220;cgl;1;385;2648287.1940643173;6.49;0;0
trdtatl9220;cgl;2;1140;2648795.9812509352;10.67;32;0
trdtatl9220;cgl;3;1947;2648994.5290586310;14.64;2002;0
trdtatl9220;cgl;4;2494;2649027.7834750614;17.87;7830;0
trdtatl9220;cgl;5;2786;2649038.2337084864;20.54;15664;0
trdtatl9220;cgl;6;2903;2649044.6147391479;22.54;18236;0
trdtatl9220;cgl;7;2995;2649046.5097087626;24.45;18634;0
trdtatl9220;cgl;8;3037;2649050.7997464039;26.73;18995;0
trdtatl9220;cgl;9;3088;2649054.9760245662;28.77;19603;0
trdtatl9220;cgl;10;3149;2649056.0022384459;30.69;20257;0
trdtatl9220;cgl;11;3166;2649057.5179893146;32.46;20325;0
trdtatl9220;cgl;12;3173;2649057.5545832529;34.14;20389;0
trdtatl9220;cgl;13;3183;2649058.1441035708;35.85;20677;0
trdtatl9220;cgl;14;3188;2649058.1594899911;37.52;20677;0
trdtatl9220;cgl;15;3188;2649058.1594899911;39.12;20677,0
