d801600;cgl;0;0;97034.0000000000;27.32;0;0
d801600;cgl;1;164;97034.0000000001;32.62;0;0
d801600;cgl;2;302;97033.9999999999;39.03;0;0
d801600;cgl;3;446;97034.0000000000;46.16;0;0
d801600;cgl;4;554;97034.0000000000;53.79;0;0
d801600;cgl;5;676;97034.0000000000;61.95;0;0
d801600;cgl;6;786;97034.0000000000;69.53;0;0
d801600;cgl;7;904;97034.0000000000;77.71;0;0
d801600;cgl;8;995;97033.9999999999;86.21;0;0
d801600;cgl;9;1080;97034.0000000000;94.42;0;0
d801600;cgl;10;1153;97034.0000000001;102.63;0;0
d801600;cgl;11;1237;97034.0000000000;111.00;0;0
d801600;cgl;12;1322;97034.0000000001;120.16;0;0
d801600;cgl;13;1410;97034.0000000000;129.05;0;0
d801600;cgl;14;1491;97033.9999999999;137.35;0;0
d801600;cgl;15;1568;97034.0000000000;145.22;0;0
d801600;cgl;16;1663;97033.9999999999;152.93;0;0
d801600;cgl;17;1749;97033.9999999999;162.41;0;0
d801600;cgl;18;1843;97034.0000000000;171.71;0;0
d801600;cgl;19;1936;97034.0000000000;181.24;0;0
d801600;cgl;20;2018;97034.0000000000;191.46;0;0
d801600;cgl;21;2094;97034.0000000000;201.81;0;0
d801600;cgl;22;2152;97034.0000000000;211.07;0;0
d801600;cgl;23;2217;97034.0000000000;219.82;0;0
d801600;cgl;24;2281;97034.0000000000;229.67;0;0
d801600;cgl;25;2335;97034.0000000000;239.42;0;0
d801600;cgl;26;2381;97033.9999999999;248.31;0;0
d801600;cgl;27;2427;97034.0000000000;257.06;0;0
d801600;cgl;28;2487;97034.0000000001;265.76;0;0
d801600;cgl;29;2515;97034.0000000001;274.67;0;0
d801600;cgl;30;2548;97034.0000000000;283.65;0;0
d801600;cgl;31;2620;97034.0000000000;292.66;0;0
d801600;cgl;32;2679;97034.0000000000;301.14;0;0
d801600;cgl;33;2733;97034.0000000001;310.17;0;0
d801600;cgl;34;2776;97033.9999999999;319.37;0;0
d801600;cgl;35;2829;97034.0000000000;328.54;0;0
d801600;cgl;36;2903;97034.0000000000;338.49;0;0
d801600;cgl;37;2965;97034.0000000000;347.16;0;0
d801600;cgl;38;3015;97033.9999999999;355.53;0;0
d801600;cgl;39;3062;97033.9999999999;365.43;0;0
d801600;cgl;40;3105;97034.0000000000;374.58;0;0
d801600;cgl;41;3150;97034.0000000000;383.49;0;0
d801600;cgl;42;3200;97034.0000000001;392.37;0;0
d801600;cgl;43;3236;97034.0000000000;403.42;0;0
d801600;cgl;44;3277;97033.9999999999;412.07;0;0
d801600;cgl;45;3331;97034.0000000000;421.43;0;0
d801600;cgl;46;3380;97034.0000000000;430.20;0;0
d801600;cgl;47;3419;97034.0000000000;439.51;0;0
d801600;cgl;48;3443;97034.0000000000;446.74;0;0
d801600;cgl;49;3468;97034.0000000000;455.46;0;0
d801600;cgl;50;3503;97034.0000000001;464.91;0;0
d801600;cgl;51;3503;97034.0000000001;464.91;0,0
