neos-4306827-ravan;cgl;0;0;-35696.9019131650;41.69;0;0
neos-4306827-ravan;cgl;1;148;-27252.2918827564;111.65;3;2
neos-4306827-ravan;cgl;2;307;-27107.9198516125;142.21;34;2
neos-4306827-ravan;cgl;3;424;-27106.2479452228;157.43;55;2
neos-4306827-ravan;cgl;4;499;-27106.2479452229;171.99;59;2
neos-4306827-ravan;cgl;5;560;-27106.2479452229;186.84;69;2
neos-4306827-ravan;cgl;6;591;-27106.2479452229;200.01;71;2
neos-4306827-ravan;cgl;7;617;-27106.2479452229;212.93;75;2
neos-4306827-ravan;cgl;8;630;-27106.2479452229;225.68;77;2
neos-4306827-ravan;cgl;9;641;-27106.2479452229;238.44;77;2
neos-4306827-ravan;cgl;10;649;-27106.2479452229;251.14;80;2
neos-4306827-ravan;cgl;11;656;-27106.2479452229;263.81;81;2
neos-4306827-ravan;cgl;12;663;-27106.2479452229;276.48;83;2
neos-4306827-ravan;cgl;13;669;-27106.2479452229;289.16;83;2
neos-4306827-ravan;cgl;14;675;-27106.2479452229;302.04;83;2
neos-4306827-ravan;cgl;15;680;-27106.2479452229;314.68;83;2
neos-4306827-ravan;cgl;16;685;-27106.2479452229;327.53;83;2
neos-4306827-ravan;cgl;17;691;-27100.6567427957;340.59;83;2
neos-4306827-ravan;cgl;18;695;-27100.6567427957;353.06;83;2
neos-4306827-ravan;cgl;19;699;-27084.0203925474;365.53;83;2
neos-4306827-ravan;cgl;20;701;-27084.0203925474;377.84;83;2
neos-4306827-ravan;cgl;21;701;-27084.0203925474;389.23;83,2
