neos-5261882-treska;cgl;0;0;22721.3280000000;0.99;0;0
neos-5261882-treska;cgl;1;40;22721.3280000000;1.11;0;0
neos-5261882-treska;cgl;2;100;22721.3280000000;1.26;0;0
neos-5261882-treska;cgl;3;115;22721.3280000000;1.43;0;0
neos-5261882-treska;cgl;4;137;22721.3280000000;1.61;0;0
neos-5261882-treska;cgl;5;161;22721.3280000000;1.83;0;0
neos-5261882-treska;cgl;6;185;22721.3280000000;2.02;0;0
neos-5261882-treska;cgl;7;205;22721.3280000000;2.20;0;0
neos-5261882-treska;cgl;8;220;22721.3280000000;2.41;0;0
neos-5261882-treska;cgl;9;241;22721.3280000000;2.66;76;0
neos-5261882-treska;cgl;10;259;22721.3280000000;2.87;76;0
neos-5261882-treska;cgl;11;278;22721.3280000000;3.14;76;0
neos-5261882-treska;cgl;12;299;22721.3280000000;3.45;76;0
neos-5261882-treska;cgl;13;324;22721.3280000000;3.79;177;0
neos-5261882-treska;cgl;14;359;22721.3280000000;4.10;253;0
neos-5261882-treska;cgl;15;389;22721.3280000000;4.43;253;0
neos-5261882-treska;cgl;16;431;22721.3280000000;4.87;253;0
neos-5261882-treska;cgl;17;467;22728.3475498922;5.49;2412;0
neos-5261882-treska;cgl;18;498;22746.4946745614;5.94;4342;0
neos-5261882-treska;cgl;19;521;22801.6742900886;6.39;5592;0
neos-5261882-treska;cgl;20;542;22817.7559133024;6.78;5592;0
neos-5261882-treska;cgl;21;560;22831.5634891437;7.32;5592;0
neos-5261882-treska;cgl;22;593;22870.5203336933;8.06;5592;0
neos-5261882-treska;cgl;23;613;22872.4065191746;8.76;5592;0
neos-5261882-treska;cgl;24;640;22885.7926918359;9.50;5592;0
neos-5261882-treska;cgl;25;665;22931.7366775210;10.60;5592;0
neos-5261882-treska;cgl;26;690;22938.5548306588;11.60;5592;0
neos-5261882-treska;cgl;27;717;23009.7306666667;13.17;5592;0
neos-5261882-treska;cgl;28;723;23009.7306666667;13.51;5592;0
neos-5261882-treska;cgl;29;727;23013.5117142857;13.92;5592;0
neos-5261882-treska;cgl;30;731;23013.9028571429;14.33;5592;0
neos-5261882-treska;cgl;31;738;23014.2940000000;14.79;5592;0
neos-5261882-treska;cgl;32;745;23014.5429090909;15.30;5592;0
neos-5261882-treska;cgl;33;751;23015.1364615385;15.75;5592;0
neos-5261882-treska;cgl;34;755;23016.6053623881;16.17;5592;0
neos-5261882-treska;cgl;35;759;23016.8825848881;16.64;5592;0
neos-5261882-treska;cgl;36;766;23018.2949025000;17.21;5592;0
neos-5261882-treska;cgl;37;773;23026.4469434483;17.84;5592;0
neos-5261882-treska;cgl;38;783;23026.7627897727;18.38;5592;0
neos-5261882-treska;cgl;39;803;23026.8374625000;18.90;5592;0
neos-5261882-treska;cgl;40;821;23035.9114422939;19.68;5592;0
neos-5261882-treska;cgl;41;839;23036.1982115165;20.35;5592;0
neos-5261882-treska;cgl;42;861;23039.1274103344;21.24;5592;0
neos-5261882-treska;cgl;43;877;23039.4338181818;21.94;5592;0
neos-5261882-treska;cgl;44;888;23041.6740000000;22.93;5592;0
neos-5261882-treska;cgl;45;892;23041.6740000000;23.41;5592;0
neos-5261882-treska;cgl;46;894;23041.6740000000;23.87;5592;0
neos-5261882-treska;cgl;47;900;23041.6740000000;24.50;5592;0
neos-5261882-treska;cgl;48;902;23041.6740000000;25.04;5592;0
neos-5261882-treska;cgl;49;905;23041.6740000000;25.95;5592;0
neos-5261882-treska;cgl;50;907;23041.6740000000;26.33;5592;0
neos-5261882-treska;cgl;51;907;23041.6740000000;26.33;5592,0
