p0282;cgl;0;0;176867.5033491131;0.01;0;0
p0282;cgl;1;79;224357.1936736297;0.19;0;0
p0282;cgl;2;116;247126.8068616894;0.32;0;0
p0282;cgl;3;163;252011.8885532006;0.39;0;0
p0282;cgl;4;218;253282.3490853124;0.61;0;0
p0282;cgl;5;242;253509.0153976749;0.69;0;0
p0282;cgl;6;253;253585.4378091987;0.81;0;0
p0282;cgl;7;266;253598.8713621506;0.93;0;0
p0282;cgl;8;278;253623.2156054770;1.05;0;0
p0282;cgl;9;284;253698.6801568439;1.18;0;0
p0282;cgl;10;293;253718.5623848771;1.30;0;0
p0282;cgl;11;294;253724.7788346678;1.42;0;0
p0282;cgl;12;296;253727.3940913292;1.54;0;0
p0282;cgl;13;299;253731.2957167976;1.66;0;0
p0282;cgl;14;300;253731.9815274793;1.78;0;0
p0282;cgl;15;303;253732.8076267284;1.90;0;0
p0282;cgl;16;303;253732.8076267284;2.02;0,0
