traininstance2;cgl;0;0;0.0000000000;0.67;0;0
traininstance2;cgl;1;12;0.0000000000;1.69;0;12
traininstance2;cgl;2;20;0.0000000000;2.94;0;20
traininstance2;cgl;3;27;0.0000000000;4.58;0;27
traininstance2;cgl;4;32;0.0000000000;6.39;0;32
traininstance2;cgl;5;40;0.0000000000;8.44;0;40
traininstance2;cgl;6;46;0.0000000000;10.93;0;46
traininstance2;cgl;7;51;0.0000000000;13.61;0;51
traininstance2;cgl;8;57;0.0000000000;16.61;0;57
traininstance2;cgl;9;63;0.0000000000;19.93;0;63
traininstance2;cgl;10;67;0.0000000000;23.60;0;67
traininstance2;cgl;11;71;0.0000000000;27.44;0;71
traininstance2;cgl;12;74;0.0000000000;31.55;0;74
traininstance2;cgl;13;78;0.0000000000;35.75;0;78
traininstance2;cgl;14;81;0.0000000000;40.18;0;81
traininstance2;cgl;15;84;0.0000000000;44.80;0;84
traininstance2;cgl;16;88;0.0000000000;49.59;0;88
traininstance2;cgl;17;90;0.0000000000;54.47;0;90
traininstance2;cgl;18;92;0.0000000000;59.48;0;92
traininstance2;cgl;19;95;0.0000000000;64.68;0;95
traininstance2;cgl;20;97;0.0000000000;70.03;0;97
traininstance2;cgl;21;99;0.0000000000;75.51;0;99
traininstance2;cgl;22;100;0.0000000000;81.12;0;100
traininstance2;cgl;23;101;0.0000000000;86.73;0;101
traininstance2;cgl;24;101;0.0000000000;92.26;0,101
