unitcc;cgl;0;0;74033.1413754058;1012.66;0;0
unitcc;cgl;1;6200;75633.5534807057;1523.99;0;0
unitcc;cgl;2;11607;75754.8408936067;2001.08;0;0
unitcc;cgl;3;15204;75798.0473812605;2464.22;0;0
unitcc;cgl;4;17931;75906.9956711659;2940.46;0;0
unitcc;cgl;5;20163;75914.0476256804;3426.58;0;0
unitcc;cgl;6;21995;75914.0481473102;3884.38;0;0
unitcc;cgl;7;23560;75914.0489907510;4319.30;0;0
unitcc;cgl;8;24959;75914.0495490071;4768.55;0;0
unitcc;cgl;9;26093;75914.0500791743;5216.12;0;0
unitcc;cgl;10;27164;75914.0503858787;5661.59;0;0
unitcc;cgl;11;28130;75914.0506253352;6107.40;0;0
unitcc;cgl;12;29143;75914.0507097880;6558.67;0;0
unitcc;cgl;13;29968;75914.0508297439;6999.93;0;0
unitcc;cgl;14;30600;75914.0509164929;7444.99;0;0
unitcc;cgl;15;31066;75914.0509773402;7890.98;0;0
unitcc;cgl;16;31466;75914.0510274757;8333.85;0;0
unitcc;cgl;17;31710;75914.0510541533;8760.02;0;0
unitcc;cgl;18;31945;75914.0510731727;9181.97;0;0
unitcc;cgl;19;32190;75914.0511442838;9603.82;0;0
unitcc;cgl;20;32414;75914.0511913543;10032.62;0;0
unitcc;cgl;21;32615;75914.0512368929;10465.87;0;0
