harp2;cgl;0;0;-74353341.5022996068;0.38;0;0
harp2;cgl;1;42;-74266766.6168511361;0.44;0;0
harp2;cgl;2;92;-74228425.8506034911;0.50;0;0
harp2;cgl;3;114;-74222698.8017980009;0.55;0;0
harp2;cgl;4;154;-74210256.6187389940;0.65;0;0
harp2;cgl;5;165;-74208630.7468062043;0.70;0;0
harp2;cgl;6;180;-74203530.9503147751;0.76;0;0
harp2;cgl;7;196;-74202620.4473035485;0.82;0;0
harp2;cgl;8;210;-74202077.6747144014;0.89;0;0
harp2;cgl;9;221;-74201344.8046208471;0.96;0;0
harp2;cgl;10;225;-74201181.9350791276;1.03;0;0
harp2;cgl;11;227;-74201125.4184948951;1.09;0;0
harp2;cgl;12;229;-74200908.3060077727;1.15;0;0
harp2;cgl;13;235;-74200825.1501608491;1.22;0;0
harp2;cgl;14;238;-74200806.6313694865;1.29;0;0
harp2;cgl;15;239;-74200805.9067901820;1.36;0;0
harp2;cgl;16;240;-74200764.0207231790;1.43;0;0
harp2;cgl;17;241;-74200756.0520540327;1.50;0;0
harp2;cgl;18;243;-74200750.5073370039;1.57;0;0
harp2;cgl;19;246;-74200732.7834776044;1.64;0;0
harp2;cgl;20;247;-74200721.6027107537;1.71;0;0
harp2;cgl;21;247;-74200721.6027107537;1.78;0,0
