j3041_1;cgl;0;0;0.1238959764;0.24;0;0
j3041_1;cgl;1;61;0.1524631158;0.36;137;0
j3041_1;cgl;2;108;0.2171786960;0.54;210;0
j3041_1;cgl;3;155;0.2939584941;0.76;292;0
j3041_1;cgl;4;213;0.3960538990;1.28;2301;0
j3041_1;cgl;5;267;0.4008220791;1.99;11137;0
j3041_1;cgl;6;321;0.5258352282;2.63;20447;0
j3041_1;cgl;7;363;0.5365962104;3.13;26890;0
j3041_1;cgl;8;411;0.5405158916;3.47;29661;0
j3041_1;cgl;9;440;0.5424525976;3.65;29739;0
j3041_1;cgl;10;483;0.5612799445;4.83;51007;0
j3041_1;cgl;11;530;0.5725387398;5.62;52723;0
j3041_1;cgl;12;568;0.5850676761;6.21;55380;0
j3041_1;cgl;13;606;0.5937423194;7.13;73565;0
j3041_1;cgl;14;648;0.6075548988;8.11;81467;0
j3041_1;cgl;15;675;0.6195447106;9.03;83245;0
j3041_1;cgl;16;721;0.6238863122;9.86;83738;0
j3041_1;cgl;17;742;0.6262475823;10.78;83998;0
j3041_1;cgl;18;761;0.6269697525;11.76;84502;0
j3041_1;cgl;19;776;0.6275114844;12.66;84689;0
j3041_1;cgl;20;791;0.6305582650;13.49;84719;0
j3041_1;cgl;21;807;0.6328646754;14.34;85285;0
j3041_1;cgl;22;817;0.6351122738;15.90;85454;0
j3041_1;cgl;23;833;0.6373776724;17.18;87293;0
j3041_1;cgl;24;839;0.6386714618;18.36;87726;0
j3041_1;cgl;25;849;0.6387056293;19.13;87890;0
j3041_1;cgl;26;859;0.6389097566;20.16;88076;0
j3041_1;cgl;27;867;0.6389463514;20.98;88091;0
j3041_1;cgl;28;871;0.6411980211;22.45;88460;0
j3041_1;cgl;29;879;0.6416994061;23.69;88635;0
j3041_1;cgl;30;885;0.6418772477;24.63;88681;0
j3041_1;cgl;31;889;0.6423159794;25.86;88986;0
j3041_1;cgl;32;896;0.6423255161;26.97;89206;0
j3041_1;cgl;33;899;0.6423835820;28.26;89646;0
j3041_1;cgl;34;901;0.6424369708;29.38;89646;0
j3041_1;cgl;35;904;0.6435179763;30.78;89647;0
j3041_1;cgl;36;909;0.6435293752;31.96;89832;0
j3041_1;cgl;37;913;0.6435660857;33.35;90121;0
j3041_1;cgl;38;916;0.6435877453;34.56;90121;0
j3041_1;cgl;39;919;0.6437212831;35.91;90341;0
j3041_1;cgl;40;922;0.6437413987;37.07;90461;0
j3041_1;cgl;41;925;0.6437413987;38.36;90681;0
j3041_1;cgl;42;927;0.6437493668;39.52;90801;0
j3041_1;cgl;43;930;0.6437689244;40.91;91031;0
j3041_1;cgl;44;931;0.6437689244;42.09;91031;0
j3041_1;cgl;45;932;0.6437689244;43.34;91031;0
j3041_1;cgl;46;934;0.6438013185;44.58;91033;0
j3041_1;cgl;47;935;0.6438013185;45.94;91033;0
j3041_1;cgl;48;936;0.6438013185;47.33;91033;0
j3041_1;cgl;49;946;0.6438171769;48.47;91065;0
j3041_1;cgl;50;948;0.6438171769;49.68;91065;0
j3041_1;cgl;51;948;0.6438171769;49.68;91065,0
