neos-4738912-atrato;cgl;0;0;65143485.9941878840;0.45;0;0
neos-4738912-atrato;cgl;1;60;79932578.2573056519;0.57;0;5
neos-4738912-atrato;cgl;2;72;79945959.7851818800;0.62;0;5
neos-4738912-atrato;cgl;3;83;79950372.3965406716;0.67;1;5
neos-4738912-atrato;cgl;4;97;79960917.4327511489;0.73;1;5
neos-4738912-atrato;cgl;5;110;79962185.1996791959;0.78;1;5
neos-4738912-atrato;cgl;6;127;79974267.5205026269;0.83;1;5
neos-4738912-atrato;cgl;7;139;79990848.9392500222;0.89;1;5
neos-4738912-atrato;cgl;8;148;85915790.5930693299;0.95;1;5
neos-4738912-atrato;cgl;9;180;86427503.3218417019;1.03;39;5
neos-4738912-atrato;cgl;10;217;86938012.2320159674;1.10;181;7
neos-4738912-atrato;cgl;11;243;87242595.1372458935;1.17;268;7
neos-4738912-atrato;cgl;12;256;87525205.4415281266;1.24;318;7
neos-4738912-atrato;cgl;13;265;87704252.3165281266;1.31;352;7
neos-4738912-atrato;cgl;14;265;87704252.3165281266;1.35;352,7
