neos-4409277-trave;cgl;0;0;0.0000000000;132.68;0;0
neos-4409277-trave;cgl;1;3;0.0000000000;148.63;6;0
neos-4409277-trave;cgl;2;6;0.0000000000;165.45;14;0
neos-4409277-trave;cgl;3;11;0.0000000000;181.92;64;0
neos-4409277-trave;cgl;4;14;0.0000000000;198.17;112;0
neos-4409277-trave;cgl;5;19;0.0000000000;215.06;171;0
neos-4409277-trave;cgl;6;24;0.0000000000;231.52;235;0
neos-4409277-trave;cgl;7;28;0.0000000000;248.40;248;0
neos-4409277-trave;cgl;8;34;0.0000000000;265.06;288;0
neos-4409277-trave;cgl;9;41;0.0000000000;283.27;313;0
neos-4409277-trave;cgl;10;46;0.0000000000;302.07;490;0
neos-4409277-trave;cgl;11;54;0.0000000000;321.73;593;0
neos-4409277-trave;cgl;12;61;0.0000000000;341.96;748;0
neos-4409277-trave;cgl;13;66;0.0000000000;361.75;798;0
neos-4409277-trave;cgl;14;72;0.0000000000;382.12;836;0
neos-4409277-trave;cgl;15;79;0.0000000000;402.42;890;0
neos-4409277-trave;cgl;16;87;0.0000000000;423.17;973;0
neos-4409277-trave;cgl;17;94;0.0000000000;445.01;1057;0
neos-4409277-trave;cgl;18;100;0.0000000000;467.25;1237;0
neos-4409277-trave;cgl;19;108;0.0000000000;489.35;1418;0
neos-4409277-trave;cgl;20;117;0.0000000000;512.58;1549;0
neos-4409277-trave;cgl;21;125;0.0000000000;536.01;1760;0
neos-4409277-trave;cgl;22;133;0.0000000000;560.86;1883;0
neos-4409277-trave;cgl;23;140;0.0000000000;586.37;1986;0
neos-4409277-trave;cgl;24;149;0.0000000000;612.38;2182;0
neos-4409277-trave;cgl;25;158;0.0000000000;638.86;2458;0
neos-4409277-trave;cgl;26;168;0.0000000000;665.91;2691;0
neos-4409277-trave;cgl;27;181;0.0000000000;693.54;2839;0
neos-4409277-trave;cgl;28;191;0.0000000000;721.59;3214;0
neos-4409277-trave;cgl;29;200;0.0000000000;749.92;3577;0
neos-4409277-trave;cgl;30;208;0.0000000000;779.12;3869;0
neos-4409277-trave;cgl;31;218;0.0000000000;808.63;4097;0
neos-4409277-trave;cgl;32;228;0.0000000000;838.80;4296;0
neos-4409277-trave;cgl;33;238;0.0000000000;869.65;4636;0
neos-4409277-trave;cgl;34;249;0.0000000000;901.24;4930;0
neos-4409277-trave;cgl;35;261;0.0000000000;933.75;5332;0
neos-4409277-trave;cgl;36;273;0.0000000000;967.24;5638;0
neos-4409277-trave;cgl;37;286;0.0000000000;1001.29;5925;0
neos-4409277-trave;cgl;38;297;0.0000000000;1035.99;6154;0
neos-4409277-trave;cgl;39;310;0.0000000000;1069.57;6629;0
neos-4409277-trave;cgl;40;325;0.0000000000;1104.91;6963;0
neos-4409277-trave;cgl;41;341;0.0000000000;1141.70;7571;0
neos-4409277-trave;cgl;42;355;0.0000000000;1179.72;7932;0
neos-4409277-trave;cgl;43;374;0.0000000000;1219.44;8578;0
neos-4409277-trave;cgl;44;388;0.0000000000;1259.04;9152;0
neos-4409277-trave;cgl;45;402;0.0000000000;1299.98;9707;0
neos-4409277-trave;cgl;46;417;0.0000000000;1341.56;10261;0
neos-4409277-trave;cgl;47;431;0.0000000000;1384.12;10678;0
neos-4409277-trave;cgl;48;450;0.0000000000;1426.31;11403;0
neos-4409277-trave;cgl;49;461;0.0000000000;1467.80;11869;0
neos-4409277-trave;cgl;50;475;0.0000000000;1509.71;12376;0
neos-4409277-trave;cgl;51;475;0.0000000000;1509.72;12376,0
