traininstance2;cgl;0;0;0.0000000000;0.60;0;0
traininstance2;cgl;1;12;0.0000000000;1.57;0;12
traininstance2;cgl;2;20;0.0000000000;2.76;0;20
traininstance2;cgl;3;26;0.0000000000;4.38;0;26
traininstance2;cgl;4;32;0.0000000000;6.04;0;32
traininstance2;cgl;5;38;0.0000000000;7.97;0;38
traininstance2;cgl;6;44;0.0000000000;10.24;0;44
traininstance2;cgl;7;51;0.0000000000;12.80;0;51
traininstance2;cgl;8;57;0.0000000000;15.73;0;57
traininstance2;cgl;9;63;0.0000000000;18.91;0;63
traininstance2;cgl;10;69;0.0000000000;22.41;0;69
traininstance2;cgl;11;77;0.0000000000;26.29;0;77
traininstance2;cgl;12;82;0.0000000000;30.48;0;82
traininstance2;cgl;13;89;0.0000000000;34.99;0;89
traininstance2;cgl;14;94;0.0000000000;39.77;0;94
traininstance2;cgl;15;99;0.0000000000;44.83;0;99
traininstance2;cgl;16;105;0.0000000000;50.07;0;105
traininstance2;cgl;17;110;0.0000000000;55.70;0;110
traininstance2;cgl;18;113;0.0000000000;61.58;0;113
traininstance2;cgl;19;114;0.0000000000;67.54;0;114
traininstance2;cgl;20;115;0.0000000000;73.56;0;115
traininstance2;cgl;21;116;0.0000000000;79.40;0;116
traininstance2;cgl;22;116;0.0000000000;85.24;0,116
