bl15_t;cgl;0;0;32220.0000000000;8.90;0;0
bl15_t;cgl;1;71;33698.2035934313;11.35;1;0
bl15_t;cgl;2;139;33843.6948718919;13.78;6;0
bl15_t;cgl;3;208;33955.0591947710;17.41;13;0
bl15_t;cgl;4;280;34007.7936543239;21.37;19;0
bl15_t;cgl;5;350;34052.8738627310;25.64;40;0
bl15_t;cgl;6;420;34107.2932061044;29.58;77;0
bl15_t;cgl;7;479;34126.6241522980;32.02;95;0
bl15_t;cgl;8;535;34153.1293625646;35.87;148;0
bl15_t;cgl;9;582;34167.3569889043;39.61;160;0
bl15_t;cgl;10;639;34176.7661965395;43.92;202;0
bl15_t;cgl;11;695;34184.6923140497;47.74;222;0
bl15_t;cgl;12;763;34194.2227945199;51.37;470;0
bl15_t;cgl;13;816;34203.5296486313;55.07;535;0
bl15_t;cgl;14;889;34215.8347021442;58.97;878;0
bl15_t;cgl;15;937;34220.5560361271;61.55;983;0
bl15_t;cgl;16;993;34223.7325271457;64.50;986;0
bl15_t;cgl;17;1031;34224.5115462308;66.30;1000;0
bl15_t;cgl;18;1068;34225.8659432655;68.75;1015;0
bl15_t;cgl;19;1132;34227.4145245370;71.68;1105;0
bl15_t;cgl;20;1148;34227.6365990845;73.12;1105;0
bl15_t;cgl;21;1184;34229.4630664339;75.81;1122;0
bl15_t;cgl;22;1218;34230.1104898797;78.61;1131;0
bl15_t;cgl;23;1250;34230.2188020217;80.88;1131;0
bl15_t;cgl;24;1262;34230.3571451199;82.13;1132;0
bl15_t;cgl;25;1267;34230.4458369637;83.29;1132;0
bl15_t;cgl;26;1283;34230.5392375760;84.89;1132;0
bl15_t;cgl;27;1291;34230.8479650717;86.95;1132;0
bl15_t;cgl;28;1297;34231.0847879362;89.05;1132;0
bl15_t;cgl;29;1304;34231.1954871476;90.71;1132;0
bl15_t;cgl;30;1323;34231.4621143861;92.58;1132;0
bl15_t;cgl;31;1332;34231.5214101922;94.53;1133;0
bl15_t;cgl;32;1345;34231.6479160759;96.40;1143;0
bl15_t;cgl;33;1346;34231.6865350623;98.07;1143;0
bl15_t;cgl;34;1354;34231.9452279712;100.15;1147;0
bl15_t;cgl;35;1368;34232.2432113368;102.52;1150;0
bl15_t;cgl;36;1379;34232.3965053760;104.95;1150;0
bl15_t;cgl;37;1381;34232.3966802167;105.85;1150;0
bl15_t;cgl;38;1383;34232.4038461538;106.71;1150;0
bl15_t;cgl;39;1383;34232.4038461538;107.18;1150,0
