BrazilInstance2;cgl;0;0;3.9999717840;4937.92;0;0
BrazilInstance2;cgl;1;1282;4.0000000000;5026.77;0;0
BrazilInstance2;cgl;2;2184;4.0000000000;5121.27;21;0
BrazilInstance2;cgl;3;2642;4.0000000000;5203.19;21;0
BrazilInstance2;cgl;4;2876;4.0000000000;5289.42;21;0
BrazilInstance2;cgl;5;3014;4.0000000000;5368.74;21;0
BrazilInstance2;cgl;6;3058;4.0000000000;5424.52;21;0
BrazilInstance2;cgl;7;3143;4.0000000000;5469.20;42;0
BrazilInstance2;cgl;8;3163;4.0000000000;5485.57;42;0
BrazilInstance2;cgl;9;3175;4.0000000000;5494.19;42;0
BrazilInstance2;cgl;10;3179;4.0000000000;5502.27;42;0
BrazilInstance2;cgl;11;3179;4.0000000000;5504.27;42,0
