neos-4409277-trave;cgl;0;0;0.0000000000;125.90;0;0
neos-4409277-trave;cgl;1;2;0.0000000000;142.11;23;0
neos-4409277-trave;cgl;2;5;0.0000000000;158.79;54;0
neos-4409277-trave;cgl;3;6;0.0000000000;176.09;99;0
neos-4409277-trave;cgl;4;7;0.0000000000;193.20;101;0
neos-4409277-trave;cgl;5;10;0.0000000000;209.91;113;0
neos-4409277-trave;cgl;6;15;0.0000000000;227.02;148;0
neos-4409277-trave;cgl;7;18;0.0000000000;242.36;180;0
neos-4409277-trave;cgl;8;22;0.0000000000;259.10;210;0
neos-4409277-trave;cgl;9;27;0.0000000000;275.68;373;0
neos-4409277-trave;cgl;10;30;0.0000000000;290.50;383;0
neos-4409277-trave;cgl;11;35;0.0000000000;305.67;429;0
neos-4409277-trave;cgl;12;39;0.0000000000;321.06;462;0
neos-4409277-trave;cgl;13;43;0.0000000000;336.68;537;0
neos-4409277-trave;cgl;14;47;0.0000000000;352.63;618;0
neos-4409277-trave;cgl;15;53;0.0000000000;368.72;773;0
neos-4409277-trave;cgl;16;57;0.0000000000;385.13;842;0
neos-4409277-trave;cgl;17;63;0.0000000000;401.73;952;0
neos-4409277-trave;cgl;18;67;0.0000000000;419.01;1054;0
neos-4409277-trave;cgl;19;72;0.0000000000;436.48;1142;0
neos-4409277-trave;cgl;20;78;0.0000000000;455.19;1404;0
neos-4409277-trave;cgl;21;84;0.0000000000;475.80;1662;0
neos-4409277-trave;cgl;22;91;0.0000000000;496.39;2033;0
neos-4409277-trave;cgl;23;97;0.0000000000;516.39;2188;0
neos-4409277-trave;cgl;24;104;0.0000000000;538.41;2510;0
neos-4409277-trave;cgl;25;111;0.0000000000;560.04;2760;0
neos-4409277-trave;cgl;26;118;0.0000000000;580.85;3032;0
neos-4409277-trave;cgl;27;127;0.0000000000;601.48;3257;0
neos-4409277-trave;cgl;28;135;0.0000000000;622.58;3424;0
neos-4409277-trave;cgl;29;143;0.0000000000;644.52;3683;0
neos-4409277-trave;cgl;30;148;0.0000000000;667.00;4012;0
neos-4409277-trave;cgl;31;156;0.0000000000;689.79;4294;0
neos-4409277-trave;cgl;32;161;0.0000000000;712.81;4539;0
neos-4409277-trave;cgl;33;168;0.0000000000;736.42;4727;0
neos-4409277-trave;cgl;34;177;0.0000000000;761.14;4942;0
neos-4409277-trave;cgl;35;187;0.0000000000;786.43;5249;0
neos-4409277-trave;cgl;36;195;0.0000000000;811.95;5395;0
neos-4409277-trave;cgl;37;206;0.0000000000;837.18;5578;0
neos-4409277-trave;cgl;38;217;0.0000000000;862.97;5892;0
neos-4409277-trave;cgl;39;230;0.0000000000;891.86;6183;0
neos-4409277-trave;cgl;40;239;0.0000000000;919.06;6498;0
neos-4409277-trave;cgl;41;251;0.0000000000;946.63;6912;0
neos-4409277-trave;cgl;42;263;0.0000000000;974.98;7310;0
neos-4409277-trave;cgl;43;275;0.0000000000;1004.11;7987;0
neos-4409277-trave;cgl;44;289;0.0000000000;1036.76;8445;0
neos-4409277-trave;cgl;45;300;0.0000000000;1068.18;8639;0
neos-4409277-trave;cgl;46;314;0.0000000000;1099.89;8955;0
neos-4409277-trave;cgl;47;329;0.0000000000;1132.59;9414;0
neos-4409277-trave;cgl;48;340;0.0000000000;1166.89;9808;0
neos-4409277-trave;cgl;49;350;0.0000000000;1202.29;10275;0
neos-4409277-trave;cgl;50;365;0.0000000000;1237.81;10578;0
neos-4409277-trave;cgl;51;365;0.0000000000;1237.81;10578,0
