neos-3118745-obra;cgl;0;0;253.8333333333;0.12;0;0
neos-3118745-obra;cgl;1;20;253.8333333333;0.18;0;0
neos-3118745-obra;cgl;2;39;253.8333333333;0.25;5;0
neos-3118745-obra;cgl;3;59;253.8333333333;0.31;5;0
neos-3118745-obra;cgl;4;75;253.8333333333;0.33;6;0
neos-3118745-obra;cgl;5;84;253.8333333333;0.36;6;0
neos-3118745-obra;cgl;6;96;253.8333333333;0.38;61;0
neos-3118745-obra;cgl;7;102;253.8333333333;0.41;61;0
neos-3118745-obra;cgl;8;105;253.8333333333;0.42;61;0
neos-3118745-obra;cgl;9;108;253.8333333333;0.44;61;0
neos-3118745-obra;cgl;10;110;253.8333333333;0.46;62;0
neos-3118745-obra;cgl;11;116;253.8333333333;0.50;98;0
neos-3118745-obra;cgl;12;120;253.8333333333;0.52;98;0
neos-3118745-obra;cgl;13;125;253.8333333333;0.56;98;0
neos-3118745-obra;cgl;14;130;253.8333333333;0.60;98;0
neos-3118745-obra;cgl;15;137;253.8333333333;0.67;148;0
neos-3118745-obra;cgl;16;139;253.8333333333;0.70;148;0
neos-3118745-obra;cgl;17;142;253.8333333333;0.72;154;0
neos-3118745-obra;cgl;18;149;253.8333333333;0.77;169;0
neos-3118745-obra;cgl;19;151;253.8333333333;0.80;169;0
neos-3118745-obra;cgl;20;154;253.8333333333;0.85;169;0
neos-3118745-obra;cgl;21;156;253.8333333333;0.91;169;0
neos-3118745-obra;cgl;22;159;253.8333333333;0.96;170;0
neos-3118745-obra;cgl;23;164;253.8333333333;1.03;170;0
neos-3118745-obra;cgl;24;168;253.8333333333;1.10;170;0
neos-3118745-obra;cgl;25;169;253.8333333333;1.15;170;0
neos-3118745-obra;cgl;26;170;253.8333333333;1.20;170;0
neos-3118745-obra;cgl;27;171;253.8333333333;1.26;170;0
neos-3118745-obra;cgl;28;172;253.8333333333;1.32;170;0
neos-3118745-obra;cgl;29;174;253.8333333333;1.40;170;0
neos-3118745-obra;cgl;30;175;253.8333333333;1.45;170;0
neos-3118745-obra;cgl;31;177;253.8333333333;1.51;170;0
neos-3118745-obra;cgl;32;180;253.8333333333;1.59;170;0
neos-3118745-obra;cgl;33;183;253.8333333333;1.64;170;0
neos-3118745-obra;cgl;34;186;253.8333333333;1.74;170;0
neos-3118745-obra;cgl;35;187;253.8333333333;1.77;170;0
neos-3118745-obra;cgl;36;189;253.8333333333;1.81;173;0
neos-3118745-obra;cgl;37;190;253.8333333333;1.86;173;0
neos-3118745-obra;cgl;38;191;253.8333333333;1.92;173;0
neos-3118745-obra;cgl;39;193;253.8333333333;1.97;173;0
neos-3118745-obra;cgl;40;195;253.8333333333;2.03;173;0
neos-3118745-obra;cgl;41;200;253.8333333333;2.10;173;0
neos-3118745-obra;cgl;42;201;253.8333333333;2.15;173;0
neos-3118745-obra;cgl;43;202;253.8333333333;2.24;173;0
neos-3118745-obra;cgl;44;205;253.8333333333;2.30;173;0
neos-3118745-obra;cgl;45;208;253.8333333333;2.37;173;0
neos-3118745-obra;cgl;46;211;253.8333333333;2.47;173;0
neos-3118745-obra;cgl;47;212;253.8333333333;2.51;173;0
neos-3118745-obra;cgl;48;213;253.8333333333;2.57;173;0
neos-3118745-obra;cgl;49;214;253.8333333333;2.62;173;0
neos-3118745-obra;cgl;50;219;253.8333333333;2.69;173;0
neos-3118745-obra;cgl;51;219;253.8333333333;2.69;173,0
