BrazilInstance2;cgl;0;0;3.9999717840;5068.61;0;0
BrazilInstance2;cgl;1;1282;4.0000000000;5165.37;0;0
BrazilInstance2;cgl;2;2184;4.0000000000;5263.59;21;0
BrazilInstance2;cgl;3;2642;4.0000000000;5350.40;21;0
BrazilInstance2;cgl;4;2876;4.0000000000;5440.57;21;0
BrazilInstance2;cgl;5;3014;4.0000000000;5521.46;21;0
BrazilInstance2;cgl;6;3058;4.0000000000;5575.97;21;0
BrazilInstance2;cgl;7;3142;4.0000000000;5618.04;21;0
BrazilInstance2;cgl;8;3162;4.0000000000;5629.16;21;0
BrazilInstance2;cgl;9;3166;4.0000000000;5636.92;21;0
BrazilInstance2;cgl;10;3166;4.0000000000;5638.91;21,0
