neos-4306827-ravan;cgl;0;0;-35696.9019131650;38.29;0;0
neos-4306827-ravan;cgl;1;150;-27252.2918827564;104.51;3;2
neos-4306827-ravan;cgl;2;312;-27107.9198516125;139.28;21;2
neos-4306827-ravan;cgl;3;428;-27106.2479452228;153.49;30;2
neos-4306827-ravan;cgl;4;519;-27106.2479452229;166.58;108;2
neos-4306827-ravan;cgl;5;562;-27106.2479452229;178.32;116;2
neos-4306827-ravan;cgl;6;597;-27106.2479452228;190.20;139;2
neos-4306827-ravan;cgl;7;614;-27106.2479452229;202.16;143;2
neos-4306827-ravan;cgl;8;635;-27106.2479452228;213.69;145;2
neos-4306827-ravan;cgl;9;650;-27106.2479452229;225.29;147;2
neos-4306827-ravan;cgl;10;664;-27106.2479452228;236.63;147;2
neos-4306827-ravan;cgl;11;671;-27106.2479452228;248.29;147;2
neos-4306827-ravan;cgl;12;684;-27106.2479452229;259.96;147;2
neos-4306827-ravan;cgl;13;689;-27106.2479452229;271.60;147;2
neos-4306827-ravan;cgl;14;694;-27106.2479452229;282.93;147;2
neos-4306827-ravan;cgl;15;699;-27106.2479452229;294.16;147;2
neos-4306827-ravan;cgl;16;704;-27106.2479452229;305.67;147;2
neos-4306827-ravan;cgl;17;710;-27100.6567427957;317.86;147;2
neos-4306827-ravan;cgl;18;714;-27100.6567427957;329.28;147;2
neos-4306827-ravan;cgl;19;718;-27084.0203925474;340.64;147;2
neos-4306827-ravan;cgl;20;721;-27084.0203925474;352.11;147;2
neos-4306827-ravan;cgl;21;722;-27084.0203925474;364.66;147;2
neos-4306827-ravan;cgl;22;722;-27084.0203925474;376.08;147,2
