routing_GCM_0002;cgl;0;0;52976.7813953488;5.64;0;0
routing_GCM_0002;cgl;1;14;52976.7813953488;10.02;0;4
routing_GCM_0002;cgl;2;23;52976.7813953489;14.39;0;4
routing_GCM_0002;cgl;3;31;52976.7813953489;18.73;0;4
routing_GCM_0002;cgl;4;40;52976.7813953489;23.04;0;4
routing_GCM_0002;cgl;5;50;52976.7813953489;27.42;0;4
routing_GCM_0002;cgl;6;57;52976.7813953489;31.77;0;4
routing_GCM_0002;cgl;7;63;52976.7813953489;36.12;0;4
routing_GCM_0002;cgl;8;68;52976.7813953489;40.47;0;4
routing_GCM_0002;cgl;9;73;52976.7813953489;44.84;0;4
routing_GCM_0002;cgl;10;78;52976.7813953489;49.23;0;4
routing_GCM_0002;cgl;11;83;52976.7813953489;53.65;0;4
routing_GCM_0002;cgl;12;88;52976.7813953489;58.01;0;4
routing_GCM_0002;cgl;13;93;52976.7813953488;62.41;0;4
routing_GCM_0002;cgl;14;98;52976.7813953489;66.74;0;4
routing_GCM_0002;cgl;15;104;52976.7813953488;71.09;0;5
routing_GCM_0002;cgl;16;108;52976.7813953488;75.49;0;5
routing_GCM_0002;cgl;17;112;52976.7813953488;79.90;0;5
routing_GCM_0002;cgl;18;116;52976.7813953488;84.25;0;5
routing_GCM_0002;cgl;19;118;52976.7813953488;88.58;0;5
routing_GCM_0002;cgl;20;120;52976.7813953488;92.91;0;5
routing_GCM_0002;cgl;21;121;52976.7813953488;97.27;0;5
routing_GCM_0002;cgl;22;123;52976.7813953488;101.63;0;5
routing_GCM_0002;cgl;23;125;52976.7813953488;106.00;0;5
routing_GCM_0002;cgl;24;127;52976.7813953488;110.40;0;5
routing_GCM_0002;cgl;25;129;52976.7813953488;114.74;0;5
routing_GCM_0002;cgl;26;131;52976.7813953488;119.10;0;5
routing_GCM_0002;cgl;27;133;52976.7813953488;123.44;0;5
routing_GCM_0002;cgl;28;135;52976.7813953488;127.80;0;5
routing_GCM_0002;cgl;29;136;52976.7813953488;132.25;0;5
routing_GCM_0002;cgl;30;138;52976.7813953488;136.69;0;5
routing_GCM_0002;cgl;31;140;52976.7813953488;141.15;0;5
routing_GCM_0002;cgl;32;141;52976.7813953488;145.72;0;5
routing_GCM_0002;cgl;33;142;52976.7813953488;150.30;0;5
routing_GCM_0002;cgl;34;142;52976.7813953488;154.74;0,5
