routing_GCM_0014;cgl;0;0;12125.4867724867;12.59;0;0
routing_GCM_0014;cgl;1;15;12125.4867724867;18.85;0;3
routing_GCM_0014;cgl;2;24;12125.4867724867;25.09;0;4
routing_GCM_0014;cgl;3;33;12125.4867724867;31.29;0;4
routing_GCM_0014;cgl;4;43;12125.4867724867;37.47;0;4
routing_GCM_0014;cgl;5;52;12125.4867724867;43.68;0;4
routing_GCM_0014;cgl;6;61;12125.4867724867;49.86;0;4
routing_GCM_0014;cgl;7;71;12125.4867724867;56.03;0;4
routing_GCM_0014;cgl;8;80;12125.4867724867;62.26;0;4
routing_GCM_0014;cgl;9;89;12125.4867724867;68.50;0;4
routing_GCM_0014;cgl;10;98;12125.4867724867;74.75;0;4
routing_GCM_0014;cgl;11;107;12125.4867724867;81.06;0;4
routing_GCM_0014;cgl;12;116;12125.4867724867;87.32;0;4
routing_GCM_0014;cgl;13;125;12125.4867724867;93.54;0;4
routing_GCM_0014;cgl;14;134;12125.4867724867;99.88;0;4
routing_GCM_0014;cgl;15;143;12125.4867724867;106.15;0;4
routing_GCM_0014;cgl;16;151;12125.4867724867;112.41;0;4
routing_GCM_0014;cgl;17;159;12125.4867724867;118.72;0;4
routing_GCM_0014;cgl;18;167;12125.4867724867;125.07;0;4
routing_GCM_0014;cgl;19;175;12125.4867724867;131.37;0;4
routing_GCM_0014;cgl;20;181;12125.4867724867;137.74;0;4
routing_GCM_0014;cgl;21;187;12125.4867724867;144.19;0;4
routing_GCM_0014;cgl;22;193;12125.4867724867;150.69;0;4
routing_GCM_0014;cgl;23;199;12125.4867724868;157.15;0;4
routing_GCM_0014;cgl;24;204;12125.4867724867;163.61;0;4
routing_GCM_0014;cgl;25;209;12125.4867724868;170.02;0;4
routing_GCM_0014;cgl;26;214;12125.4867724868;176.43;0;4
routing_GCM_0014;cgl;27;219;12125.4867724867;182.83;0;4
routing_GCM_0014;cgl;28;224;12125.4867724867;189.10;0;4
routing_GCM_0014;cgl;29;229;12125.4867724867;195.40;0;4
routing_GCM_0014;cgl;30;234;12125.4867724867;201.73;0;4
routing_GCM_0014;cgl;31;239;12125.4867724867;208.00;0;4
routing_GCM_0014;cgl;32;244;12125.4867724867;214.35;0;4
routing_GCM_0014;cgl;33;249;12125.4867724867;220.69;0;4
routing_GCM_0014;cgl;34;252;12125.4867724867;226.95;0;4
routing_GCM_0014;cgl;35;255;12125.4867724867;233.20;0;4
routing_GCM_0014;cgl;36;258;12125.4867724867;239.45;0;4
routing_GCM_0014;cgl;37;261;12125.4867724867;245.65;0;4
routing_GCM_0014;cgl;38;263;12125.4867724867;251.83;0;4
routing_GCM_0014;cgl;39;265;12125.4867724867;258.03;0;4
routing_GCM_0014;cgl;40;267;12125.4867724867;264.29;0;4
routing_GCM_0014;cgl;41;269;12125.4867724867;270.49;0;4
routing_GCM_0014;cgl;42;271;12125.4867724867;276.76;0;4
routing_GCM_0014;cgl;43;273;12125.4867724867;283.02;0;4
routing_GCM_0014;cgl;44;275;12125.4867724867;289.27;0;4
routing_GCM_0014;cgl;45;275;12125.4867724867;295.39;0,4
