stdc0025;cgl;0;0;-1743072.6205816469;4.29;0;0
stdc0025;cgl;1;384;13279184.3400079198;14.83;15;0
stdc0025;cgl;2;970;14737369.5524144638;29.14;106;0
stdc0025;cgl;3;2447;14778794.1646902114;46.34;204;0
stdc0025;cgl;4;6512;14826566.6661663782;76.48;280;0
stdc0025;cgl;5;16853;14893628.3644437976;139.02;388;0
stdc0025;cgl;6;38615;14899477.9407633040;292.83;500;0
stdc0025;cgl;7;78045;14899479.4984618071;702.80;584;0
stdc0025;cgl;8;112463;14902260.7629058659;1249.38;648;0
stdc0025;cgl;9;141114;14907821.6028238256;1888.11;675;0
stdc0025;cgl;10;166600;14907821.6133776009;2722.64;707;0
stdc0025;cgl;11;180226;14907821.7392909117;3472.82;755;0
stdc0025;cgl;12;184622;14907824.0797153618;4267.97;781;0
stdc0025;cgl;13;192637;14907824.0797181316;5033.18;809;0
stdc0025;cgl;14;201543;14907824.0797190256;5842.41;835;0
stdc0025;cgl;15;206379;14907824.0797218662;6667.09;853;0
stdc0025;cgl;16;207859;14907824.0871977601;7460.86;859;0
stdc0025;cgl;17;209553;14907824.0872003417;8241.71;868;0
stdc0025;cgl;18;210983;14907824.1018354967;8967.68;879;0
stdc0025;cgl;19;212886;14907824.1018308401;9535.78;889;0
stdc0025;cgl-opt;20;219867;14907824.1018308159;10095.24;898;0
