academictimetablebig;cgl;0;0;25.4444444444;1317.55;0;0
academictimetablebig;cgl;1;4098;425.4444444444;1721.10;5;0
academictimetablebig;cgl;2;6246;425.4444444444;2046.39;24;0
academictimetablebig;cgl;3;7657;425.4444444444;2334.15;30;0
academictimetablebig;cgl;4;8540;425.4444444444;2642.42;37;0
academictimetablebig;cgl;5;9137;425.4444444444;2893.23;37;0
academictimetablebig;cgl;6;9534;425.4444444444;3121.48;37;0
academictimetablebig;cgl;7;9779;425.4444444444;3330.88;39;0
academictimetablebig;cgl;8;10011;425.4444444444;3520.59;39;0
academictimetablebig;cgl;9;10146;425.4444444444;3675.04;48;0
academictimetablebig;cgl;10;10236;425.4444444444;3809.76;48;0
academictimetablebig;cgl;11;10299;425.4444444444;3909.69;48;0
academictimetablebig;cgl;12;10335;425.4444444444;4003.92;48;0
academictimetablebig;cgl;13;10351;425.4444444444;4093.39;49;0
academictimetablebig;cgl;14;10375;425.4444444444;4194.18;49;0
academictimetablebig;cgl;15;10391;425.4444444444;4302.78;49;0
academictimetablebig;cgl;16;10404;425.4444444444;4388.02;49;0
academictimetablebig;cgl;17;10423;425.4444444444;4470.59;49;0
academictimetablebig;cgl;18;10428;425.4444444444;4536.59;49;0
academictimetablebig;cgl;19;10429;425.4444444444;4602.40;49;0
academictimetablebig;cgl;20;10429;425.4444444444;4667.39;49,0
