BrazilInstance2;cgl;0;0;3.9999717840;5240.88;0;0
BrazilInstance2;cgl;1;1282;4.0000000000;5325.41;0;0
BrazilInstance2;cgl;2;2184;4.0000000000;5422.80;21;0
BrazilInstance2;cgl;3;2642;4.0000000000;5507.02;21;0
BrazilInstance2;cgl;4;2876;4.0000000000;5598.42;21;0
BrazilInstance2;cgl;5;3014;4.0000000000;5676.41;21;0
BrazilInstance2;cgl;6;3058;4.0000000000;5734.18;21;0
BrazilInstance2;cgl;7;3142;4.0000000000;5778.14;21;0
BrazilInstance2;cgl;8;3162;4.0000000000;5790.14;21;0
BrazilInstance2;cgl;9;3166;4.0000000000;5797.73;21;0
BrazilInstance2;cgl;10;3166;4.0000000000;5799.79;21,0
