j3050_8;cgl;0;0;-0.0000000000;0.06;0;0
j3050_8;cgl;1;19;0.0000000000;0.26;11;0
j3050_8;cgl;2;38;0.0000000000;0.32;45;0
j3050_8;cgl;3;69;0.0000000000;0.40;87;0
j3050_8;cgl;4;80;0.0000000000;0.45;94;0
j3050_8;cgl;5;97;0.0000000000;0.55;126;0
j3050_8;cgl;6;109;0.0000000000;0.62;135;0
j3050_8;cgl;7;121;0.0000000000;0.70;188;0
j3050_8;cgl;8;129;0.0000000000;0.80;353;0
j3050_8;cgl;9;132;0.0000000000;0.89;363;0
j3050_8;cgl;10;135;0.0000000000;0.97;364;0
j3050_8;cgl;11;139;0.0000000000;1.06;374;0
j3050_8;cgl;12;139;0.0000000000;1.13;374,0
