neos-1593097;cgl;0;0;4424.0000000000;5.17;0;0
neos-1593097;cgl;1;172;4424.0000000000;7.79;610;0
neos-1593097;cgl;2;313;4424.0000000000;10.61;1562;0
neos-1593097;cgl;3;461;4424.0000000000;13.73;2378;0
neos-1593097;cgl;4;567;4424.0000000000;16.83;3095;0
neos-1593097;cgl;5;657;4424.0000000000;20.18;3557;0
neos-1593097;cgl;6;734;4424.0000000000;23.63;4060;0
neos-1593097;cgl;7;841;4424.0000000000;27.26;4419;0
neos-1593097;cgl;8;916;4424.0000000000;30.66;4794;0
neos-1593097;cgl;9;1000;4424.0000000000;34.09;5104;0
neos-1593097;cgl;10;1055;4424.0000000000;37.35;5205;0
neos-1593097;cgl;11;1108;4424.0000000000;40.81;5408;0
neos-1593097;cgl;12;1176;4424.0000000000;44.23;5698;0
neos-1593097;cgl;13;1224;4424.0000000000;47.68;5776;0
neos-1593097;cgl;14;1291;4424.0000000000;51.47;6129;0
neos-1593097;cgl;15;1336;4424.0000000000;54.92;6358;0
neos-1593097;cgl;16;1379;4424.0000000000;58.48;6467;0
neos-1593097;cgl;17;1428;4424.0000000000;62.11;6599;0
neos-1593097;cgl;18;1470;4424.0000000000;65.53;6739;0
neos-1593097;cgl;19;1504;4424.0000000000;69.17;6872;0
neos-1593097;cgl;20;1551;4424.0000000000;73.01;7052;0
neos-1593097;cgl;21;1595;4424.0000000000;76.77;7141;0
neos-1593097;cgl;22;1636;4424.0000000000;80.45;7240;0
neos-1593097;cgl;23;1678;4424.0000000000;84.16;7395;0
neos-1593097;cgl;24;1724;4424.0000000000;87.91;7517;0
neos-1593097;cgl;25;1773;4424.0000000000;91.67;7754;0
neos-1593097;cgl;26;1814;4424.0000000000;95.47;7889;0
neos-1593097;cgl;27;1844;4424.0000000000;99.20;7923;0
neos-1593097;cgl;28;1885;4424.0000000000;102.93;8003;0
neos-1593097;cgl;29;1918;4424.0000000000;106.50;8244;0
neos-1593097;cgl;30;1961;4424.0000000000;110.21;8389;0
neos-1593097;cgl;31;2005;4424.0000000000;114.11;8501;0
neos-1593097;cgl;32;2042;4424.0000000000;118.03;8608;0
neos-1593097;cgl;33;2085;4424.0000000000;121.83;8660;0
neos-1593097;cgl;34;2132;4424.0000000000;125.64;8774;0
neos-1593097;cgl;35;2171;4424.0000000000;129.40;8999;0
neos-1593097;cgl;36;2214;4424.0000000000;133.26;9093;0
neos-1593097;cgl;37;2247;4424.0000000000;137.07;9239;0
neos-1593097;cgl;38;2280;4424.0000000000;140.94;9275;0
neos-1593097;cgl;39;2313;4424.0000000000;144.52;9336;0
neos-1593097;cgl;40;2359;4424.0000000000;148.49;9480;0
neos-1593097;cgl;41;2396;4424.0000000000;152.60;9508;0
neos-1593097;cgl;42;2435;4424.0000000000;156.55;9550;0
neos-1593097;cgl;43;2469;4424.0000000000;160.54;9608;0
neos-1593097;cgl;44;2501;4424.0000000000;164.35;9642;0
neos-1593097;cgl;45;2530;4424.0000000000;168.31;9660;0
neos-1593097;cgl;46;2560;4424.0000000000;172.33;9722;0
neos-1593097;cgl;47;2588;4424.0000000000;176.40;9799;0
neos-1593097;cgl;48;2628;4424.0000000000;180.67;9873;0
neos-1593097;cgl;49;2663;4424.0000000000;184.89;9908;0
neos-1593097;cgl;50;2700;4424.0000000000;189.09;9947;0
neos-1593097;cgl;51;2700;4424.0000000000;189.09;9947,0
