neos-2991472-kalu;cgl;0;0;0.0000000000;140.55;0;0
neos-2991472-kalu;cgl;1;25;0.0000000000;476.69;2;0
neos-2991472-kalu;cgl;2;49;0.0000000000;796.03;812;0
neos-2991472-kalu;cgl;3;70;0.0000000000;1120.19;812;0
neos-2991472-kalu;cgl;4;86;0.0000000000;1438.78;812;0
neos-2991472-kalu;cgl;5;104;0.0000000000;1753.25;812;0
neos-2991472-kalu;cgl;6;125;0.0000000000;2066.20;812;0
neos-2991472-kalu;cgl;7;138;0.0000000000;2383.95;812;0
neos-2991472-kalu;cgl;8;154;0.0000000000;2693.73;812;0
neos-2991472-kalu;cgl;9;170;0.0000000000;3000.31;812;0
neos-2991472-kalu;cgl;10;181;0.0000000000;3275.10;812;0
neos-2991472-kalu;cgl;11;192;0.0000000000;3556.37;812;0
neos-2991472-kalu;cgl;12;202;0.0000000000;3846.26;812;0
neos-2991472-kalu;cgl;13;216;0.0000000000;4136.49;812;0
neos-2991472-kalu;cgl;14;225;0.0000000000;4411.82;812;0
neos-2991472-kalu;cgl;15;235;0.0000000000;4699.94;812;0
neos-2991472-kalu;cgl;16;247;0.0000000000;5002.16;812;0
neos-2991472-kalu;cgl;17;262;0.0000000000;5275.75;812;0
neos-2991472-kalu;cgl;18;271;0.0000000000;5562.46;812;0
neos-2991472-kalu;cgl;19;279;0.0000000000;5873.94;812;0
neos-2991472-kalu;cgl;20;291;0.0000000000;6187.26;812;0
neos-2991472-kalu;cgl;21;306;0.0000000000;6480.23;812;0
neos-2991472-kalu;cgl;22;318;0.0000000000;6756.45;812;0
neos-2991472-kalu;cgl;23;328;0.0000000000;7047.18;812;0
neos-2991472-kalu;cgl;24;335;0.0000000000;7351.40;817;0
neos-2991472-kalu;cgl;25;346;0.0000000000;7650.11;817;0
neos-2991472-kalu;cgl;26;354;0.0000000000;7946.19;817;0
neos-2991472-kalu;cgl;27;357;0.0000000000;8233.09;817;0
neos-2991472-kalu;cgl;28;363;0.0000000000;8531.30;817;0
neos-2991472-kalu;cgl;29;371;0.0000000000;8816.18;817;0
neos-2991472-kalu;cgl;30;376;0.0000000000;9104.27;817;0
neos-2991472-kalu;cgl;31;381;0.0000000000;9409.98;817;0
neos-2991472-kalu;cgl;32;389;0.0000000000;9701.65;817;0
neos-2991472-kalu;cgl;33;394;0.0000000000;10008.18;817;0
neos-2991472-kalu;cgl;34;399;0.0000000000;10321.85;1321;0
neos-2991472-kalu;cgl-opt;35;406;0.0000000000;10613.41;1321;0
