neos-555884;cgl;0;0;1026121.8360550249;0.57;0;0
neos-555884;cgl;1;798;1112400.0000000000;2.27;42;0
neos-555884;cgl;2;1170;1112399.9999999998;4.20;62;0
neos-555884;cgl;3;1568;1112400.0000000000;6.35;85;0
neos-555884;cgl;4;1797;1112400.0000000000;8.52;100;0
neos-555884;cgl;5;1928;1112400.0000000000;10.70;111;0
neos-555884;cgl;6;2037;1112400.0000000000;12.82;120;0
neos-555884;cgl;7;2084;1112399.9999999998;14.85;124;0
neos-555884;cgl;8;2141;1112400.0000000000;16.88;127;0
neos-555884;cgl;9;2162;1112400.0000000000;18.88;132;0
neos-555884;cgl;10;2175;1112400.0000000000;20.88;132;0
neos-555884;cgl;11;2188;1112400.0000000000;22.86;133;0
neos-555884;cgl;12;2190;1112400.0000000000;24.86;133;0
neos-555884;cgl;13;2195;1112400.0000000000;26.80;136;0
neos-555884;cgl;14;2206;1112400.0000000000;28.62;136;0
neos-555884;cgl;15;2207;1112400.0000000000;30.42;136;0
neos-555884;cgl;16;2207;1112400.0000000000;32.19;136,0
