routing_GCM_0014;cgl;0;0;12125.4867724867;11.66;0;0
routing_GCM_0014;cgl;1;15;12125.4867724867;17.62;0;3
routing_GCM_0014;cgl;2;24;12125.4867724867;23.62;0;4
routing_GCM_0014;cgl;3;33;12125.4867724867;29.83;0;4
routing_GCM_0014;cgl;4;43;12125.4867724867;36.02;0;4
routing_GCM_0014;cgl;5;52;12125.4867724867;42.20;0;4
routing_GCM_0014;cgl;6;61;12125.4867724867;48.37;0;4
routing_GCM_0014;cgl;7;70;12125.4867724867;54.49;0;4
routing_GCM_0014;cgl;8;80;12125.4867724867;60.77;0;4
routing_GCM_0014;cgl;9;89;12125.4867724867;66.96;0;4
routing_GCM_0014;cgl;10;98;12125.4867724867;73.18;0;4
routing_GCM_0014;cgl;11;107;12125.4867724867;79.33;0;4
routing_GCM_0014;cgl;12;116;12125.4867724867;85.58;0;4
routing_GCM_0014;cgl;13;125;12125.4867724867;91.88;0;4
routing_GCM_0014;cgl;14;134;12125.4867724867;98.13;0;4
routing_GCM_0014;cgl;15;143;12125.4867724867;104.38;0;4
routing_GCM_0014;cgl;16;151;12125.4867724867;110.58;0;4
routing_GCM_0014;cgl;17;159;12125.4867724867;116.79;0;4
routing_GCM_0014;cgl;18;167;12125.4867724867;123.10;0;4
routing_GCM_0014;cgl;19;175;12125.4867724867;129.36;0;4
routing_GCM_0014;cgl;20;181;12125.4867724867;135.38;0;4
routing_GCM_0014;cgl;21;187;12125.4867724867;141.39;0;4
routing_GCM_0014;cgl;22;193;12125.4867724867;147.58;0;4
routing_GCM_0014;cgl;23;199;12125.4867724867;153.74;0;4
routing_GCM_0014;cgl;24;204;12125.4867724867;159.90;0;4
routing_GCM_0014;cgl;25;209;12125.4867724867;166.14;0;4
routing_GCM_0014;cgl;26;214;12125.4867724867;172.28;0;4
routing_GCM_0014;cgl;27;219;12125.4867724867;178.44;0;4
routing_GCM_0014;cgl;28;224;12125.4867724867;184.63;0;4
routing_GCM_0014;cgl;29;229;12125.4867724867;190.89;0;4
routing_GCM_0014;cgl;30;235;12125.4867724867;197.18;0;4
routing_GCM_0014;cgl;31;240;12125.4867724867;203.42;0;4
routing_GCM_0014;cgl;32;245;12125.4867724867;209.67;0;4
routing_GCM_0014;cgl;33;250;12125.4867724867;215.97;0;4
routing_GCM_0014;cgl;34;254;12125.4867724867;222.25;0;4
routing_GCM_0014;cgl;35;257;12125.4867724867;228.54;0;4
routing_GCM_0014;cgl;36;260;12125.4867724867;234.82;0;4
routing_GCM_0014;cgl;37;263;12125.4867724867;241.08;0;4
routing_GCM_0014;cgl;38;265;12125.4867724867;247.34;0;4
routing_GCM_0014;cgl;39;267;12125.4867724867;253.61;0;4
routing_GCM_0014;cgl;40;269;12125.4867724867;259.85;0;4
routing_GCM_0014;cgl;41;271;12125.4867724867;266.12;0;4
routing_GCM_0014;cgl;42;273;12125.4867724867;272.40;0;4
routing_GCM_0014;cgl;43;273;12125.4867724867;278.50;0,4
