j3041_1;cgl;0;0;0.1238959764;0.28;0;0
j3041_1;cgl;1;60;0.1524631158;0.40;136;0
j3041_1;cgl;2;114;0.2219242719;0.57;197;0
j3041_1;cgl;3;158;0.2834025423;0.76;753;0
j3041_1;cgl;4;216;0.3563202727;1.23;7539;0
j3041_1;cgl;5;278;0.3845321109;1.74;8493;0
j3041_1;cgl;6;326;0.5123328988;2.33;13230;0
j3041_1;cgl;7;373;0.5286085348;2.88;25966;0
j3041_1;cgl;8;436;0.5373403480;3.56;28111;0
j3041_1;cgl;9;483;0.5628716007;4.33;30291;0
j3041_1;cgl;10;531;0.5741592164;5.21;48584;0
j3041_1;cgl;11;584;0.5855128883;5.90;51448;0
j3041_1;cgl;12;627;0.5957465112;7.00;64463;0
j3041_1;cgl;13;668;0.6074691352;8.10;76770;0
j3041_1;cgl;14;708;0.6161788003;9.66;104033;0
j3041_1;cgl;15;744;0.6245488773;10.72;105037;0
j3041_1;cgl;16;774;0.6280601336;11.69;105872;0
j3041_1;cgl;17;803;0.6305509364;12.84;107291;0
j3041_1;cgl;18;826;0.6327389925;13.96;109301;0
j3041_1;cgl;19;843;0.6338468714;14.90;109332;0
j3041_1;cgl;20;857;0.6372010594;15.70;109358;0
j3041_1;cgl;21;887;0.6378570577;16.97;114105;0
j3041_1;cgl;22;903;0.6388389395;18.23;115854;0
j3041_1;cgl;23;931;0.6391745004;19.39;116636;0
j3041_1;cgl;24;950;0.6397221485;20.29;116794;0
j3041_1;cgl;25;965;0.6407698515;21.66;117174;0
j3041_1;cgl;26;979;0.6433672729;22.86;117228;0
j3041_1;cgl;27;990;0.6438903851;24.46;117881;0
j3041_1;cgl;28;994;0.6438903851;25.38;118376;0
j3041_1;cgl;29;995;0.6438903851;26.34;118706;0
j3041_1;cgl;30;996;0.6438903851;27.35;119115;0
j3041_1;cgl;31;998;0.6438903851;28.34;119130;0
j3041_1;cgl;32;999;0.6438903851;29.33;119592;0
j3041_1;cgl;33;999;0.6438903851;30.33;119592,0
