routing_GCM_0014;cgl;0;0;12125.4867724867;12.13;0;0
routing_GCM_0014;cgl;1;15;12125.4867724867;18.35;0;3
routing_GCM_0014;cgl;2;24;12125.4867724867;24.53;0;4
routing_GCM_0014;cgl;3;33;12125.4867724867;30.71;0;4
routing_GCM_0014;cgl;4;43;12125.4867724867;36.88;0;4
routing_GCM_0014;cgl;5;52;12125.4867724867;43.02;0;4
routing_GCM_0014;cgl;6;61;12125.4867724867;49.18;0;4
routing_GCM_0014;cgl;7;70;12125.4867724867;55.36;0;4
routing_GCM_0014;cgl;8;81;12125.4867724867;61.71;0;4
routing_GCM_0014;cgl;9;90;12125.4867724867;68.08;0;4
routing_GCM_0014;cgl;10;99;12125.4867724867;74.43;0;4
routing_GCM_0014;cgl;11;108;12125.4867724867;80.68;0;4
routing_GCM_0014;cgl;12;117;12125.4867724867;86.96;0;4
routing_GCM_0014;cgl;13;126;12125.4867724867;93.20;0;4
routing_GCM_0014;cgl;14;135;12125.4867724867;99.48;0;4
routing_GCM_0014;cgl;15;144;12125.4867724867;105.58;0;4
routing_GCM_0014;cgl;16;152;12125.4867724867;111.52;0;4
routing_GCM_0014;cgl;17;160;12125.4867724867;117.55;0;4
routing_GCM_0014;cgl;18;168;12125.4867724867;123.60;0;4
routing_GCM_0014;cgl;19;176;12125.4867724867;129.72;0;4
routing_GCM_0014;cgl;20;182;12125.4867724867;135.91;0;4
routing_GCM_0014;cgl;21;188;12125.4867724867;142.24;0;4
routing_GCM_0014;cgl;22;194;12125.4867724867;148.57;0;4
routing_GCM_0014;cgl;23;200;12125.4867724867;154.85;0;4
routing_GCM_0014;cgl;24;205;12125.4867724867;161.17;0;4
routing_GCM_0014;cgl;25;210;12125.4867724867;167.50;0;4
routing_GCM_0014;cgl;26;215;12125.4867724867;173.73;0;4
routing_GCM_0014;cgl;27;220;12125.4867724867;180.02;0;4
routing_GCM_0014;cgl;28;225;12125.4867724867;186.35;0;4
routing_GCM_0014;cgl;29;230;12125.4867724867;192.71;0;4
routing_GCM_0014;cgl;30;235;12125.4867724867;198.99;0;4
routing_GCM_0014;cgl;31;240;12125.4867724867;205.26;0;4
routing_GCM_0014;cgl;32;245;12125.4867724867;211.50;0;4
routing_GCM_0014;cgl;33;249;12125.4867724867;217.78;0;4
routing_GCM_0014;cgl;34;254;12125.4867724867;224.07;0;4
routing_GCM_0014;cgl;35;257;12125.4867724867;230.39;0;4
routing_GCM_0014;cgl;36;260;12125.4867724867;236.70;0;4
routing_GCM_0014;cgl;37;262;12125.4867724867;243.05;0;4
routing_GCM_0014;cgl;38;264;12125.4867724867;249.39;0;4
routing_GCM_0014;cgl;39;266;12125.4867724867;255.69;0;4
routing_GCM_0014;cgl;40;268;12125.4867724867;262.05;0;4
routing_GCM_0014;cgl;41;270;12125.4867724867;268.38;0;4
routing_GCM_0014;cgl;42;272;12125.4867724867;274.70;0;4
routing_GCM_0014;cgl;43;274;12125.4867724867;281.02;0;4
routing_GCM_0014;cgl;44;276;12125.4867724867;287.40;0;4
routing_GCM_0014;cgl;45;276;12125.4867724867;293.55;0,4
