unitcc;cgl;0;0;74033.1413754058;1025.07;0;0
unitcc;cgl;1;6201;75633.5534806964;1570.87;0;0
unitcc;cgl;2;11628;75754.8409225938;2130.43;1016;0
unitcc;cgl;3;15276;75806.6484884751;2731.40;1016;0
unitcc;cgl;4;17846;75906.9956732594;3322.59;1016;0
unitcc;cgl;5;20051;75914.0476661278;3879.59;1016;0
unitcc;cgl;6;21804;75914.0481971343;4338.23;1018;0
unitcc;cgl;7;23378;75914.0488857117;4783.43;1018;0
unitcc;cgl;8;24685;75914.0495740175;5219.72;1018;0
unitcc;cgl;9;25876;75914.0500193113;5654.22;1018;0
unitcc;cgl;10;27003;75914.0503736003;6084.77;1018;0
unitcc;cgl;11;27956;75914.0506192114;6517.30;1018;0
unitcc;cgl;12;28924;75914.0507097875;6951.89;1018;0
unitcc;cgl;13;29715;75914.0508423925;7389.36;1018;0
unitcc;cgl;14;30438;75914.0509458100;7828.50;1018;0
unitcc;cgl;15;30846;75914.0509771617;8276.90;1018;0
unitcc;cgl;16;31269;75914.0510278596;8713.48;1018;0
unitcc;cgl;17;31537;75914.0510547153;9132.96;1018;0
unitcc;cgl;18;31823;75914.0511200894;9559.44;1018;0
unitcc;cgl;19;32168;75914.0511725197;9983.74;1018;0
unitcc;cgl;20;32436;75914.0511916055;10411.22;1018;0
