30n20b8;cgl;0;0;1.5664076456;1.66;0;0
30n20b8;cgl;1;92;1.5664076456;4.10;0;0
30n20b8;cgl;2;187;1.5664076456;8.97;0;0
30n20b8;cgl;3;283;1.5664076456;16.30;0;0
30n20b8;cgl;4;378;1.5664076456;26.13;0;0
30n20b8;cgl;5;473;1.5664076456;38.44;0;0
30n20b8;cgl;6;567;1.5664076456;53.10;0;0
30n20b8;cgl;7;661;1.5664076456;70.54;0;0
30n20b8;cgl;8;756;1.5664076456;90.52;0;0
30n20b8;cgl;9;844;1.5664076456;112.74;0;0
30n20b8;cgl;10;932;1.7703067471;138.29;0;0
30n20b8;cgl;11;1019;1.7703067471;164.45;0;0
30n20b8;cgl;12;1106;1.8571239096;192.75;0;0
30n20b8;cgl;13;1191;3.1699305539;224.07;0;0
30n20b8;cgl;14;1270;3.1726366959;257.54;0;0
30n20b8;cgl;15;1349;3.1797008349;292.77;0;0
30n20b8;cgl;16;1428;3.1799026395;330.52;0;0
30n20b8;cgl;17;1504;3.1800348504;371.38;0;0
30n20b8;cgl;18;1581;3.1802008358;413.62;0;0
30n20b8;cgl;19;1658;3.1803111634;457.94;0;0
30n20b8;cgl;20;1732;3.1938285687;503.76;0;0
30n20b8;cgl;21;1806;3.2053751297;549.71;0;0
30n20b8;cgl;22;1883;3.2057402002;597.29;0;0
30n20b8;cgl;23;1959;3.2062565360;646.84;0;0
30n20b8;cgl;24;2035;3.2066399660;699.15;0;0
30n20b8;cgl;25;2108;3.2070315813;753.00;0;0
30n20b8;cgl;26;2181;3.2074316470;811.15;0;0
30n20b8;cgl;27;2252;3.4782149887;870.79;0;0
30n20b8;cgl;28;2326;3.4787777501;933.56;0;0
30n20b8;cgl;29;2396;3.5293607181;995.46;0;0
30n20b8;cgl;30;2464;3.5293607181;1058.65;0;0
30n20b8;cgl;31;2533;3.5293607181;1123.72;0;0
30n20b8;cgl;32;2600;3.5293607181;1190.65;0;0
30n20b8;cgl;33;2667;3.5293607181;1260.26;0;0
30n20b8;cgl;34;2736;3.5293607181;1335.15;0;0
30n20b8;cgl;35;2805;3.5293607181;1412.15;0;0
30n20b8;cgl;36;2871;3.5293607181;1489.87;0;0
30n20b8;cgl;37;2935;3.5293607181;1567.91;0;0
30n20b8;cgl;38;3003;3.5293607181;1648.14;0;0
30n20b8;cgl;39;3068;3.5293607181;1729.23;0;0
30n20b8;cgl;40;3130;3.5293607181;1812.82;0;0
30n20b8;cgl;41;3198;4.1397695316;1897.53;0;0
30n20b8;cgl;42;3256;4.1397695316;1983.51;0;0
30n20b8;cgl;43;3314;4.1397695316;2071.39;0;0
30n20b8;cgl;44;3371;4.1397695316;2162.28;0;0
30n20b8;cgl;45;3427;4.1397695316;2252.06;0;0
30n20b8;cgl;46;3481;4.1397695316;2341.14;0;0
30n20b8;cgl;47;3536;4.1397695316;2432.35;0;0
30n20b8;cgl;48;3590;4.1397695316;2525.41;0;0
30n20b8;cgl;49;3647;4.1397695316;2623.52;0;0
30n20b8;cgl;50;3701;4.1397695316;2722.90;0;0
30n20b8;cgl;51;3701;4.1397695316;2722.90;0,0
