n2seq36f;cgl;0;0;52000.0000000000;0.55;0;0
n2seq36f;cgl;1;38;52000.0000000000;13.82;0;0
n2seq36f;cgl;2;69;52000.0000000000;35.15;0;0
n2seq36f;cgl;3;99;52000.0000000000;63.06;0;0
n2seq36f;cgl;4;123;52000.0000000000;96.91;0;0
n2seq36f;cgl;5;147;52000.0000000000;136.15;0;0
n2seq36f;cgl;6;166;52000.0000000000;180.38;0;0
n2seq36f;cgl;7;185;52000.0000000000;227.09;0;0
n2seq36f;cgl;8;199;52000.0000000000;275.23;0;0
n2seq36f;cgl;9;214;52000.0000000000;324.18;0;0
n2seq36f;cgl;10;231;52000.0000000000;376.30;0;0
n2seq36f;cgl;11;242;52000.0000000000;436.49;0;0
n2seq36f;cgl;12;258;52000.0000000000;499.21;0;0
n2seq36f;cgl;13;276;52000.0000000000;558.57;0;0
n2seq36f;cgl;14;296;52000.0000000000;627.91;0;0
n2seq36f;cgl;15;311;52000.0000000000;702.54;0;0
n2seq36f;cgl;16;323;52000.0000000000;780.81;0;0
n2seq36f;cgl;17;334;52000.0000000000;861.94;0;0
n2seq36f;cgl;18;348;52000.0000000000;945.07;0;0
n2seq36f;cgl;19;359;52000.0000000000;1030.41;0;0
n2seq36f;cgl;20;368;52000.0000000000;1119.24;0;0
n2seq36f;cgl;21;383;52000.0000000000;1210.14;0;0
n2seq36f;cgl;22;395;52000.0000000000;1305.12;0;0
n2seq36f;cgl;23;405;52000.0000000000;1394.13;0;0
n2seq36f;cgl;24;415;52000.0000000000;1486.18;0;0
n2seq36f;cgl;25;424;52000.0000000000;1581.08;0;0
n2seq36f;cgl;26;432;52000.0000000000;1682.88;0;0
n2seq36f;cgl;27;446;52000.0000000000;1790.45;0;0
n2seq36f;cgl;28;455;52000.0000000000;1904.06;0;0
n2seq36f;cgl;29;464;52000.0000000000;2020.31;0;0
n2seq36f;cgl;30;473;52000.0000000000;2138.19;0;0
n2seq36f;cgl;31;482;52000.0000000000;2259.58;0;0
n2seq36f;cgl;32;496;52000.0000000000;2382.46;0;0
n2seq36f;cgl;33;511;52000.0000000000;2506.00;0;0
n2seq36f;cgl;34;518;52000.0000000000;2632.90;0;0
n2seq36f;cgl;35;537;52000.0000000000;2761.59;0;0
n2seq36f;cgl;36;547;52000.0000000000;2892.78;0;0
n2seq36f;cgl;37;555;52000.0000000000;3026.31;0;0
n2seq36f;cgl;38;562;52000.0000000000;3163.20;0;0
n2seq36f;cgl;39;568;52000.0000000000;3305.37;0;0
n2seq36f;cgl;40;573;52000.0000000000;3441.86;0;0
n2seq36f;cgl;41;583;52000.0000000000;3578.31;0;0
n2seq36f;cgl;42;591;52000.0000000000;3707.98;0;0
n2seq36f;cgl;43;596;52000.0000000000;3854.85;0;0
n2seq36f;cgl;44;602;52000.0000000000;4005.02;0;0
n2seq36f;cgl;45;611;52000.0000000000;4158.87;0;0
n2seq36f;cgl;46;622;52000.0000000000;4313.72;0;0
n2seq36f;cgl;47;636;52000.0000000000;4467.15;0;0
n2seq36f;cgl;48;645;52000.0000000000;4624.71;0;0
n2seq36f;cgl;49;654;52000.0000000000;4785.40;0;0
n2seq36f;cgl;50;665;52000.0000000000;4945.52;0;0
n2seq36f;cgl;51;665;52000.0000000000;4945.52;0,0
