stdc6262p;cgl;0;0;-1394276.6015363534;12.37;0;0
stdc6262p;cgl;1;70;-1394040.1996374393;19.19;29;0
stdc6262p;cgl;2;113;-1393872.4554477732;24.71;119;0
stdc6262p;cgl;3;144;-1393813.0083478608;30.22;154;0
stdc6262p;cgl;4;160;-1393727.2959756767;35.90;491;0
stdc6262p;cgl;5;171;-1393677.7679012485;40.80;528;0
stdc6262p;cgl;6;182;-1393664.5102445441;46.33;1218;0
stdc6262p;cgl;7;189;-1393659.8989345613;51.66;1223;0
stdc6262p;cgl;8;195;-1393635.9833787514;57.26;1344;0
stdc6262p;cgl;9;201;-1393631.4054102292;62.40;1694;0
stdc6262p;cgl;10;205;-1393624.2395794105;67.57;1733;0
stdc6262p;cgl;11;206;-1393624.2334125664;72.77;1733;0
stdc6262p;cgl;12;208;-1393624.2065759383;77.83;1737;0
stdc6262p;cgl;13;210;-1393621.6900253701;83.35;1738;0
stdc6262p;cgl;14;211;-1393621.6673905975;88.78;1738;0
stdc6262p;cgl;15;212;-1393621.6606621316;94.30;1738;0
stdc6262p;cgl;16;213;-1393621.6459660016;99.85;1858;0
stdc6262p;cgl;17;214;-1393621.6017610754;105.42;2023;0
stdc6262p;cgl;18;215;-1393621.5983029113;110.86;2188;0
stdc6262p;cgl;19;216;-1393621.5694973893;116.26;2188;0
stdc6262p;cgl;20;217;-1393621.5657461223;121.76;2188;0
stdc6262p;cgl;21;219;-1393617.8767026842;127.57;2848;0
stdc6262p;cgl;22;222;-1393612.4507829745;133.34;2937;0
stdc6262p;cgl;23;223;-1393608.9331603972;139.12;3102;0
stdc6262p;cgl;24;224;-1393608.9331603970;144.66;3103;0
stdc6262p;cgl;25;225;-1393608.9331603970;150.19;3107;0
stdc6262p;cgl;26;226;-1393608.9331603970;155.72;3107;0
stdc6262p;cgl;27;227;-1393608.9331603970;161.07;3107;0
stdc6262p;cgl;28;228;-1393608.9331603970;166.51;3108;0
stdc6262p;cgl;29;228;-1393608.9331603970;171.75;3108,0
