academictimetablebig;cgl;0;0;25.4444444444;1296.76;0;0
academictimetablebig;cgl;1;4386;425.4444444444;1592.84;0;0
academictimetablebig;cgl;2;6655;425.4444444444;1893.67;0;0
academictimetablebig;cgl;3;8168;425.4444444444;2224.27;0;0
academictimetablebig;cgl;4;9215;425.4444444444;2455.46;0;0
academictimetablebig;cgl;5;9962;425.4444444444;2673.46;0;0
academictimetablebig;cgl;6;10474;425.4444444444;2866.43;0;0
academictimetablebig;cgl;7;10807;425.4444444444;3010.12;0;0
academictimetablebig;cgl;8;11028;425.4444444444;3163.16;0;0
academictimetablebig;cgl;9;11213;425.4444444444;3323.32;0;0
academictimetablebig;cgl;10;11360;425.4444444444;3441.85;0;0
academictimetablebig;cgl;11;11435;425.4444444444;3580.85;0;0
academictimetablebig;cgl;12;11513;425.4444444444;3671.43;0;0
academictimetablebig;cgl;13;11581;425.4444444444;3751.66;0;0
academictimetablebig;cgl;14;11609;425.4444444444;3823.27;0;0
academictimetablebig;cgl;15;11652;425.4444444444;3893.73;0;0
academictimetablebig;cgl;16;11679;425.4444444444;3956.64;0;0
academictimetablebig;cgl;17;11697;425.4444444444;4017.48;0;0
academictimetablebig;cgl;18;11716;425.4444444444;4063.30;0;0
academictimetablebig;cgl;19;11724;425.4444444444;4120.16;0;0
academictimetablebig;cgl;20;11735;425.4580152672;4169.68;0;0
academictimetablebig;cgl;21;11744;425.5000000000;4246.58;0;0
academictimetablebig;cgl;22;11760;425.5000000000;4306.08;0;0
academictimetablebig;cgl;23;11771;425.5000000000;4361.52;0;0
academictimetablebig;cgl;24;11775;425.5000000000;4407.53;0;0
academictimetablebig;cgl;25;11776;425.5000000000;4452.46;0;0
academictimetablebig;cgl;26;11777;425.5000000000;4511.32;0;0
academictimetablebig;cgl;27;11795;425.5000000000;4569.25;0;0
academictimetablebig;cgl;28;11798;425.5000000000;4613.63;0;0
academictimetablebig;cgl;29;11801;425.5000000000;4654.38;0;0
academictimetablebig;cgl;30;11804;425.5000000000;4690.12;0;0
academictimetablebig;cgl;31;11807;425.5000000000;4725.76;0;0
academictimetablebig;cgl;32;11808;425.5000000000;4766.16;0;0
academictimetablebig;cgl;33;11813;425.5000000000;4808.08;0;0
academictimetablebig;cgl;34;11814;425.5000000000;4846.34;0;0
academictimetablebig;cgl;35;11815;425.5000000000;4886.27;0;0
academictimetablebig;cgl;36;11816;425.5000000000;4923.71;0;0
academictimetablebig;cgl;37;11817;425.5000000000;4960.85;0;0
academictimetablebig;cgl;38;11818;425.5000000000;4998.18;0;0
academictimetablebig;cgl;39;11819;425.5000000000;5042.90;0;0
academictimetablebig;cgl;40;11835;425.5000000000;5092.26;0;0
academictimetablebig;cgl;41;11842;425.5000000000;5138.90;0;0
academictimetablebig;cgl;42;11844;425.5000000000;5179.36;0;0
academictimetablebig;cgl;43;11845;425.5000000000;5219.93;0;0
academictimetablebig;cgl;44;11849;425.5000000000;5256.80;0;0
academictimetablebig;cgl;45;11850;425.5000000000;5294.55;0;0
academictimetablebig;cgl;46;11851;425.5000000000;5338.47;0;0
academictimetablebig;cgl;47;11854;425.5000000000;5375.84;0;0
academictimetablebig;cgl;48;11860;425.5000000000;5424.97;0;0
academictimetablebig;cgl;49;11861;425.5000000000;5464.21;0;0
academictimetablebig;cgl;50;11865;425.5000000000;5504.39;0;0
academictimetablebig;cgl;51;11865;425.5000000000;5504.39;0,0
