e20100;cgl;0;0;8359.5820402051;0.20;0;0
e20100;cgl;1;21;8366.0897108150;0.23;0;0
e20100;cgl;2;43;8370.9521817968;0.26;0;0
e20100;cgl;3;65;8374.9327290463;0.30;0;0
e20100;cgl;4;91;8377.5224414178;0.35;0;0
e20100;cgl;5;114;8381.2511960799;0.41;0;0
e20100;cgl;6;139;8383.1823167163;0.46;0;0
e20100;cgl;7;163;8384.3326191869;0.51;0;0
e20100;cgl;8;189;8385.3072817964;0.59;0;0
e20100;cgl;9;213;8385.8177945517;0.65;0;0
e20100;cgl;10;234;8386.6221051895;0.73;0;0
e20100;cgl;11;262;8387.2996946702;0.83;0;0
e20100;cgl;12;282;8387.8964892925;0.92;0;0
e20100;cgl;13;301;8388.6257809794;1.07;0;0
e20100;cgl;14;327;8388.9853663986;1.18;0;0
e20100;cgl;15;351;8389.7251924537;1.36;0;0
e20100;cgl;16;377;8390.5732969780;1.51;0;0
e20100;cgl;17;405;8391.1872502178;1.82;0;0
e20100;cgl;18;429;8391.6965113527;2.03;0;0
e20100;cgl;19;461;8392.1645314860;2.25;0;0
e20100;cgl;20;487;8392.5103172978;2.61;0;0
e20100;cgl;21;514;8392.7906639347;2.88;0;0
e20100;cgl;22;538;8393.0673895146;3.26;0;0
e20100;cgl;23;561;8393.1847145889;3.55;0;0
e20100;cgl;24;582;8393.2915418714;3.98;0;0
e20100;cgl;25;597;8393.3675376305;4.46;0;0
e20100;cgl;26;610;8393.4464322876;4.89;0;0
e20100;cgl;27;620;8393.5449543404;5.33;0;0
e20100;cgl;28;636;8393.6686143148;5.70;0;0
e20100;cgl;29;652;8393.9032470625;6.36;0;0
e20100;cgl;30;670;8394.0243423746;7.05;0;0
e20100;cgl;31;686;8394.1654324459;7.87;0;0
e20100;cgl;32;707;8394.3810344055;8.57;0;0
e20100;cgl;33;715;8394.4187010108;9.71;0;0
e20100;cgl;34;727;8394.5637268598;10.78;0;0
e20100;cgl;35;736;8394.6002702805;11.64;0;0
e20100;cgl;36;749;8394.7064639401;12.55;0;0
e20100;cgl;37;769;8394.8021298453;13.39;0;0
e20100;cgl;38;779;8394.8343564498;14.06;0;0
e20100;cgl;39;797;8395.0223182677;15.52;0;0
e20100;cgl;40;815;8395.0624066283;16.36;0;0
e20100;cgl;41;832;8395.1573193608;17.41;0;0
e20100;cgl;42;845;8395.2511836618;18.38;0;0
e20100;cgl;43;865;8395.3220376121;19.70;0;0
e20100;cgl;44;878;8395.3972432829;20.65;0;0
e20100;cgl;45;895;8395.5039511863;22.16;0;0
e20100;cgl;46;908;8395.5856843597;23.62;0;0
e20100;cgl;47;921;8395.6248323498;25.71;0;0
e20100;cgl;48;931;8395.7080164235;27.51;0;0
e20100;cgl;49;937;8395.7201198444;29.27;0;0
e20100;cgl;50;942;8395.7284396484;30.70;0;0
e20100;cgl;51;942;8395.7284396484;30.70;0,0
