e40400;cgl;0;0;44523.4286049767;1.24;0;0
e40400;cgl;1;44;44526.7484843053;1.55;0;0
e40400;cgl;2;88;44528.1657818194;1.96;0;0
e40400;cgl;3;132;44529.6017145261;2.39;0;0
e40400;cgl;4;181;44531.0762602565;2.87;0;0
e40400;cgl;5;227;44531.9677673416;3.36;0;0
e40400;cgl;6;270;44532.9102281377;4.00;0;0
e40400;cgl;7;311;44533.2966142003;4.53;0;0
e40400;cgl;8;345;44533.7031009710;5.17;0;0
e40400;cgl;9;383;44534.1153525374;5.90;0;0
e40400;cgl;10;418;44534.3709038123;6.47;0;0
e40400;cgl;11;450;44534.5953748201;7.11;0;0
e40400;cgl;12;474;44534.9060105728;7.81;0;0
e40400;cgl;13;501;44535.0877148492;8.44;0;0
e40400;cgl;14;528;44535.2154237803;9.14;0;0
e40400;cgl;15;545;44535.4251430960;9.87;0;0
e40400;cgl;16;565;44535.5890647435;10.55;0;0
e40400;cgl;17;581;44535.6846545925;11.27;0;0
e40400;cgl;18;601;44535.8719946292;12.09;0;0
e40400;cgl;19;623;44536.1405285199;12.96;0;0
e40400;cgl;20;642;44536.2159276578;13.70;0;0
e40400;cgl;21;657;44536.2946347398;14.42;0;0
e40400;cgl;22;671;44536.3317425220;15.07;0;0
e40400;cgl;23;683;44536.3760532065;15.68;0;0
e40400;cgl;24;698;44536.4069558668;16.37;0;0
e40400;cgl;25;712;44536.4866218815;17.14;0;0
e40400;cgl;26;724;44536.5193511894;17.95;0;0
e40400;cgl;27;737;44536.5664881911;18.79;0;0
e40400;cgl;28;753;44536.6244661342;19.65;0;0
e40400;cgl;29;770;44536.6326439588;20.34;0;0
e40400;cgl;30;782;44536.6698706047;21.13;0;0
e40400;cgl;31;794;44536.7505408362;22.21;0;0
e40400;cgl;32;803;44536.7607069546;23.12;0;0
e40400;cgl;33;814;44536.8270532040;23.87;0;0
e40400;cgl;34;824;44536.8502664043;24.71;0;0
e40400;cgl;35;832;44536.8799362365;25.75;0;0
e40400;cgl;36;842;44536.9065738202;26.70;0;0
e40400;cgl;37;853;44536.9498163100;27.72;0;0
e40400;cgl;38;867;44536.9634177531;28.58;0;0
e40400;cgl;39;881;44536.9961458951;29.76;0;0
e40400;cgl;40;895;44537.0475005126;30.93;0;0
e40400;cgl;41;903;44537.0661235848;31.84;0;0
e40400;cgl;42;917;44537.0931412757;32.78;0;0
e40400;cgl;43;929;44537.1205182559;33.92;0;0
e40400;cgl;44;940;44537.1402772570;35.02;0;0
e40400;cgl;45;950;44537.1551764228;36.12;0;0
e40400;cgl;46;957;44537.1693232043;37.13;0;0
e40400;cgl;47;966;44537.1822182416;38.28;0;0
e40400;cgl;48;975;44537.1896115896;39.41;0;0
e40400;cgl;49;986;44537.2111657450;40.47;0;0
e40400;cgl;50;993;44537.2533906613;41.58;0;0
e40400;cgl;51;993;44537.2533906613;41.58;0,0
