harp2;cgl;0;0;-74353341.5022996068;0.36;0;0
harp2;cgl;1;42;-74266766.6168511361;0.42;0;0
harp2;cgl;2;92;-74228425.8506034911;0.47;0;0
harp2;cgl;3;114;-74222409.2078176886;0.51;0;0
harp2;cgl;4;153;-74210256.6187390089;0.60;0;0
harp2;cgl;5;164;-74209090.5070381463;0.65;0;0
harp2;cgl;6;174;-74207545.7913069427;0.70;0;0
harp2;cgl;7;197;-74202301.8998831809;0.75;0;0
harp2;cgl;8;209;-74201887.9568960071;0.80;0;0
harp2;cgl;9;214;-74201358.6674920619;0.85;0;0
harp2;cgl;10;219;-74201112.8354712278;0.90;0;0
harp2;cgl;11;222;-74200898.2389935255;0.94;0;0
harp2;cgl;12;226;-74200820.2057471424;0.99;0;0
harp2;cgl;13;231;-74200801.0443887562;1.04;0;0
harp2;cgl;14;232;-74200759.2666202635;1.09;0;0
harp2;cgl;15;233;-74200751.5966313481;1.15;0;0
harp2;cgl;16;234;-74200725.6148900539;1.20;0;0
harp2;cgl;17;236;-74200604.0089290291;1.26;0;0
harp2;cgl;18;237;-74200595.6366090626;1.31;0;0
harp2;cgl;19;238;-74200589.5497086048;1.36;0;0
harp2;cgl;20;238;-74200589.5497086048;1.40;0,0
