n2seq36f;cgl;0;0;52000.0000000000;0.56;0;0
n2seq36f;cgl;1;38;52000.0000000000;12.41;0;0
n2seq36f;cgl;2;66;52000.0000000000;33.18;0;0
n2seq36f;cgl;3;95;52000.0000000000;60.74;0;0
n2seq36f;cgl;4;117;52000.0000000000;94.27;0;0
n2seq36f;cgl;5;141;52000.0000000000;132.34;0;0
n2seq36f;cgl;6;162;52000.0000000000;175.71;0;0
n2seq36f;cgl;7;185;52000.0000000000;220.91;0;0
n2seq36f;cgl;8;210;52000.0000000000;270.02;0;0
n2seq36f;cgl;9;229;52000.0000000000;323.65;0;0
n2seq36f;cgl;10;252;52000.0000000000;381.51;0;0
n2seq36f;cgl;11;277;52000.0000000000;447.95;0;0
n2seq36f;cgl;12;305;52000.0000000000;512.49;0;0
n2seq36f;cgl;13;335;52000.0000000000;585.53;0;0
n2seq36f;cgl;14;362;52000.0000000000;671.00;0;0
n2seq36f;cgl;15;387;52000.0000000000;763.38;0;0
n2seq36f;cgl;16;403;52000.0000000000;861.53;0;0
n2seq36f;cgl;17;413;52000.0000000000;960.46;0;0
n2seq36f;cgl;18;421;52000.0000000000;1061.32;0;0
n2seq36f;cgl;19;435;52000.0000000000;1163.38;0;0
n2seq36f;cgl;20;449;52000.0000000000;1269.77;0;0
n2seq36f;cgl;21;469;52000.0000000000;1378.81;0;0
n2seq36f;cgl;22;482;52000.0000000000;1490.62;0;0
n2seq36f;cgl;23;494;52000.0000000000;1606.32;0;0
n2seq36f;cgl;24;503;52000.0000000000;1722.64;0;0
n2seq36f;cgl;25;513;52000.0000000000;1839.21;0;0
n2seq36f;cgl;26;520;52000.0000000000;1957.83;0;0
n2seq36f;cgl;27;525;52000.0000000000;2082.63;0;0
n2seq36f;cgl;28;528;52000.0000000000;2203.97;0;0
n2seq36f;cgl;29;529;52000.0000000000;2321.65;0;0
n2seq36f;cgl;30;529;52000.0000000000;2442.26;0,0
