neos-2328163-agri;cgl;0;0;26069.0000000000;0.56;0;0
neos-2328163-agri;cgl;1;59;26069.0000000000;0.73;0;0
neos-2328163-agri;cgl;2;125;26268.8750000000;1.12;0;0
neos-2328163-agri;cgl;3;193;26379.8020833333;1.75;0;0
neos-2328163-agri;cgl;4;254;26455.8705501618;2.48;0;0
neos-2328163-agri;cgl;5;303;26528.4456521739;3.62;0;0
neos-2328163-agri;cgl;6;344;26537.6879528986;4.36;0;0
neos-2328163-agri;cgl;7;386;26562.3000000000;5.55;0;0
neos-2328163-agri;cgl;8;412;26571.5111111111;6.63;0;0
neos-2328163-agri;cgl;9;437;26576.9814814815;7.23;0;0
neos-2328163-agri;cgl;10;450;26587.9333333333;8.06;0;0
neos-2328163-agri;cgl;11;459;26587.9333333333;8.38;0;0
neos-2328163-agri;cgl;12;466;26587.9333333333;8.65;0;0
neos-2328163-agri;cgl;13;470;26588.2083333334;8.95;0;0
neos-2328163-agri;cgl;14;475;26589.1538461539;9.24;0;0
neos-2328163-agri;cgl;15;479;26589.1538461538;9.51;0;0
neos-2328163-agri;cgl;16;480;26589.1538461538;9.75;0;0
neos-2328163-agri;cgl;17;481;26589.1538461538;9.99;0;0
neos-2328163-agri;cgl;18;482;26589.1538461538;10.25;0;0
neos-2328163-agri;cgl;19;482;26589.1538461538;10.47;0,0
