neos-3118745-obra;cgl;0;0;253.8333333333;0.10;0;0
neos-3118745-obra;cgl;1;24;253.8333333333;0.16;0;0
neos-3118745-obra;cgl;2;42;253.8333333333;0.22;0;0
neos-3118745-obra;cgl;3;61;253.8333333333;0.26;0;0
neos-3118745-obra;cgl;4;73;253.8333333333;0.29;0;0
neos-3118745-obra;cgl;5;82;253.8333333333;0.31;0;0
neos-3118745-obra;cgl;6;97;253.8333333333;0.33;0;0
neos-3118745-obra;cgl;7;109;253.8333333333;0.36;0;0
neos-3118745-obra;cgl;8;121;253.8333333333;0.39;0;0
neos-3118745-obra;cgl;9;132;253.8333333333;0.44;0;0
neos-3118745-obra;cgl;10;150;253.8333333333;0.47;0;0
neos-3118745-obra;cgl;11;158;253.8333333333;0.51;0;0
neos-3118745-obra;cgl;12;172;253.8333333333;0.53;0;0
neos-3118745-obra;cgl;13;189;253.8333333333;0.56;0;0
neos-3118745-obra;cgl;14;199;253.8333333333;0.59;0;0
neos-3118745-obra;cgl;15;208;253.8333333333;0.61;0;0
neos-3118745-obra;cgl;16;211;253.8333333333;0.64;0;0
neos-3118745-obra;cgl;17;216;253.8333333333;0.66;0;0
neos-3118745-obra;cgl;18;217;253.8333333333;0.68;0;0
neos-3118745-obra;cgl;19;217;253.8333333333;0.70;0,0
