neos-4306827-ravan;cgl;0;0;-35696.9019131650;38.49;0;0
neos-4306827-ravan;cgl;1;161;-27252.2918827564;91.51;0;2
neos-4306827-ravan;cgl;2;332;-27107.9198516125;111.38;0;2
neos-4306827-ravan;cgl;3;477;-27106.2479452229;118.68;0;2
neos-4306827-ravan;cgl;4;555;-27106.2479452229;124.93;0;2
neos-4306827-ravan;cgl;5;603;-27106.2479452228;130.76;0;2
neos-4306827-ravan;cgl;6;633;-27106.2479452228;136.55;0;2
neos-4306827-ravan;cgl;7;645;-27106.2479452228;142.12;0;2
neos-4306827-ravan;cgl;8;652;-27106.2479452229;147.70;0;2
neos-4306827-ravan;cgl;9;659;-27106.2479452229;153.24;0;2
neos-4306827-ravan;cgl;10;665;-27106.2479452229;158.82;0;2
neos-4306827-ravan;cgl;11;672;-27106.2479452229;164.42;0;2
neos-4306827-ravan;cgl;12;678;-27106.2479452228;170.11;0;2
neos-4306827-ravan;cgl;13;685;-27106.2479452228;175.74;0;2
neos-4306827-ravan;cgl;14;692;-27106.2479452228;181.38;0;2
neos-4306827-ravan;cgl;15;698;-27106.2479452229;186.97;0;2
neos-4306827-ravan;cgl;16;704;-27106.2479452228;192.57;0;2
neos-4306827-ravan;cgl;17;709;-27100.6567427956;198.21;0;2
neos-4306827-ravan;cgl;18;713;-27100.6567427957;203.79;0;2
neos-4306827-ravan;cgl;19;717;-27084.0203925473;209.83;0;2
neos-4306827-ravan;cgl;20;719;-27084.0203925473;215.35;0;2
neos-4306827-ravan;cgl;21;721;-27084.0203925473;220.89;0;2
neos-4306827-ravan;cgl;22;721;-27084.0203925473;225.53;0,2
