30n20b8;cgl;0;0;1.5664076456;1.69;0;0
30n20b8;cgl;1;92;1.5664076456;4.20;0;0
30n20b8;cgl;2;185;1.5664076456;9.17;0;0
30n20b8;cgl;3;277;1.5664076456;16.60;0;0
30n20b8;cgl;4;368;1.5664076456;26.43;0;0
30n20b8;cgl;5;462;1.5664076456;38.70;0;0
30n20b8;cgl;6;551;1.5664076456;53.40;0;0
30n20b8;cgl;7;638;1.5664076456;70.34;0;0
30n20b8;cgl;8;731;1.5664076456;89.40;0;0
30n20b8;cgl;9;824;1.5664076456;110.98;0;0
30n20b8;cgl;10;915;1.7703067471;134.57;0;0
30n20b8;cgl;11;1003;1.7703067471;160.69;0;0
30n20b8;cgl;12;1095;1.7703067471;187.72;0;0
30n20b8;cgl;13;1182;3.1699305539;217.77;0;0
30n20b8;cgl;14;1266;3.1699305539;250.16;0;0
30n20b8;cgl;15;1348;3.1767035787;285.28;0;0
30n20b8;cgl;16;1431;3.1795326071;321.81;0;0
30n20b8;cgl;17;1509;3.1796290174;360.40;0;0
30n20b8;cgl;18;1584;3.1799583770;401.17;0;0
30n20b8;cgl;19;1659;3.1802008358;443.64;0;0
30n20b8;cgl;20;1735;3.1803111634;487.97;0;0
30n20b8;cgl;21;1813;3.1938285687;534.03;0;0
30n20b8;cgl;22;1889;3.2056020204;584.45;0;0
30n20b8;cgl;23;1966;3.2059719518;637.26;0;0
30n20b8;cgl;24;2041;3.2064933966;692.63;0;0
30n20b8;cgl;25;2117;3.2068820135;748.22;0;0
30n20b8;cgl;26;2192;3.2072789877;806.33;0;0
30n20b8;cgl;27;2266;3.4779420495;866.88;0;0
30n20b8;cgl;28;2337;3.4782149887;928.15;0;0
30n20b8;cgl;29;2407;3.4787777501;989.50;0;0
30n20b8;cgl;30;2476;3.5293607181;1055.72;0;0
30n20b8;cgl;31;2544;3.5293607181;1125.31;0;0
30n20b8;cgl;32;2609;3.5293607181;1194.41;0;0
30n20b8;cgl;33;2675;3.5293607181;1263.53;0;0
30n20b8;cgl;34;2742;3.5293607181;1336.31;0;0
30n20b8;cgl;35;2809;3.5293607181;1411.60;0;0
30n20b8;cgl;36;2872;3.5293607181;1488.41;0;0
30n20b8;cgl;37;2935;3.5293607181;1565.26;0;0
30n20b8;cgl;38;2997;3.5293607181;1642.30;0;0
30n20b8;cgl;39;3056;4.1397695316;1721.62;0;0
30n20b8;cgl;40;3115;4.1397695316;1804.31;0;0
30n20b8;cgl;41;3171;4.1397695316;1888.96;0;0
30n20b8;cgl;42;3231;4.1397695316;1975.78;0;0
30n20b8;cgl;43;3289;4.1397695316;2064.33;0;0
30n20b8;cgl;44;3345;4.1397695316;2156.56;0;0
30n20b8;cgl;45;3402;4.1397695316;2249.28;0;0
30n20b8;cgl;46;3457;4.1397695316;2342.89;0;0
30n20b8;cgl;47;3511;4.1397695316;2437.26;0;0
30n20b8;cgl;48;3568;4.1397695316;2533.53;0;0
30n20b8;cgl;49;3622;4.1397695316;2631.37;0;0
30n20b8;cgl;50;3678;4.1397695316;2729.99;0;0
30n20b8;cgl;51;3678;4.1397695316;2729.99;0,0
