j3041_1;cgl;0;0;0.1238959764;0.26;0;0
j3041_1;cgl;1;64;0.2182909639;0.39;0;0
j3041_1;cgl;2;112;0.2862699392;0.53;0;0
j3041_1;cgl;3;162;0.3547499452;0.83;0;0
j3041_1;cgl;4;203;0.3683684604;1.08;0;0
j3041_1;cgl;5;243;0.4109981291;1.62;0;0
j3041_1;cgl;6;296;0.4532933805;2.22;0;0
j3041_1;cgl;7;345;0.5263743051;3.00;0;0
j3041_1;cgl;8;369;0.5341102942;3.13;0;0
j3041_1;cgl;9;399;0.5387631283;3.65;0;0
j3041_1;cgl;10;431;0.5428517505;4.19;0;0
j3041_1;cgl;11;474;0.5618610735;5.37;0;0
j3041_1;cgl;12;512;0.5726082655;6.04;0;0
j3041_1;cgl;13;540;0.5874785789;7.11;0;0
j3041_1;cgl;14;570;0.5926880938;8.39;0;0
j3041_1;cgl;15;597;0.5969057520;9.36;0;0
j3041_1;cgl;16;621;0.5988335995;9.93;0;0
j3041_1;cgl;17;644;0.5990671553;10.63;0;0
j3041_1;cgl;18;662;0.6002391066;11.46;0;0
j3041_1;cgl;19;685;0.6013310434;12.47;0;0
j3041_1;cgl;20;699;0.6016049991;13.21;0;0
j3041_1;cgl;21;712;0.6019064193;13.96;0;0
j3041_1;cgl;22;727;0.6019528244;14.58;0;0
j3041_1;cgl;23;744;0.6022397570;15.69;0;0
j3041_1;cgl;24;760;0.6024149025;16.50;0;0
j3041_1;cgl;25;785;0.6024420263;17.68;0;0
j3041_1;cgl;26;798;0.6027838058;19.22;0;0
j3041_1;cgl;27;814;0.6033027354;20.84;0;0
j3041_1;cgl;28;823;0.6035587501;22.45;0;0
j3041_1;cgl;29;835;0.6035888042;23.92;0;0
j3041_1;cgl;30;843;0.6036012771;25.76;0;0
j3041_1;cgl;31;855;0.6036591330;27.33;0;0
j3041_1;cgl;32;867;0.6036598681;29.16;0;0
j3041_1;cgl;33;871;0.6036598681;30.05;0;0
j3041_1;cgl;34;874;0.6036598681;31.03;0;0
j3041_1;cgl;35;878;0.6036598681;32.09;0;0
j3041_1;cgl;36;879;0.6036598681;33.26;0;0
j3041_1;cgl;37;881;0.6036598681;34.20;0;0
j3041_1;cgl;38;881;0.6036598681;35.26;0,0
