neos-4738912-atrato;cgl;0;0;65143485.9941878840;0.54;0;0
neos-4738912-atrato;cgl;1;60;79932578.2573056519;0.66;0;5
neos-4738912-atrato;cgl;2;72;79945959.7851818800;0.71;0;5
neos-4738912-atrato;cgl;3;84;79950372.3965406716;0.77;0;5
neos-4738912-atrato;cgl;4;98;79960917.4327511489;0.82;0;5
neos-4738912-atrato;cgl;5;111;79962185.1996791959;0.87;0;5
neos-4738912-atrato;cgl;6;128;79974267.5205026269;0.93;0;5
neos-4738912-atrato;cgl;7;140;79990848.9392500222;0.98;0;5
neos-4738912-atrato;cgl;8;149;85713466.5607898682;1.04;0;5
neos-4738912-atrato;cgl;9;184;86085589.0214502811;1.11;0;5
neos-4738912-atrato;cgl;10;216;86178081.4476026297;1.18;0;5
neos-4738912-atrato;cgl;11;216;86178081.4476026297;1.22;0,5
