neos-3426132-dieze;cgl;0;0;401.9952000000;0.64;0;0
neos-3426132-dieze;cgl;1;132;401.9952000000;1.14;0;0
neos-3426132-dieze;cgl;2;258;401.9952000000;1.67;0;0
neos-3426132-dieze;cgl;3;363;401.9952000000;2.32;0;0
neos-3426132-dieze;cgl;4;444;401.9952000000;2.79;0;0
neos-3426132-dieze;cgl;5;517;401.9952000000;3.32;0;0
neos-3426132-dieze;cgl;6;584;401.9952000000;4.06;0;0
neos-3426132-dieze;cgl;7;636;401.9952000000;4.49;0;0
neos-3426132-dieze;cgl;8;669;401.9952000000;4.90;0;0
neos-3426132-dieze;cgl;9;699;401.9952000000;5.48;0;0
neos-3426132-dieze;cgl;10;730;401.9952000000;5.93;0;0
neos-3426132-dieze;cgl;11;755;401.9952000000;6.35;0;0
neos-3426132-dieze;cgl;12;774;401.9952000000;6.80;0;0
neos-3426132-dieze;cgl;13;793;401.9952000000;7.24;0;0
neos-3426132-dieze;cgl;14;808;401.9952000000;7.65;0;0
neos-3426132-dieze;cgl;15;820;401.9952000000;8.08;0;0
neos-3426132-dieze;cgl;16;829;401.9952000000;8.49;0;0
neos-3426132-dieze;cgl;17;839;401.9952000000;8.96;0;0
neos-3426132-dieze;cgl;18;848;401.9952000000;9.45;0;0
neos-3426132-dieze;cgl;19;856;401.9952000000;9.85;0;0
neos-3426132-dieze;cgl;20;862;401.9952000000;10.27;0;0
neos-3426132-dieze;cgl;21;866;401.9952000000;10.68;0;0
neos-3426132-dieze;cgl;22;870;401.9952000000;11.09;0;0
neos-3426132-dieze;cgl;23;874;401.9952000000;11.49;0;0
neos-3426132-dieze;cgl;24;878;401.9952000000;11.89;0;0
neos-3426132-dieze;cgl;25;882;401.9952000000;12.28;0;0
neos-3426132-dieze;cgl;26;886;401.9952000000;12.67;0;0
neos-3426132-dieze;cgl;27;890;401.9952000000;13.08;0;0
neos-3426132-dieze;cgl;28;893;401.9952000000;13.52;0;0
neos-3426132-dieze;cgl;29;895;401.9952000000;14.06;0;0
neos-3426132-dieze;cgl;30;897;401.9952000000;14.52;0;0
neos-3426132-dieze;cgl;31;899;401.9952000000;14.93;0;0
neos-3426132-dieze;cgl;32;900;401.9952000000;15.32;0;0
neos-3426132-dieze;cgl;33;901;401.9952000000;15.72;0;0
neos-3426132-dieze;cgl;34;902;401.9952000000;16.18;0;0
neos-3426132-dieze;cgl;35;904;401.9952000000;16.56;0;0
neos-3426132-dieze;cgl;36;906;401.9952000000;16.96;0;0
neos-3426132-dieze;cgl;37;907;401.9952000000;17.35;0;0
neos-3426132-dieze;cgl;38;908;401.9952000000;17.74;0;0
neos-3426132-dieze;cgl;39;909;401.9952000000;18.15;0;0
neos-3426132-dieze;cgl;40;911;401.9952000000;18.53;0;0
neos-3426132-dieze;cgl;41;912;401.9952000000;18.94;0;0
neos-3426132-dieze;cgl;42;913;401.9952000000;19.35;0;0
neos-3426132-dieze;cgl;43;914;401.9952000000;19.75;0;0
neos-3426132-dieze;cgl;44;915;401.9952000000;20.14;0;0
neos-3426132-dieze;cgl;45;916;401.9952000000;20.54;0;0
neos-3426132-dieze;cgl;46;917;401.9952000000;20.93;0;0
neos-3426132-dieze;cgl;47;918;401.9952000000;21.33;0;0
neos-3426132-dieze;cgl;48;919;401.9952000000;21.72;0;0
neos-3426132-dieze;cgl;49;920;401.9952000000;22.13;0;0
neos-3426132-dieze;cgl;50;921;401.9952000000;22.52;0;0
neos-3426132-dieze;cgl;51;921;401.9952000000;22.52;0,0
