neos-1437164;cgl;0;0;7.6297058824;0.22;0;0
neos-1437164;cgl;1;21;7.6297058824;0.28;0;0
neos-1437164;cgl;2;57;7.6297058824;0.35;0;0
neos-1437164;cgl;3;101;7.6297058824;0.44;0;0
neos-1437164;cgl;4;129;7.6297058824;0.57;0;0
neos-1437164;cgl;5;156;7.6297058824;0.72;0;0
neos-1437164;cgl;6;179;7.6297058824;0.91;0;0
neos-1437164;cgl;7;191;7.6297058824;1.13;0;0
neos-1437164;cgl;8;202;7.6297058824;1.34;0;0
neos-1437164;cgl;9;219;7.6297058824;1.54;0;0
neos-1437164;cgl;10;229;7.6297058824;1.76;0;0
neos-1437164;cgl;11;239;7.6297058824;1.98;0;0
neos-1437164;cgl;12;255;7.6297058824;2.23;0;0
neos-1437164;cgl;13;265;7.6297058824;2.49;0;0
neos-1437164;cgl;14;273;7.6297058824;2.76;0;0
neos-1437164;cgl;15;278;7.6297058824;3.01;0;0
neos-1437164;cgl;16;282;7.6297058824;3.25;0;0
neos-1437164;cgl;17;286;7.6297058824;3.53;0;0
neos-1437164;cgl;18;288;7.6297058824;3.82;0;0
neos-1437164;cgl;19;292;7.6297058824;4.10;0;0
neos-1437164;cgl;20;293;7.6297058824;4.39;0;0
neos-1437164;cgl;21;293;7.6297058824;4.67;0,0
