routing_GCM_0014;cgl;0;0;12125.4867724867;12.77;0;0
routing_GCM_0014;cgl;1;15;12125.4867724867;19.10;0;3
routing_GCM_0014;cgl;2;24;12125.4867724867;25.40;0;4
routing_GCM_0014;cgl;3;33;12125.4867724867;31.71;0;4
routing_GCM_0014;cgl;4;43;12125.4867724867;37.91;0;4
routing_GCM_0014;cgl;5;52;12125.4867724867;44.15;0;4
routing_GCM_0014;cgl;6;61;12125.4867724867;50.39;0;4
routing_GCM_0014;cgl;7;70;12125.4867724867;56.61;0;4
routing_GCM_0014;cgl;8;80;12125.4867724867;62.86;0;4
routing_GCM_0014;cgl;9;89;12125.4867724867;69.11;0;4
routing_GCM_0014;cgl;10;98;12125.4867724867;75.46;0;4
routing_GCM_0014;cgl;11;107;12125.4867724867;81.69;0;4
routing_GCM_0014;cgl;12;116;12125.4867724867;87.94;0;4
routing_GCM_0014;cgl;13;125;12125.4867724867;94.12;0;4
routing_GCM_0014;cgl;14;134;12125.4867724867;100.32;0;4
routing_GCM_0014;cgl;15;143;12125.4867724867;106.53;0;4
routing_GCM_0014;cgl;16;151;12125.4867724867;112.75;0;4
routing_GCM_0014;cgl;17;159;12125.4867724867;118.98;0;4
routing_GCM_0014;cgl;18;167;12125.4867724867;125.22;0;4
routing_GCM_0014;cgl;19;175;12125.4867724867;131.28;0;4
routing_GCM_0014;cgl;20;181;12125.4867724867;137.59;0;4
routing_GCM_0014;cgl;21;187;12125.4867724867;143.90;0;4
routing_GCM_0014;cgl;22;194;12125.4867724867;150.25;0;4
routing_GCM_0014;cgl;23;200;12125.4867724867;156.68;0;4
routing_GCM_0014;cgl;24;205;12125.4867724867;163.05;0;4
routing_GCM_0014;cgl;25;210;12125.4867724867;169.40;0;4
routing_GCM_0014;cgl;26;215;12125.4867724867;175.74;0;4
routing_GCM_0014;cgl;27;220;12125.4867724867;182.07;0;4
routing_GCM_0014;cgl;28;225;12125.4867724867;188.36;0;4
routing_GCM_0014;cgl;29;230;12125.4867724867;194.69;0;4
routing_GCM_0014;cgl;30;235;12125.4867724867;200.98;0;4
routing_GCM_0014;cgl;31;240;12125.4867724867;207.28;0;4
routing_GCM_0014;cgl;32;245;12125.4867724867;213.59;0;4
routing_GCM_0014;cgl;33;250;12125.4867724867;219.89;0;4
routing_GCM_0014;cgl;34;254;12125.4867724867;226.20;0;4
routing_GCM_0014;cgl;35;257;12125.4867724867;232.53;0;4
routing_GCM_0014;cgl;36;260;12125.4867724867;238.82;0;4
routing_GCM_0014;cgl;37;263;12125.4867724867;245.15;0;4
routing_GCM_0014;cgl;38;265;12125.4867724867;251.42;0;4
routing_GCM_0014;cgl;39;267;12125.4867724867;257.71;0;4
routing_GCM_0014;cgl;40;269;12125.4867724867;263.98;0;4
routing_GCM_0014;cgl;41;271;12125.4867724867;270.29;0;4
routing_GCM_0014;cgl;42;273;12125.4867724867;276.58;0;4
routing_GCM_0014;cgl;43;275;12125.4867724867;282.90;0;4
routing_GCM_0014;cgl;44;277;12125.4867724867;289.20;0;4
routing_GCM_0014;cgl;45;277;12125.4867724867;295.36;0,4
