neos-3118745-obra;cgl;0;0;253.8333333333;0.15;0;0
neos-3118745-obra;cgl;1;23;253.8333333333;0.19;3;0
neos-3118745-obra;cgl;2;38;253.8333333333;0.25;5;0
neos-3118745-obra;cgl;3;53;253.8333333333;0.31;9;0
neos-3118745-obra;cgl;4;63;253.8333333333;0.33;9;0
neos-3118745-obra;cgl;5;77;253.8333333333;0.34;10;0
neos-3118745-obra;cgl;6;92;253.8333333333;0.36;11;0
neos-3118745-obra;cgl;7;103;253.8333333333;0.39;33;0
neos-3118745-obra;cgl;8;107;253.8333333333;0.41;33;0
neos-3118745-obra;cgl;9;114;253.8333333333;0.44;46;0
neos-3118745-obra;cgl;10;117;253.8333333333;0.47;61;0
neos-3118745-obra;cgl;11;119;253.8333333333;0.52;100;0
neos-3118745-obra;cgl;12;120;253.8333333333;0.54;100;0
neos-3118745-obra;cgl;13;120;253.8333333333;0.56;100,0
