neos-1437164;cgl;0;0;7.6297058824;0.24;0;0
neos-1437164;cgl;1;21;7.6297058824;0.31;0;0
neos-1437164;cgl;2;57;7.6297058824;0.39;0;0
neos-1437164;cgl;3;101;7.6297058824;0.49;0;0
neos-1437164;cgl;4;129;7.6297058824;0.62;0;0
neos-1437164;cgl;5;156;7.6297058824;0.77;0;0
neos-1437164;cgl;6;179;7.6297058824;0.95;0;0
neos-1437164;cgl;7;191;7.6297058824;1.16;0;0
neos-1437164;cgl;8;202;7.6297058824;1.36;0;0
neos-1437164;cgl;9;219;7.6297058824;1.56;0;0
neos-1437164;cgl;10;229;7.6297058824;1.75;0;0
neos-1437164;cgl;11;239;7.6297058824;1.95;0;0
neos-1437164;cgl;12;255;7.6297058824;2.20;0;0
neos-1437164;cgl;13;265;7.6297058824;2.46;0;0
neos-1437164;cgl;14;273;7.6297058824;2.70;0;0
neos-1437164;cgl;15;278;7.6297058824;2.97;0;0
neos-1437164;cgl;16;282;7.6297058824;3.24;0;0
neos-1437164;cgl;17;286;7.6297058824;3.50;0;0
neos-1437164;cgl;18;288;7.6297058824;3.77;0;0
neos-1437164;cgl;19;292;7.6297058824;4.06;0;0
neos-1437164;cgl;20;293;7.6297058824;4.33;0;0
neos-1437164;cgl;21;293;7.6297058824;4.62;0,0
