traininstance2;cgl;0;0;0.0000000000;0.68;0;0
traininstance2;cgl;1;12;0.0000000000;1.51;0;12
traininstance2;cgl;2;20;0.0000000000;2.61;0;20
traininstance2;cgl;3;27;0.0000000000;3.97;0;27
traininstance2;cgl;4;32;0.0000000000;5.41;0;32
traininstance2;cgl;5;38;0.0000000000;7.08;0;38
traininstance2;cgl;6;44;0.0000000000;9.03;0;44
traininstance2;cgl;7;49;0.0000000000;11.20;0;49
traininstance2;cgl;8;55;0.0000000000;13.64;0;55
traininstance2;cgl;9;61;0.0000000000;16.33;0;61
traininstance2;cgl;10;65;0.0000000000;19.26;0;65
traininstance2;cgl;11;69;0.0000000000;22.38;0;69
traininstance2;cgl;12;72;0.0000000000;25.64;0;72
traininstance2;cgl;13;76;0.0000000000;29.00;0;76
traininstance2;cgl;14;79;0.0000000000;32.51;0;79
traininstance2;cgl;15;82;0.0000000000;36.21;0;82
traininstance2;cgl;16;86;0.0000000000;40.09;0;86
traininstance2;cgl;17;88;0.0000000000;44.13;0;88
traininstance2;cgl;18;91;0.0000000000;48.27;0;91
traininstance2;cgl;19;94;0.0000000000;52.44;0;94
traininstance2;cgl;20;96;0.0000000000;56.80;0;96
traininstance2;cgl;21;97;0.0000000000;61.27;0;97
traininstance2;cgl;22;99;0.0000000000;66.00;0;99
traininstance2;cgl;23;105;0.0000000000;71.55;0;105
traininstance2;cgl;24;106;0.0000000000;77.27;0;106
traininstance2;cgl;25;107;0.0000000000;83.04;0;107
traininstance2;cgl;26;108;0.0000000000;88.97;0;108
traininstance2;cgl;27;109;0.0000000000;94.89;0;109
traininstance2;cgl;28;109;0.0000000000;100.30;0,109
