blp-ar98;cgl;0;0;5891.2265802949;2.30;0;0
blp-ar98;cgl;1;167;5935.1839733442;48.99;3;0
blp-ar98;cgl;2;300;5946.4834113317;126.39;5;0
blp-ar98;cgl;3;408;5962.1515640384;232.08;85;0
blp-ar98;cgl;4;503;5976.4263910659;361.48;213;0
blp-ar98;cgl;5;570;5987.9102779325;515.10;213;0
blp-ar98;cgl;6;652;5991.1724998780;684.17;213;0
blp-ar98;cgl;7;701;5993.6533793265;872.51;257;0
blp-ar98;cgl;8;737;5999.3280124832;1075.42;490;0
blp-ar98;cgl;9;771;5999.8926426089;1290.11;510;0
blp-ar98;cgl;10;800;6000.6591717664;1512.06;511;0
blp-ar98;cgl;11;831;6000.8368172291;1743.71;513;0
blp-ar98;cgl;12;854;6000.9738446224;1984.29;513;0
blp-ar98;cgl;13;871;6001.2766322003;2235.86;515;0
blp-ar98;cgl;14;886;6001.8042723280;2482.14;515;0
blp-ar98;cgl;15;901;6002.0681448355;2717.48;516;0
blp-ar98;cgl;16;920;6002.2056655878;2958.39;516;0
blp-ar98;cgl;17;927;6002.2237254855;3199.61;516;0
blp-ar98;cgl;18;933;6002.2306430360;3449.67;516;0
blp-ar98;cgl;19;938;6002.2392273299;3643.20;516;0
blp-ar98;cgl;20;942;6002.2418235835;3821.17;516;0
blp-ar98;cgl;21;944;6002.2419210906;4009.34;516;0
blp-ar98;cgl;22;946;6002.2447136281;4200.28;516;0
blp-ar98;cgl;23;949;6002.2592777124;4391.29;516;0
blp-ar98;cgl;24;951;6002.2598499700;4583.06;516;0
blp-ar98;cgl;25;953;6002.8611362296;4776.73;516;0
blp-ar98;cgl;26;954;6002.8611362296;4985.15;516;0
blp-ar98;cgl;27;955;6002.8611362296;5238.81;517;0
blp-ar98;cgl;28;955;6002.8611362296;5488.91;517,0
