mkc;cgl;0;0;-611.8500000000;1.92;0;0
mkc;cgl;1;25;-611.8500000000;1.97;25;0
mkc;cgl;2;56;-611.8500000000;2.05;73;0
mkc;cgl;3;84;-611.8500000000;2.12;106;0
mkc;cgl;4;114;-611.4789727127;2.22;153;0
mkc;cgl;5;140;-611.4789727127;2.33;308;0
mkc;cgl;6;171;-611.4379679144;2.44;393;0
mkc;cgl;7;200;-611.4379679144;2.57;423;0
mkc;cgl;8;234;-611.4080305927;2.74;486;0
mkc;cgl;9;271;-611.4080305927;2.91;638;0
mkc;cgl;10;305;-611.4080305927;3.07;679;0
mkc;cgl;11;345;-611.4080305927;3.31;805;0
mkc;cgl;12;382;-611.4080305927;3.52;945;0
mkc;cgl;13;410;-611.4080305927;3.78;1270;0
mkc;cgl;14;449;-611.4080305927;4.06;1362;0
mkc;cgl;15;490;-611.4080305927;4.34;1506;0
mkc;cgl;16;528;-611.4080305927;4.92;1862;0
mkc;cgl;17;568;-611.4080305927;5.28;1867;0
mkc;cgl;18;602;-611.0861258308;5.72;1869;0
mkc;cgl;19;636;-611.0213639261;6.09;1869;0
mkc;cgl;20;667;-610.0258083705;6.76;1908;0
mkc;cgl;21;712;-610.0258083705;7.23;1990;0
mkc;cgl;22;747;-610.0258083705;7.69;2078;0
mkc;cgl;23;775;-610.0258083705;8.18;2078;0
mkc;cgl;24;807;-610.0258083705;8.60;2081;0
mkc;cgl;25;836;-610.0258083705;9.09;2081;0
mkc;cgl;26;870;-610.0258083705;9.53;2081;0
mkc;cgl;27;912;-610.0258083705;10.03;2081;0
mkc;cgl;28;952;-610.0258083705;10.60;2081;0
mkc;cgl;29;989;-610.0258083705;11.17;2081;0
mkc;cgl;30;1019;-610.0258083705;11.74;2081;0
mkc;cgl;31;1056;-610.0258083705;12.27;2081;0
mkc;cgl;32;1096;-610.0258083705;12.88;2081;0
mkc;cgl;33;1126;-610.0258083705;13.35;2081;0
mkc;cgl;34;1162;-610.0258083705;13.94;2081;0
mkc;cgl;35;1195;-610.0258083705;14.51;2081;0
mkc;cgl;36;1223;-610.0258083705;15.01;2081;0
mkc;cgl;37;1251;-610.0258083705;15.63;2081;0
mkc;cgl;38;1281;-610.0258083705;16.20;2081;0
mkc;cgl;39;1319;-610.0258083705;16.80;2081;0
mkc;cgl;40;1345;-610.0258083705;17.37;2081;0
mkc;cgl;41;1379;-610.0258083705;17.99;2081;0
mkc;cgl;42;1408;-610.0258083705;18.62;2081;0
mkc;cgl;43;1437;-610.0258083705;19.21;2081;0
mkc;cgl;44;1461;-610.0258083705;19.88;2081;0
mkc;cgl;45;1491;-610.0258083705;20.53;2081;0
mkc;cgl;46;1520;-610.0258083705;21.20;2081;0
mkc;cgl;47;1549;-610.0258083705;21.91;2081;0
mkc;cgl;48;1571;-610.0258083705;22.70;2081;0
mkc;cgl;49;1595;-610.0258083705;23.95;2081;0
mkc;cgl;50;1623;-610.0258083705;24.59;2081;0
mkc;cgl;51;1623;-610.0258083705;24.59;2081,0
