n2seq36f;cgl;0;0;52000.0000000000;0.59;0;0
n2seq36f;cgl;1;20;52000.0000000000;15.37;0;0
n2seq36f;cgl;2;41;52000.0000000000;36.41;0;0
n2seq36f;cgl;3;55;52000.0000000000;64.00;0;0
n2seq36f;cgl;4;74;52000.0000000000;95.53;0;0
n2seq36f;cgl;5;99;52000.0000000000;133.99;0;0
n2seq36f;cgl;6;114;52000.0000000000;182.17;0;0
n2seq36f;cgl;7;131;52000.0000000000;235.10;0;0
n2seq36f;cgl;8;143;52000.0000000000;293.05;0;0
n2seq36f;cgl;9;158;52000.0000000000;354.47;0;0
n2seq36f;cgl;10;173;52000.0000000000;421.64;0;0
n2seq36f;cgl;11;192;52000.0000000000;494.84;0;0
n2seq36f;cgl;12;202;52000.0000000000;574.50;0;0
n2seq36f;cgl;13;214;52000.0000000000;657.13;0;0
n2seq36f;cgl;14;223;52000.0000000000;741.74;0;0
n2seq36f;cgl;15;233;52000.0000000000;827.61;0;0
n2seq36f;cgl;16;245;52000.0000000000;918.50;0;0
n2seq36f;cgl;17;254;52000.0000000000;1015.58;0;0
n2seq36f;cgl;18;267;52000.0000000000;1115.78;0;0
n2seq36f;cgl;19;274;52000.0000000000;1221.49;0;0
n2seq36f;cgl;20;280;52000.0000000000;1328.30;0;0
n2seq36f;cgl;21;287;52000.0000000000;1438.96;0;0
n2seq36f;cgl;22;294;52000.0000000000;1550.50;0;0
n2seq36f;cgl;23;305;52000.0000000000;1642.12;0;0
n2seq36f;cgl;24;311;52000.0000000000;1757.47;0;0
n2seq36f;cgl;25;319;52000.0000000000;1875.43;0;0
n2seq36f;cgl;26;321;52000.0000000000;1998.51;0;0
n2seq36f;cgl;27;331;52000.0000000000;2123.28;0;0
n2seq36f;cgl;28;337;52000.0000000000;2247.70;0;0
n2seq36f;cgl;29;343;52000.0000000000;2369.79;0;0
n2seq36f;cgl;30;350;52000.0000000000;2505.89;0;0
n2seq36f;cgl;31;354;52000.0000000000;2642.13;0;0
n2seq36f;cgl;32;358;52000.0000000000;2779.66;0;0
n2seq36f;cgl;33;362;52000.0000000000;2918.18;0;0
n2seq36f;cgl;34;370;52000.0000000000;3058.19;0;0
n2seq36f;cgl;35;375;52000.0000000000;3201.86;0;0
n2seq36f;cgl;36;384;52000.0000000000;3351.13;0;0
n2seq36f;cgl;37;390;52000.0000000000;3504.74;0;0
n2seq36f;cgl;38;396;52000.0000000000;3657.16;0;0
n2seq36f;cgl;39;400;52000.0000000000;3814.05;0;0
n2seq36f;cgl;40;407;52000.0000000000;3966.69;0;0
n2seq36f;cgl;41;414;52000.0000000000;4124.25;0;0
n2seq36f;cgl;42;422;52000.0000000000;4285.02;0;0
n2seq36f;cgl;43;431;52000.0000000000;4448.92;0;0
n2seq36f;cgl;44;437;52000.0000000000;4613.69;0;0
n2seq36f;cgl;45;445;52000.0000000000;4780.79;0;0
n2seq36f;cgl;46;449;52000.0000000000;4952.48;0;0
n2seq36f;cgl;47;453;52000.0000000000;5125.31;0;0
n2seq36f;cgl;48;460;52000.0000000000;5299.14;0;0
n2seq36f;cgl;49;469;52000.0000000000;5462.30;0;0
n2seq36f;cgl;50;475;52000.0000000000;5629.51;0;0
n2seq36f;cgl;51;475;52000.0000000000;5629.51;0,0
