neos-4409277-trave;cgl;0;0;0.0000000000;168.63;0;0
neos-4409277-trave;cgl;1;2;0.0000000000;199.89;22;0
neos-4409277-trave;cgl;2;6;0.0000000000;232.21;36;0
neos-4409277-trave;cgl;3;8;0.0000000000;264.19;40;0
neos-4409277-trave;cgl;4;11;0.0000000000;296.55;50;0
neos-4409277-trave;cgl;5;14;0.0000000000;329.25;80;0
neos-4409277-trave;cgl;6;17;0.0000000000;361.83;107;0
neos-4409277-trave;cgl;7;22;0.0000000000;391.74;157;0
neos-4409277-trave;cgl;8;26;0.0000000000;424.06;245;0
neos-4409277-trave;cgl;9;28;0.0000000000;457.87;250;0
neos-4409277-trave;cgl;10;33;0.0000000000;491.11;347;0
neos-4409277-trave;cgl;11;36;0.0000000000;525.43;381;0
neos-4409277-trave;cgl;12;42;0.0000000000;559.89;456;0
neos-4409277-trave;cgl;13;47;0.0000000000;595.26;509;0
neos-4409277-trave;cgl;14;53;0.0000000000;629.89;546;0
neos-4409277-trave;cgl;15;59;0.0000000000;663.35;593;0
neos-4409277-trave;cgl;16;62;0.0000000000;699.50;733;0
neos-4409277-trave;cgl;17;69;0.0000000000;733.18;766;0
neos-4409277-trave;cgl;18;73;0.0000000000;767.34;788;0
neos-4409277-trave;cgl;19;78;0.0000000000;803.25;870;0
neos-4409277-trave;cgl;20;84;0.0000000000;840.91;1002;0
neos-4409277-trave;cgl;21;94;0.0000000000;879.37;1155;0
neos-4409277-trave;cgl;22;99;0.0000000000;918.06;1203;0
neos-4409277-trave;cgl;23;104;0.0000000000;956.70;1297;0
neos-4409277-trave;cgl;24;111;0.0000000000;994.43;1386;0
neos-4409277-trave;cgl;25;121;0.0000000000;1033.77;1467;0
neos-4409277-trave;cgl;26;128;0.0000000000;1073.77;1578;0
neos-4409277-trave;cgl;27;136;0.0000000000;1114.82;1752;0
neos-4409277-trave;cgl;28;142;0.0000000000;1154.92;1827;0
neos-4409277-trave;cgl;29;148;0.0000000000;1194.96;1986;0
neos-4409277-trave;cgl;30;153;0.0000000000;1235.29;2076;0
neos-4409277-trave;cgl;31;161;0.0000000000;1276.84;2210;0
neos-4409277-trave;cgl;32;171;0.0000000000;1319.63;2338;0
neos-4409277-trave;cgl;33;181;0.0000000000;1362.75;2501;0
neos-4409277-trave;cgl;34;190;0.0000000000;1407.31;2599;0
neos-4409277-trave;cgl;35;202;0.0000000000;1450.70;2803;0
neos-4409277-trave;cgl;36;209;0.0000000000;1495.48;2881;0
neos-4409277-trave;cgl;37;221;0.0000000000;1540.05;3094;0
neos-4409277-trave;cgl;38;232;0.0000000000;1585.19;3357;0
neos-4409277-trave;cgl;39;245;0.0000000000;1632.38;3602;0
neos-4409277-trave;cgl;40;252;0.0000000000;1681.78;3843;0
neos-4409277-trave;cgl;41;263;0.0000000000;1728.51;4017;0
neos-4409277-trave;cgl;42;275;0.0000000000;1776.52;4218;0
neos-4409277-trave;cgl;43;292;0.0000000000;1827.32;4465;0
neos-4409277-trave;cgl;44;307;0.0000000000;1879.05;4807;0
neos-4409277-trave;cgl;45;321;0.0000000000;1932.77;5159;0
neos-4409277-trave;cgl;46;333;0.0000000000;1987.05;5425;0
neos-4409277-trave;cgl;47;348;0.0000000000;2042.21;5659;0
neos-4409277-trave;cgl;48;363;0.0000000000;2097.83;5886;0
neos-4409277-trave;cgl;49;380;0.0000000000;2151.57;6257;0
neos-4409277-trave;cgl;50;398;0.0000000000;2208.07;6685;0
neos-4409277-trave;cgl;51;398;0.0000000000;2208.07;6685,0
