neos-3426085-ticino;cgl;0;0;221.7806000000;0.76;0;0
neos-3426085-ticino;cgl;1;50;221.7806000000;1.29;0;0
neos-3426085-ticino;cgl;2;85;221.7806000000;1.72;0;0
neos-3426085-ticino;cgl;3;107;221.7806000000;2.15;0;0
neos-3426085-ticino;cgl;4;125;221.7806000000;2.54;0;0
neos-3426085-ticino;cgl;5;142;221.7806000000;2.97;0;0
neos-3426085-ticino;cgl;6;150;221.7806000000;3.31;0;0
neos-3426085-ticino;cgl;7;159;221.7806000000;3.87;0;0
neos-3426085-ticino;cgl;8;164;221.7806000000;4.22;0;0
neos-3426085-ticino;cgl;9;167;221.7806000000;4.80;0;0
neos-3426085-ticino;cgl;10;169;221.7806000000;5.22;0;0
neos-3426085-ticino;cgl;11;171;221.7806000000;5.63;0;0
neos-3426085-ticino;cgl;12;172;221.7806000000;6.17;0;0
neos-3426085-ticino;cgl;13;174;221.7806000000;6.64;0;0
neos-3426085-ticino;cgl;14;174;221.7806000000;7.13;0,0
