neos-5261882-treska;cgl;0;0;22721.3280000000;0.98;0;0
neos-5261882-treska;cgl;1;40;22721.3280000000;1.17;0;0
neos-5261882-treska;cgl;2;100;22721.3280000000;1.35;0;0
neos-5261882-treska;cgl;3;115;22721.3280000000;1.62;0;0
neos-5261882-treska;cgl;4;137;22721.3280000000;1.89;0;0
neos-5261882-treska;cgl;5;161;22721.3280000000;2.22;0;0
neos-5261882-treska;cgl;6;185;22721.3280000000;2.52;0;0
neos-5261882-treska;cgl;7;205;22721.3280000000;2.79;0;0
neos-5261882-treska;cgl;8;220;22721.3280000000;3.12;0;0
neos-5261882-treska;cgl;9;241;22721.3280000000;3.50;76;0
neos-5261882-treska;cgl;10;259;22721.3280000000;3.81;76;0
neos-5261882-treska;cgl;11;278;22721.3280000000;4.24;76;0
neos-5261882-treska;cgl;12;299;22721.3280000000;4.71;76;0
neos-5261882-treska;cgl;13;324;22721.3280000000;5.28;177;0
neos-5261882-treska;cgl;14;359;22721.3280000000;5.77;253;0
neos-5261882-treska;cgl;15;389;22721.3280000000;6.30;253;0
neos-5261882-treska;cgl;16;431;22721.3280000000;7.02;253;0
neos-5261882-treska;cgl;17;467;22728.3475498922;8.11;2412;0
neos-5261882-treska;cgl;18;498;22746.4946745614;8.86;4342;0
neos-5261882-treska;cgl;19;521;22801.6742900886;9.57;5592;0
neos-5261882-treska;cgl;20;542;22817.7559133024;10.24;5592;0
neos-5261882-treska;cgl;21;560;22831.5634891437;11.16;5592;0
neos-5261882-treska;cgl;22;593;22870.5203336933;12.53;5592;0
neos-5261882-treska;cgl;23;613;22872.4065191746;13.67;5592;0
neos-5261882-treska;cgl;24;640;22880.3853831009;14.95;5592;0
neos-5261882-treska;cgl;25;674;22946.2631072975;17.24;5592;0
neos-5261882-treska;cgl;26;703;22949.4570599318;19.51;14062;0
neos-5261882-treska;cgl;27;732;22951.1994883762;20.97;18043;0
neos-5261882-treska;cgl;28;760;22959.4118756058;23.04;19913;0
neos-5261882-treska;cgl;29;793;22969.6090628150;24.87;19913;0
neos-5261882-treska;cgl;30;825;22980.2913030993;27.41;19913;0
neos-5261882-treska;cgl;31;853;23017.5248400000;29.42;19913;0
neos-5261882-treska;cgl;32;859;23017.8020625000;30.21;19913;0
neos-5261882-treska;cgl;33;869;23018.7498317308;31.31;19913;0
neos-5261882-treska;cgl;34;881;23030.5573082707;32.81;19913;0
neos-5261882-treska;cgl;35;893;23041.6740000000;34.23;19913;0
neos-5261882-treska;cgl;36;900;23041.6740000000;35.54;19913;0
neos-5261882-treska;cgl;37;910;23041.6740000000;37.01;19913;0
neos-5261882-treska;cgl;38;913;23041.6740000000;37.74;19913;0
neos-5261882-treska;cgl;39;917;23041.6740000000;38.98;19913;0
neos-5261882-treska;cgl;40;920;23041.6740000000;39.75;19913;0
neos-5261882-treska;cgl;41;924;23041.6740000000;40.59;19913;0
neos-5261882-treska;cgl;42;926;23041.6740000000;41.61;19913;0
neos-5261882-treska;cgl;43;928;23041.6740000000;42.80;19913;0
neos-5261882-treska;cgl;44;930;23041.6740000000;43.68;19913;0
neos-5261882-treska;cgl;45;932;23041.6740000000;44.76;19913;0
neos-5261882-treska;cgl;46;935;23041.6740000000;45.98;19913;0
neos-5261882-treska;cgl;47;940;23041.6740000000;46.77;19913;0
neos-5261882-treska;cgl;48;943;23041.6740000000;48.45;19913;0
neos-5261882-treska;cgl;49;943;23041.6740000000;49.23;19913,0
