neos-2991472-kalu;cgl;0;0;0.0000000000;140.64;0;0
neos-2991472-kalu;cgl;1;22;0.0000000000;548.32;2;0
neos-2991472-kalu;cgl;2;46;0.0000000000;893.39;376;0
neos-2991472-kalu;cgl;3;63;0.0000000000;1278.73;376;0
neos-2991472-kalu;cgl;4;77;0.0000000000;1623.31;376;0
neos-2991472-kalu;cgl;5;88;0.0000000000;1933.49;378;0
neos-2991472-kalu;cgl;6;103;0.0000000000;2354.87;378;0
neos-2991472-kalu;cgl;7;108;0.0000000000;2715.74;378;0
neos-2991472-kalu;cgl;8;115;0.0000000000;3046.32;378;0
neos-2991472-kalu;cgl;9;122;0.0000000000;3366.25;4151;0
neos-2991472-kalu;cgl;10;126;0.0000000000;3677.39;4151;0
neos-2991472-kalu;cgl;11;134;0.0000000000;3960.10;4151;0
neos-2991472-kalu;cgl;12;139;0.0000000000;4246.86;4152;0
neos-2991472-kalu;cgl;13;145;0.0000000000;4543.24;4152;0
neos-2991472-kalu;cgl;14;155;0.0000000000;4841.79;4152;0
neos-2991472-kalu;cgl;15;162;0.0000000000;5152.14;4152;0
neos-2991472-kalu;cgl;16;170;0.0000000000;5446.77;4152;0
neos-2991472-kalu;cgl;17;182;0.0000000000;5730.47;4152;0
neos-2991472-kalu;cgl;18;187;0.0000000000;6001.96;4152;0
neos-2991472-kalu;cgl;19;195;0.0000000000;6280.04;4152;0
neos-2991472-kalu;cgl;20;201;0.0000000000;6571.42;4152;0
neos-2991472-kalu;cgl;21;206;0.0000000000;6849.98;4152;0
neos-2991472-kalu;cgl;22;213;0.0000000000;7131.27;4152;0
neos-2991472-kalu;cgl;23;216;0.0000000000;7414.32;4152;0
neos-2991472-kalu;cgl;24;221;0.0000000000;7703.46;4152;0
neos-2991472-kalu;cgl;25;229;0.0000000000;7990.61;4152;0
neos-2991472-kalu;cgl;26;231;0.0000000000;8274.10;4152;0
neos-2991472-kalu;cgl;27;233;0.0000000000;8562.72;4152;0
neos-2991472-kalu;cgl;28;235;0.0000000000;8856.59;12226;0
neos-2991472-kalu;cgl;29;237;0.0000000000;9147.08;15229;0
neos-2991472-kalu;cgl;30;239;0.0000000000;9445.62;15229;0
neos-2991472-kalu;cgl;31;250;0.0000000000;9732.21;16205;0
neos-2991472-kalu;cgl;32;257;0.0000000000;10026.03;16205;0
neos-2991472-kalu;cgl;33;260;0.0000000000;10330.31;16207;0
neos-2991472-kalu;cgl-opt;34;265;0.0000000000;10626.78;17153;0
