traininstance2;cgl;0;0;0.0000000000;0.65;0;0
traininstance2;cgl;1;8;0.0000000000;1.91;0;8
traininstance2;cgl;2;12;0.0000000000;3.40;0;12
traininstance2;cgl;3;16;0.0000000000;5.39;0;16
traininstance2;cgl;4;19;0.0000000000;7.77;0;19
traininstance2;cgl;5;23;0.0000000000;10.48;0;23
traininstance2;cgl;6;24;0.0000000000;13.62;0;24
traininstance2;cgl;7;25;0.0000000000;16.67;0;25
traininstance2;cgl;8;26;0.0000000000;20.00;0;26
traininstance2;cgl;9;27;0.0000000000;23.34;0;27
traininstance2;cgl;10;28;0.0000000000;26.92;0;28
traininstance2;cgl;11;29;0.0000000000;30.32;0;29
traininstance2;cgl;12;31;0.0000000000;33.92;0;31
traininstance2;cgl;13;33;0.0000000000;37.72;0;33
traininstance2;cgl;14;35;0.0000000000;41.78;0;35
traininstance2;cgl;15;37;0.0000000000;45.98;0;37
traininstance2;cgl;16;39;0.0000000000;50.37;0;39
traininstance2;cgl;17;41;0.0000000000;54.99;0;41
traininstance2;cgl;18;43;0.0000000000;59.85;0;43
traininstance2;cgl;19;45;0.0000000000;64.82;0;45
traininstance2;cgl;20;46;0.0000000000;70.32;0;46
traininstance2;cgl;21;50;0.0000000000;76.10;0;50
traininstance2;cgl;22;52;0.0000000000;81.81;0;52
traininstance2;cgl;23;53;0.0000000000;88.07;0;53
traininstance2;cgl;24;58;0.0000000000;94.06;0;58
traininstance2;cgl;25;65;0.0000000000;107.93;0;65
traininstance2;cgl;26;68;0.0000000000;122.57;0;68
traininstance2;cgl;27;69;0.0000000000;135.98;0;69
traininstance2;cgl;28;72;0.0000000000;148.75;0;72
traininstance2;cgl;29;86;0.0000000000;161.88;0;86
traininstance2;cgl;30;86;0.0000000000;173.70;0,86
