xhstt-spainp;cgl;0;0;300.2500000000;1972.05;0;0
xhstt-spainp;cgl;1;333;300.2500000000;2755.35;0;0
xhstt-spainp;cgl;2;471;300.2500000000;3097.14;0;0
xhstt-spainp;cgl;3;593;300.2500000000;3202.72;0;0
xhstt-spainp;cgl;4;699;300.2500000000;3267.53;0;0
xhstt-spainp;cgl;5;754;300.2500000000;3323.11;0;0
xhstt-spainp;cgl;6;803;300.2500000000;3380.38;0;0
xhstt-spainp;cgl;7;843;300.2500000000;3431.56;0;0
xhstt-spainp;cgl;8;871;300.2500000000;3470.90;0;0
xhstt-spainp;cgl;9;893;300.2500000000;3497.30;0;0
xhstt-spainp;cgl;10;899;300.2500000000;3520.11;0;0
xhstt-spainp;cgl;11;899;300.2500000000;3524.30;0,0
