f2gap401600;cgl;0;0;82274.2374341957;0.19;0;0
f2gap401600;cgl;1;49;82275.9251119313;0.31;0;0
f2gap401600;cgl;2;78;82276.0216283856;0.46;0;0
f2gap401600;cgl;3;107;82276.0933421779;0.64;0;0
f2gap401600;cgl;4;123;82276.1677301913;0.86;0;0
f2gap401600;cgl;5;142;82276.2064698526;1.10;0;0
f2gap401600;cgl;6;158;82276.2194804946;1.35;0;0
f2gap401600;cgl;7;179;82276.2387415335;1.62;0;0
f2gap401600;cgl;8;191;82276.2554546656;1.90;0;0
f2gap401600;cgl;9;206;82276.2637807505;2.19;0;0
f2gap401600;cgl;10;220;82276.2915104895;2.56;0;0
f2gap401600;cgl;11;229;82276.2981993033;2.87;0;0
f2gap401600;cgl;12;239;82276.3266711782;3.25;0;0
f2gap401600;cgl;13;256;82276.3579650972;3.62;0;0
f2gap401600;cgl;14;269;82276.4612550341;4.05;0;0
f2gap401600;cgl;15;280;82276.4891178013;4.46;0;0
f2gap401600;cgl;16;294;82276.5131906739;4.86;0;0
f2gap401600;cgl;17;309;82276.5397334940;5.27;0;0
f2gap401600;cgl;18;322;82276.5426267826;5.66;0;0
f2gap401600;cgl;19;330;82276.5482648440;6.09;0;0
f2gap401600;cgl;20;344;82276.6051053714;6.55;0;0
f2gap401600;cgl;21;357;82276.6320043325;7.04;0;0
f2gap401600;cgl;22;372;82276.6487429144;7.55;0;0
f2gap401600;cgl;23;378;82276.6759271377;8.06;0;0
f2gap401600;cgl;24;383;82276.7044700500;8.59;0;0
f2gap401600;cgl;25;387;82276.7061685571;9.07;0;0
f2gap401600;cgl;26;394;82276.7396780229;9.61;0;0
f2gap401600;cgl;27;403;82276.7568310219;10.14;0;0
f2gap401600;cgl;28;412;82276.7653479502;10.66;0;0
f2gap401600;cgl;29;418;82276.7656606985;11.19;0;0
f2gap401600;cgl;30;422;82276.7830255769;11.72;0;0
f2gap401600;cgl;31;428;82276.7922611722;12.27;0;0
f2gap401600;cgl;32;435;82276.8304117946;12.86;0;0
f2gap401600;cgl;33;439;82276.8389755414;13.40;0;0
f2gap401600;cgl;34;447;82276.8556496775;13.99;0;0
f2gap401600;cgl;35;459;82276.8895355527;14.62;0;0
f2gap401600;cgl;36;463;82276.9000562156;15.22;0;0
f2gap401600;cgl;37;475;82276.9458131053;15.86;0;0
f2gap401600;cgl;38;483;82276.9740061700;16.54;0;0
f2gap401600;cgl;39;492;82276.9767883923;17.17;0;0
f2gap401600;cgl;40;498;82276.9798339366;17.78;0;0
f2gap401600;cgl;41;506;82276.9837768560;18.39;0;0
f2gap401600;cgl;42;512;82276.9877283185;19.04;0;0
f2gap401600;cgl;43;518;82277.0134647482;19.73;0;0
f2gap401600;cgl;44;523;82277.0172309744;20.38;0;0
f2gap401600;cgl;45;528;82277.0542124819;21.09;0;0
f2gap401600;cgl;46;536;82277.0625653922;21.77;0;0
f2gap401600;cgl;47;541;82277.0704271900;22.45;0;0
f2gap401600;cgl;48;553;82277.1035094377;23.23;0;0
f2gap401600;cgl;49;564;82277.1244749188;23.97;0;0
f2gap401600;cgl;50;570;82277.1373108928;24.70;0;0
f2gap401600;cgl;51;570;82277.1373108928;24.70;0;0
