neos-1437164;cgl;0;0;7.6297058824;0.28;0;0
neos-1437164;cgl;1;28;7.6297058824;0.35;0;0
neos-1437164;cgl;2;87;7.6297058824;0.45;0;0
neos-1437164;cgl;3;123;7.6297058824;0.56;0;0
neos-1437164;cgl;4;140;7.6297058824;0.69;0;0
neos-1437164;cgl;5;191;7.6297058824;0.85;0;0
neos-1437164;cgl;6;221;7.6297058824;1.04;0;0
neos-1437164;cgl;7;239;7.6297058824;1.23;0;0
neos-1437164;cgl;8;258;7.6297058824;1.45;0;0
neos-1437164;cgl;9;281;7.6297058824;1.71;0;0
neos-1437164;cgl;10;292;7.6297058824;1.96;0;0
neos-1437164;cgl;11;310;7.6297058824;2.22;0;0
neos-1437164;cgl;12;320;7.6297058824;2.48;0;0
neos-1437164;cgl;13;331;7.6297058824;2.75;0;0
neos-1437164;cgl;14;346;7.6297058824;3.01;0;0
neos-1437164;cgl;15;366;7.6297058824;3.29;0;0
neos-1437164;cgl;16;381;7.6297058824;3.57;0;0
neos-1437164;cgl;17;391;7.6297058824;3.88;0;0
neos-1437164;cgl;18;401;7.6297058824;4.19;0;0
neos-1437164;cgl;19;408;7.6297058824;4.54;0;0
neos-1437164;cgl;20;411;7.6297058824;4.88;0;0
neos-1437164;cgl;21;413;7.6297058824;5.21;0;0
neos-1437164;cgl;22;415;7.6297058824;5.54;0;0
neos-1437164;cgl;23;415;7.6297058824;5.87;0;0
