neos-3118745-obra;cgl;0;0;253.8333333333;0.11;0;0
neos-3118745-obra;cgl;1;21;253.8333333333;0.19;0;0
neos-3118745-obra;cgl;2;43;253.8333333333;0.33;0;0
neos-3118745-obra;cgl;3;64;253.8333333333;0.36;5;0
neos-3118745-obra;cgl;4;81;253.8333333333;0.39;5;0
neos-3118745-obra;cgl;5;96;253.8333333333;0.41;5;0
neos-3118745-obra;cgl;6;108;253.8333333333;0.43;5;0
neos-3118745-obra;cgl;7;110;253.8333333333;0.45;5;0
neos-3118745-obra;cgl;8;118;253.8333333333;0.47;5;0
neos-3118745-obra;cgl;9;119;253.8333333333;0.49;5;0
neos-3118745-obra;cgl;10;120;253.8333333333;0.50;5;0
neos-3118745-obra;cgl;11;121;253.8333333333;0.52;5;0
neos-3118745-obra;cgl;12;122;253.8333333333;0.54;5;0
neos-3118745-obra;cgl;13;123;253.8333333333;0.56;5;0
neos-3118745-obra;cgl;14;124;253.8333333333;0.58;5;0
neos-3118745-obra;cgl;15;125;253.8333333333;0.60;5;0
neos-3118745-obra;cgl;16;126;253.8333333333;0.61;5;0
neos-3118745-obra;cgl;17;127;253.8333333333;0.63;5;0
neos-3118745-obra;cgl;18;128;253.8333333333;0.65;5;0
neos-3118745-obra;cgl;19;129;253.8333333333;0.67;5;0
neos-3118745-obra;cgl;20;130;253.8333333333;0.69;5;0
neos-3118745-obra;cgl;21;131;253.8333333333;0.71;5;0
neos-3118745-obra;cgl;22;132;253.8333333333;0.72;5;0
neos-3118745-obra;cgl;23;133;253.8333333333;0.74;5;0
neos-3118745-obra;cgl;24;134;253.8333333333;0.76;5;0
neos-3118745-obra;cgl;25;135;253.8333333333;0.78;5;0
neos-3118745-obra;cgl;26;136;253.8333333333;0.80;5;0
neos-3118745-obra;cgl;27;137;253.8333333333;0.82;5;0
neos-3118745-obra;cgl;28;138;253.8333333333;0.84;5;0
neos-3118745-obra;cgl;29;139;253.8333333333;0.86;5;0
neos-3118745-obra;cgl;30;140;253.8333333333;0.88;5;0
neos-3118745-obra;cgl;31;141;253.8333333333;0.90;5;0
neos-3118745-obra;cgl;32;142;253.8333333333;0.92;5;0
neos-3118745-obra;cgl;33;143;253.8333333333;0.95;5;0
neos-3118745-obra;cgl;34;144;253.8333333333;0.97;5;0
neos-3118745-obra;cgl;35;145;253.8333333333;0.99;5;0
neos-3118745-obra;cgl;36;146;253.8333333333;1.02;5;0
neos-3118745-obra;cgl;37;147;253.8333333333;1.04;5;0
neos-3118745-obra;cgl;38;148;253.8333333333;1.06;5;0
neos-3118745-obra;cgl;39;149;253.8333333333;1.09;5;0
neos-3118745-obra;cgl;40;150;253.8333333333;1.11;5;0
neos-3118745-obra;cgl;41;151;253.8333333333;1.13;5;0
neos-3118745-obra;cgl;42;152;253.8333333333;1.16;5;0
neos-3118745-obra;cgl;43;153;253.8333333333;1.18;5;0
neos-3118745-obra;cgl;44;154;253.8333333333;1.21;5;0
neos-3118745-obra;cgl;45;155;253.8333333333;1.23;5;0
neos-3118745-obra;cgl;46;156;253.8333333333;1.26;5;0
neos-3118745-obra;cgl;47;157;253.8333333333;1.28;5;0
neos-3118745-obra;cgl;48;158;253.8333333333;1.31;5;0
neos-3118745-obra;cgl;49;159;253.8333333333;1.34;5;0
neos-3118745-obra;cgl;50;160;253.8333333333;1.37;5;0
neos-3118745-obra;cgl;51;160;253.8333333333;1.37;5;0
