neos-954925;cgl;0;0;-237.8237037037;446.98;0;0
neos-954925;cgl;1;274;-237.8237037037;612.44;0;0
neos-954925;cgl;2;612;-237.8237037037;824.90;41;0
neos-954925;cgl;3;986;-237.8237037037;1028.22;113;0
neos-954925;cgl;4;1361;-237.8237037037;1279.21;219;0
neos-954925;cgl;5;1724;-237.8237037037;1532.13;424;0
neos-954925;cgl;6;2104;-237.8237037037;1799.80;6310;0
neos-954925;cgl;7;2469;-237.8237037037;2077.13;9372;0
neos-954925;cgl;8;2852;-237.8237037037;2375.36;9450;0
neos-954925;cgl;9;3218;-237.8237037037;2709.51;24175;0
neos-954925;cgl;10;3627;-237.8237037037;3015.59;25829;0
neos-954925;cgl;11;4033;-237.8237037037;3365.03;47602;0
neos-954925;cgl;12;4492;-237.8237037037;3670.67;56402;0
neos-954925;cgl;13;4970;-237.8237037037;3954.33;56546;0
neos-954925;cgl;14;5417;-237.8237037037;4240.49;56832;0
neos-954925;cgl;15;5912;-237.8237037037;4479.13;78572;0
neos-954925;cgl;16;6429;-237.8237037037;4950.35;78819;0
neos-954925;cgl;17;7020;-237.8237037037;5321.03;79066;0
neos-954925;cgl;18;7569;-237.8237037037;5686.64;79299;0
neos-954925;cgl;19;8262;-237.8237037037;6069.13;79565;0
neos-954925;cgl;20;8827;-237.8237037037;6453.31;79780;0
neos-954925;cgl;21;9524;-237.8237037037;6810.32;79912;0
neos-954925;cgl;22;10131;-237.8237037037;7204.48;83041;0
neos-954925;cgl;23;10786;-237.8237037037;7635.95;84687;0
neos-954925;cgl;24;11448;-237.8237037037;8086.39;84929;0
neos-954925;cgl;25;12105;-237.8237037037;8502.43;85238;0
neos-954925;cgl;26;12782;-237.8237037037;8933.90;85462;0
neos-954925;cgl;27;13432;-237.8237037037;9412.86;85661;0
neos-954925;cgl;28;14042;-237.8237037037;9867.17;85864;0
neos-954925;cgl-opt;29;14566;-237.8237037037;10304.94;86001;0
