routing_0016;cgl;0;0;32230.3657894737;11.93;0;0
routing_0016;cgl;1;14;32230.3657894724;15.15;0;0
routing_0016;cgl;2;26;32230.3657894737;18.33;0;3
routing_0016;cgl;3;37;32230.3657894737;21.38;0;6
routing_0016;cgl;4;48;32230.3657894737;24.54;0;8
routing_0016;cgl;5;58;32230.3657894737;27.69;0;10
routing_0016;cgl;6;69;32230.3657894737;30.81;0;12
routing_0016;cgl;7;82;32230.3657894737;33.96;0;14
routing_0016;cgl;8;93;32230.3657894737;37.13;0;16
routing_0016;cgl;9;105;32230.3657894737;40.29;0;18
routing_0016;cgl;10;115;32230.3657894737;43.45;0;20
routing_0016;cgl;11;125;32230.3657894737;46.65;0;21
routing_0016;cgl;12;136;32230.3657894737;50.00;0;22
routing_0016;cgl;13;146;32230.3657894737;53.48;0;23
routing_0016;cgl;14;156;32230.3657894737;56.93;0;24
routing_0016;cgl;15;166;32230.3657894737;60.42;0;25
routing_0016;cgl;16;175;32230.3657894737;63.64;0;26
routing_0016;cgl;17;183;32230.3657894737;67.03;0;26
routing_0016;cgl;18;191;32230.3657894737;70.48;0;26
routing_0016;cgl;19;199;32230.3657894737;73.87;0;26
routing_0016;cgl;20;206;32230.3657894737;77.23;0;26
routing_0016;cgl;21;212;32230.3657894737;80.65;0;26
routing_0016;cgl;22;218;32230.3657894737;83.88;0;26
routing_0016;cgl;23;225;32230.3657894737;87.19;0;26
routing_0016;cgl;24;230;32230.3657894737;90.40;0;26
routing_0016;cgl;25;235;32230.3657894737;93.74;0;26
routing_0016;cgl;26;240;32230.3657894737;97.10;0;26
routing_0016;cgl;27;244;32230.3657894737;100.35;0;26
routing_0016;cgl;28;248;32230.3657894737;103.44;0;26
routing_0016;cgl;29;252;32230.3657894737;106.53;0;26
routing_0016;cgl;30;256;32230.3657894737;109.59;0;26
routing_0016;cgl;31;260;32230.3657894737;112.72;0;26
routing_0016;cgl;32;264;32230.3657894737;115.97;0;26
routing_0016;cgl;33;268;32230.3657894737;119.39;0;26
routing_0016;cgl;34;270;32230.3657894737;122.64;0;26
routing_0016;cgl;35;271;32230.3657894737;125.90;0;26
routing_0016;cgl;36;271;32230.3657894737;128.95;0;26
