academictimetablebig;cgl;0;0;25.4444444444;1329.62;0;0
academictimetablebig;cgl;1;4382;425.4444444444;1662.10;2;0
academictimetablebig;cgl;2;6679;425.4444444444;2109.68;3;0
academictimetablebig;cgl;3;8186;425.4444444444;2467.91;3;0
academictimetablebig;cgl;4;9162;425.4444444444;2783.79;3;0
academictimetablebig;cgl;5;10013;425.4444444444;3037.10;3;0
academictimetablebig;cgl;6;10610;425.4444444444;3267.11;3;0
academictimetablebig;cgl;7;10916;425.4444444444;3489.82;3;0
academictimetablebig;cgl;8;11140;425.4444444444;3664.26;3;0
academictimetablebig;cgl;9;11287;425.4444444444;3816.61;3;0
academictimetablebig;cgl;10;11389;425.4444444444;3947.79;3;0
academictimetablebig;cgl;11;11446;425.4444444444;4057.14;3;0
academictimetablebig;cgl;12;11466;425.4444444444;4146.53;3;0
academictimetablebig;cgl;13;11511;425.4444444444;4241.16;3;0
academictimetablebig;cgl;14;11532;425.4444444444;4322.48;3;0
academictimetablebig;cgl;15;11558;425.4444444444;4395.84;3;0
academictimetablebig;cgl;16;11568;425.4444444444;4463.22;3;0
academictimetablebig;cgl;17;11570;425.4444444444;4534.07;3;0
academictimetablebig;cgl;18;11575;425.4444444444;4608.00;3;0
academictimetablebig;cgl;19;11585;425.4444444444;4680.97;3;0
academictimetablebig;cgl;20;11594;425.4444444444;4754.94;3;0
academictimetablebig;cgl;21;11595;425.4444444444;4825.43;3;0
academictimetablebig;cgl;22;11599;425.4444444444;4904.35;3;0
academictimetablebig;cgl;23;11610;425.4444444444;4974.78;3;0
academictimetablebig;cgl;24;11619;425.4580152672;5048.88;3;0
academictimetablebig;cgl;25;11629;425.4827586207;5117.47;3;0
academictimetablebig;cgl;26;11639;425.5000000000;5198.41;3;0
academictimetablebig;cgl;27;11647;425.5000000000;5282.35;3;0
academictimetablebig;cgl;28;11655;425.5000000000;5381.43;3;0
academictimetablebig;cgl;29;11666;425.5000000000;5497.35;3;0
academictimetablebig;cgl;30;11675;425.5000000000;5567.84;3;0
academictimetablebig;cgl;31;11675;425.5000000000;5630.80;3,0
