fhnw-binschedule0;cgl;0;0;12632.8887791449;2392.58;0;0
fhnw-binschedule0;cgl;1;5806;12632.8887791450;2896.44;764;0
fhnw-binschedule0;cgl;2;7298;12632.8887791450;3218.65;1010;0
fhnw-binschedule0;cgl;3;8520;12632.8887791450;3490.32;1252;0
fhnw-binschedule0;cgl;4;9784;12632.8887791450;3805.65;1568;0
fhnw-binschedule0;cgl;5;11061;12632.8887791450;4158.20;1893;0
fhnw-binschedule0;cgl;6;12521;12632.8887791450;4590.38;2323;0
fhnw-binschedule0;cgl;7;14058;12636.8140065393;5004.58;2817;0
fhnw-binschedule0;cgl;8;15864;12636.8140065393;5517.89;3341;0
fhnw-binschedule0;cgl;9;17996;12636.8140065393;6031.63;3921;0
fhnw-binschedule0;cgl;10;20288;12636.8140065393;6612.06;4500;0
fhnw-binschedule0;cgl;11;22972;12636.8140065393;7364.43;5076;0
fhnw-binschedule0;cgl;12;26026;12638.9183083803;8291.54;5679;0
fhnw-binschedule0;cgl-opt;13;29282;12638.9183083795;8436.33;6233;0
