mkc;cgl;0;0;-611.8500000000;2.00;0;0
mkc;cgl;1;26;-611.8500000000;2.05;0;0
mkc;cgl;2;59;-611.8500000000;2.13;0;0
mkc;cgl;3;89;-611.4789727127;2.21;0;0
mkc;cgl;4;121;-611.4789727127;2.31;0;0
mkc;cgl;5;153;-611.4779476454;2.42;0;0
mkc;cgl;6;190;-611.2914241472;2.54;0;0
mkc;cgl;7;227;-611.1961354467;2.67;0;0
mkc;cgl;8;266;-611.1876476730;2.82;0;0
mkc;cgl;9;304;-611.1477784012;2.99;0;0
mkc;cgl;10;350;-610.8206924236;3.20;0;0
mkc;cgl;11;393;-610.8185800838;3.47;0;0
mkc;cgl;12;441;-610.0755849780;3.72;0;0
mkc;cgl;13;477;-609.8119121661;4.00;0;0
mkc;cgl;14;511;-609.7761461381;4.29;0;0
mkc;cgl;15;557;-609.7471526234;4.60;0;0
mkc;cgl;16;599;-609.7391175485;4.98;0;0
mkc;cgl;17;640;-608.7494774178;5.34;0;0
mkc;cgl;18;684;-608.7494774178;5.70;0;0
mkc;cgl;19;726;-608.7401807078;6.04;0;0
mkc;cgl;20;773;-608.1051807078;6.51;0;0
mkc;cgl;21;811;-607.9929230516;6.93;0;0
mkc;cgl;22;855;-607.2411338167;7.50;0;0
mkc;cgl;23;895;-607.0642062816;8.12;0;0
mkc;cgl;24;933;-607.0419729275;8.63;0;0
mkc;cgl;25;966;-607.0419729275;9.14;0;0
mkc;cgl;26;1007;-606.9824510215;9.73;0;0
mkc;cgl;27;1042;-606.9824510215;10.24;0;0
mkc;cgl;28;1080;-606.9219377359;10.83;0;0
mkc;cgl;29;1115;-606.9219377359;11.42;0;0
mkc;cgl;30;1160;-606.8694479134;12.07;0;0
mkc;cgl;31;1199;-606.8694479134;12.69;0;0
mkc;cgl;32;1234;-606.8694479134;13.30;0;0
mkc;cgl;33;1261;-606.8694479134;13.96;0;0
mkc;cgl;34;1302;-606.8694479134;14.63;0;0
mkc;cgl;35;1333;-606.8694479134;15.32;0;0
mkc;cgl;36;1365;-606.8694479134;16.02;0;0
mkc;cgl;37;1393;-606.8553415623;16.81;0;0
mkc;cgl;38;1431;-606.8553415623;17.54;0;0
mkc;cgl;39;1459;-606.8553415623;18.20;0;0
mkc;cgl;40;1497;-606.8553415623;18.95;0;0
mkc;cgl;41;1536;-606.8553415623;19.71;0;0
mkc;cgl;42;1569;-606.8466227170;20.43;0;0
mkc;cgl;43;1608;-606.8466227170;21.21;0;0
mkc;cgl;44;1652;-606.8374209145;21.98;0;0
mkc;cgl;45;1690;-606.8151186872;22.88;0;0
mkc;cgl;46;1719;-606.8151186872;23.79;0;0
mkc;cgl;47;1754;-606.8151186872;24.70;0;0
mkc;cgl;48;1792;-606.8151186872;25.80;0;0
mkc;cgl;49;1832;-606.7547950312;26.98;0;0
mkc;cgl;50;1874;-606.7513708307;27.94;0;0
mkc;cgl;51;1874;-606.7513708307;27.94;0,0
