neos-4306827-ravan;cgl;0;0;-35696.9019131650;39.87;0;0
neos-4306827-ravan;cgl;1;160;-27252.2918827564;109.55;0;2
neos-4306827-ravan;cgl;2;331;-27107.9198516124;137.29;0;2
neos-4306827-ravan;cgl;3;477;-27106.2479452228;151.72;0;2
neos-4306827-ravan;cgl;4;562;-27106.2479452229;166.78;0;2
neos-4306827-ravan;cgl;5;623;-27106.2479452228;178.95;0;2
neos-4306827-ravan;cgl;6;658;-27106.2479452228;191.49;0;2
neos-4306827-ravan;cgl;7;682;-27106.2479452228;203.18;0;2
neos-4306827-ravan;cgl;8;692;-27106.2479452228;214.96;0;2
neos-4306827-ravan;cgl;9;698;-27106.2479452228;226.83;0;2
neos-4306827-ravan;cgl;10;705;-27106.2479452228;238.99;0;2
neos-4306827-ravan;cgl;11;709;-27106.2479452228;250.98;0;2
neos-4306827-ravan;cgl;12;715;-27106.2479452228;263.02;0;2
neos-4306827-ravan;cgl;13;721;-27106.2479452228;275.07;0;2
neos-4306827-ravan;cgl;14;726;-27106.2479452228;287.16;0;2
neos-4306827-ravan;cgl;15;731;-27106.2479452228;298.97;0;2
neos-4306827-ravan;cgl;16;737;-27100.6567427957;310.92;0;2
neos-4306827-ravan;cgl;17;741;-27100.6567427957;322.57;0;2
neos-4306827-ravan;cgl;18;745;-27100.6567427957;334.06;0;2
neos-4306827-ravan;cgl;19;749;-27084.0203925474;345.69;0;2
neos-4306827-ravan;cgl;20;753;-27084.0203925474;357.02;0;2
neos-4306827-ravan;cgl;21;753;-27084.0203925474;367.44;0,2
