neos-1437164;cgl;0;0;7.6297058824;0.30;0;0
neos-1437164;cgl;1;21;7.6297058824;0.37;0;0
neos-1437164;cgl;2;57;7.6297058824;0.45;0;0
neos-1437164;cgl;3;101;7.6297058824;0.54;0;0
neos-1437164;cgl;4;129;7.6297058824;0.65;0;0
neos-1437164;cgl;5;156;7.6297058824;0.80;0;0
neos-1437164;cgl;6;179;7.6297058824;0.97;0;0
neos-1437164;cgl;7;191;7.6297058824;1.17;0;0
neos-1437164;cgl;8;202;7.6297058824;1.36;0;0
neos-1437164;cgl;9;219;7.6297058824;1.55;0;0
neos-1437164;cgl;10;229;7.6297058824;1.75;0;0
neos-1437164;cgl;11;239;7.6297058824;1.96;0;0
neos-1437164;cgl;12;255;7.6297058824;2.18;0;0
neos-1437164;cgl;13;265;7.6297058824;2.43;0;0
neos-1437164;cgl;14;273;7.6297058824;2.67;0;0
neos-1437164;cgl;15;278;7.6297058824;2.91;0;0
neos-1437164;cgl;16;282;7.6297058824;3.17;0;0
neos-1437164;cgl;17;286;7.6297058824;3.42;0;0
neos-1437164;cgl;18;288;7.6297058824;3.68;0;0
neos-1437164;cgl;19;292;7.6297058824;3.94;0;0
neos-1437164;cgl;20;293;7.6297058824;4.21;0;0
neos-1437164;cgl;21;293;7.6297058824;4.47;0,0
