routing_GCM_0014;cgl;0;0;12125.4867724867;12.98;0;0
routing_GCM_0014;cgl;1;15;12125.4867724867;19.30;0;3
routing_GCM_0014;cgl;2;24;12125.4867724867;25.77;0;4
routing_GCM_0014;cgl;3;33;12125.4867724867;32.17;0;4
routing_GCM_0014;cgl;4;43;12125.4867724867;38.49;0;4
routing_GCM_0014;cgl;5;52;12125.4867724867;44.82;0;4
routing_GCM_0014;cgl;6;61;12125.4867724867;50.83;0;4
routing_GCM_0014;cgl;7;71;12125.4867724867;56.87;0;4
routing_GCM_0014;cgl;8;81;12125.4867724867;62.93;0;4
routing_GCM_0014;cgl;9;90;12125.4867724867;68.99;0;4
routing_GCM_0014;cgl;10;99;12125.4867724867;75.04;0;4
routing_GCM_0014;cgl;11;108;12125.4867724867;81.17;0;4
routing_GCM_0014;cgl;12;117;12125.4867724867;87.28;0;4
routing_GCM_0014;cgl;13;126;12125.4867724867;93.46;0;4
routing_GCM_0014;cgl;14;136;12125.4867724867;99.53;0;4
routing_GCM_0014;cgl;15;145;12125.4867724867;105.64;0;4
routing_GCM_0014;cgl;16;153;12125.4867724867;111.80;0;4
routing_GCM_0014;cgl;17;161;12125.4867724867;117.96;0;4
routing_GCM_0014;cgl;18;169;12125.4867724867;124.17;0;4
routing_GCM_0014;cgl;19;177;12125.4867724867;130.36;0;4
routing_GCM_0014;cgl;20;183;12125.4867724867;136.42;0;4
routing_GCM_0014;cgl;21;189;12125.4867724867;142.57;0;4
routing_GCM_0014;cgl;22;195;12125.4867724867;148.66;0;4
routing_GCM_0014;cgl;23;201;12125.4867724867;154.86;0;4
routing_GCM_0014;cgl;24;206;12125.4867724868;161.02;0;4
routing_GCM_0014;cgl;25;211;12125.4867724867;167.17;0;4
routing_GCM_0014;cgl;26;217;12125.4867724867;173.31;0;4
routing_GCM_0014;cgl;27;222;12125.4867724867;179.51;0;4
routing_GCM_0014;cgl;28;227;12125.4867724867;185.77;0;4
routing_GCM_0014;cgl;29;232;12125.4867724867;192.14;0;4
routing_GCM_0014;cgl;30;237;12125.4867724867;198.51;0;4
routing_GCM_0014;cgl;31;242;12125.4867724868;204.66;0;4
routing_GCM_0014;cgl;32;247;12125.4867724868;210.88;0;4
routing_GCM_0014;cgl;33;252;12125.4867724867;217.38;0;4
routing_GCM_0014;cgl;34;256;12125.4867724867;223.98;0;4
routing_GCM_0014;cgl;35;259;12125.4867724867;230.38;0;4
routing_GCM_0014;cgl;36;262;12125.4867724867;236.83;0;4
routing_GCM_0014;cgl;37;265;12125.4867724867;243.18;0;4
routing_GCM_0014;cgl;38;267;12125.4867724867;249.64;0;4
routing_GCM_0014;cgl;39;269;12125.4867724867;256.05;0;4
routing_GCM_0014;cgl;40;271;12125.4867724867;262.43;0;4
routing_GCM_0014;cgl;41;273;12125.4867724867;268.85;0;4
routing_GCM_0014;cgl;42;275;12125.4867724867;275.30;0;4
routing_GCM_0014;cgl;43;277;12125.4867724867;281.82;0;4
routing_GCM_0014;cgl;44;279;12125.4867724867;288.25;0;4
routing_GCM_0014;cgl;45;279;12125.4867724867;294.58;0,4
