30n20b8;cgl;0;0;1.5664076456;1.74;0;0
30n20b8;cgl;1;92;1.5664076456;4.19;0;0
30n20b8;cgl;2;185;1.5664076456;8.99;0;0
30n20b8;cgl;3;281;1.5664076456;16.18;0;0
30n20b8;cgl;4;373;1.5664076456;25.80;0;0
30n20b8;cgl;5;469;1.5664076456;37.77;0;0
30n20b8;cgl;6;563;1.5664076456;52.44;0;0
30n20b8;cgl;7;656;1.5664076456;69.77;0;0
30n20b8;cgl;8;742;1.5664076456;90.07;0;0
30n20b8;cgl;9;831;1.7703067471;112.81;0;0
30n20b8;cgl;10;918;1.7703067471;137.20;0;0
30n20b8;cgl;11;1005;1.7703067471;162.68;0;0
30n20b8;cgl;12;1099;1.7703067471;190.94;0;0
30n20b8;cgl;13;1188;3.1699305539;222.19;0;0
30n20b8;cgl;14;1270;3.1767719883;255.61;0;0
30n20b8;cgl;15;1351;3.1798229401;292.89;0;0
30n20b8;cgl;16;1430;3.1799520223;332.55;0;0
30n20b8;cgl;17;1508;3.1800572061;371.13;0;0
30n20b8;cgl;18;1585;3.1801927842;412.78;0;0
30n20b8;cgl;19;1659;3.1937645845;456.15;0;0
30n20b8;cgl;20;1740;3.1940117817;501.40;0;0
30n20b8;cgl;21;1818;3.1942641598;548.61;0;0
30n20b8;cgl;22;1894;3.2058336868;599.00;0;0
30n20b8;cgl;23;1973;3.2062086332;651.81;0;0
30n20b8;cgl;24;2048;3.2068820135;705.50;0;0
30n20b8;cgl;25;2124;3.2072789877;760.65;0;0
30n20b8;cgl;26;2200;3.4779420495;818.02;0;0
30n20b8;cgl;27;2274;3.4782149887;877.59;0;0
30n20b8;cgl;28;2351;3.4787777501;938.88;0;0
30n20b8;cgl;29;2422;3.5293607181;1001.98;0;0
30n20b8;cgl;30;2494;3.5293607181;1069.31;0;0
30n20b8;cgl;31;2560;3.5293607181;1139.80;0;0
30n20b8;cgl;32;2630;3.5293607181;1210.02;0;0
30n20b8;cgl;33;2698;3.5293607181;1279.48;0;0
30n20b8;cgl;34;2766;3.5293607181;1350.79;0;0
30n20b8;cgl;35;2835;3.5293607181;1427.09;0;0
30n20b8;cgl;36;2904;3.5293607181;1504.76;0;0
30n20b8;cgl;37;2972;3.5293607181;1584.95;0;0
30n20b8;cgl;38;3037;3.5293607181;1668.43;0;0
30n20b8;cgl;39;3101;3.5293607181;1752.32;0;0
30n20b8;cgl;40;3163;4.1397695316;1837.31;0;0
30n20b8;cgl;41;3220;4.1397695316;1925.29;0;0
30n20b8;cgl;42;3274;4.1397695316;2014.23;0;0
30n20b8;cgl;43;3333;4.1397695316;2101.37;0;0
30n20b8;cgl;44;3388;4.1397695316;2189.69;0;0
30n20b8;cgl;45;3447;4.1397695316;2280.22;0;0
30n20b8;cgl;46;3503;4.1397695316;2373.60;0;0
30n20b8;cgl;47;3557;4.1397695316;2468.71;0;0
30n20b8;cgl;48;3611;4.1397695316;2565.61;0;0
30n20b8;cgl;49;3667;4.1397695316;2664.49;0;0
30n20b8;cgl;50;3721;4.1397695316;2764.97;0;0
30n20b8;cgl;51;3721;4.1397695316;2764.97;0,0
