cap6000;cgl;0;0;-2451537.3250240455;0.36;0;0
cap6000;cgl;1;7;-2451535.8057408715;0.75;0;0
cap6000;cgl;2;13;-2451534.8933266429;1.41;509;0
cap6000;cgl;3;19;-2451533.2411292866;2.21;509;0
cap6000;cgl;4;24;-2451530.9369828245;3.37;514;0
cap6000;cgl;5;29;-2451530.6623207191;4.63;517;0
cap6000;cgl;6;33;-2451530.2720265370;6.30;519;0
cap6000;cgl;7;37;-2451530.1047259443;8.01;519;0
cap6000;cgl;8;39;-2451529.0156591535;10.13;521;0
cap6000;cgl;9;44;-2451528.4881232088;12.22;526;0
cap6000;cgl;10;47;-2451527.1726837638;14.55;529;0
cap6000;cgl;11;49;-2451526.7329441197;17.00;531;0
cap6000;cgl;12;53;-2451526.5033206251;19.60;553;0
cap6000;cgl;13;59;-2451526.1274931571;22.40;562;0
cap6000;cgl;14;64;-2451525.9858479039;25.61;570;0
cap6000;cgl;15;68;-2451525.6218502265;28.80;570;0
cap6000;cgl;16;72;-2451525.4583947784;32.19;575;0
cap6000;cgl;17;74;-2451524.7433414445;36.06;577;0
cap6000;cgl;18;79;-2451524.2381761102;40.12;582;0
cap6000;cgl;19;81;-2451523.9004005259;44.26;584;0
cap6000;cgl;20;83;-2451523.6372008421;48.54;586;0
cap6000;cgl;21;93;-2451523.3743111393;52.90;618;0
cap6000;cgl;22;95;-2451523.0072860532;57.68;620;0
cap6000;cgl;23;99;-2451522.7568278746;62.68;624;0
cap6000;cgl;24;101;-2451522.4921486890;67.92;626;0
cap6000;cgl;25;103;-2451521.5945910821;73.30;629;0
cap6000;cgl;26;106;-2451521.0605647592;78.68;632;0
cap6000;cgl;27;108;-2451521.0116310888;84.22;634;0
cap6000;cgl;28;112;-2451520.1249820911;90.00;643;0
cap6000;cgl;29;116;-2451519.9195493143;95.92;655;0
cap6000;cgl;30;118;-2451519.4485357921;101.97;658;0
cap6000;cgl;31;122;-2451519.3710187674;108.29;674;0
cap6000;cgl;32;126;-2451518.8485624897;114.68;678;0
cap6000;cgl;33;129;-2451518.8214588203;121.21;681;0
cap6000;cgl;34;133;-2451518.6742723268;128.07;689;0
cap6000;cgl;35;139;-2451518.0071000252;135.17;700;0
cap6000;cgl;36;141;-2451517.7102521909;142.42;702;0
cap6000;cgl;37;145;-2451517.0223790421;149.68;706;0
cap6000;cgl;38;147;-2451516.7419385207;157.14;706;0
cap6000;cgl;39;150;-2451516.0924374699;164.85;709;0
cap6000;cgl;40;152;-2451516.0248206835;172.33;709;0
cap6000;cgl;41;156;-2451515.8529806263;180.25;720;0
cap6000;cgl;42;161;-2451515.7356746220;188.18;725;0
cap6000;cgl;43;163;-2451515.4218763327;196.56;727;0
cap6000;cgl;44;167;-2451515.2758662812;205.27;731;0
cap6000;cgl;45;171;-2451514.9637038861;214.24;735;0
cap6000;cgl;46;173;-2451514.7812690726;223.42;744;0
cap6000;cgl;47;177;-2451514.4228410074;232.87;744;0
cap6000;cgl;48;179;-2451513.5115485666;242.31;751;0
cap6000;cgl;49;184;-2451513.4298508368;251.51;757;0
cap6000;cgl;50;187;-2451513.2288635480;261.12;774;0
cap6000;cgl;51;187;-2451513.2288635480;261.12;774,0
