msc98-ip;cgl;0;0;19520966.1516614817;77.93;0;0
msc98-ip;cgl;1;289;19546253.6060865074;93.01;0;201
msc98-ip;cgl;2;564;19548925.0061003156;105.61;12;436
msc98-ip;cgl;3;815;19557387.0061236657;125.55;24;665
msc98-ip;cgl;4;1076;19557387.0061257519;128.52;24;907
msc98-ip;cgl;5;1262;19559587.1394313090;130.95;24;1089
msc98-ip;cgl;6;1430;19560137.1727624200;133.38;24;1256
msc98-ip;cgl;7;1540;19560137.1727624126;135.72;24;1366
msc98-ip;cgl;8;1633;19560137.1727624238;137.99;24;1459
msc98-ip;cgl;9;1709;19560137.1727624200;140.22;24;1534
msc98-ip;cgl;10;1763;19560137.1727624200;142.46;24;1588
msc98-ip;cgl;11;1796;19560137.1727624200;144.71;24;1621
msc98-ip;cgl;12;1820;19560137.1727624200;146.92;24;1645
msc98-ip;cgl;13;1832;19560137.1727624163;149.09;24;1657
msc98-ip;cgl;14;1840;19560137.1727624200;151.38;24;1665
msc98-ip;cgl;15;1843;19560137.1727624200;153.60;24;1668
msc98-ip;cgl;16;1845;19560137.1727624200;155.82;24;1670
msc98-ip;cgl;17;1847;19560137.1727624200;158.04;24;1672
msc98-ip;cgl;18;1852;19560137.1727624200;160.28;24;1677
msc98-ip;cgl;19;1853;19560137.1727624200;162.51;24;1678
msc98-ip;cgl;20;1853;19560137.1727624200;164.59;24,1678
