neos-4409277-trave;cgl;0;0;0.0000000000;72.54;0;0
neos-4409277-trave;cgl;1;1;0.0000000000;86.99;3;0
neos-4409277-trave;cgl;2;2;0.0000000000;101.50;10;0
neos-4409277-trave;cgl;3;3;0.0000000000;114.91;12;0
neos-4409277-trave;cgl;4;4;0.0000000000;131.28;15;0
neos-4409277-trave;cgl;5;6;0.0000000000;147.76;71;0
neos-4409277-trave;cgl;6;7;0.0000000000;161.64;73;0
neos-4409277-trave;cgl;7;9;0.0000000000;177.75;79;0
neos-4409277-trave;cgl;8;13;0.0000000000;192.42;120;0
neos-4409277-trave;cgl;9;16;0.0000000000;208.36;129;0
neos-4409277-trave;cgl;10;22;0.0000000000;222.61;145;0
neos-4409277-trave;cgl;11;24;0.0000000000;237.64;236;0
neos-4409277-trave;cgl;12;25;0.0000000000;255.23;244;0
neos-4409277-trave;cgl;13;29;0.0000000000;272.20;265;0
neos-4409277-trave;cgl;14;32;0.0000000000;289.18;276;0
neos-4409277-trave;cgl;15;37;0.0000000000;305.83;354;0
neos-4409277-trave;cgl;16;41;0.0000000000;323.98;376;0
neos-4409277-trave;cgl;17;48;0.0000000000;342.88;486;0
neos-4409277-trave;cgl;18;54;0.0000000000;362.30;573;0
neos-4409277-trave;cgl;19;59;0.0000000000;382.01;605;0
neos-4409277-trave;cgl;20;63;0.0000000000;402.03;661;0
neos-4409277-trave;cgl;21;67;0.0000000000;422.76;833;0
neos-4409277-trave;cgl;22;74;0.0000000000;443.71;868;0
neos-4409277-trave;cgl;23;79;0.0000000000;464.98;1053;0
neos-4409277-trave;cgl;24;83;0.0000000000;486.94;1265;0
neos-4409277-trave;cgl;25;89;0.0000000000;509.44;1314;0
neos-4409277-trave;cgl;26;96;0.0000000000;531.56;1599;0
neos-4409277-trave;cgl;27;105;0.0000000000;554.54;1738;0
neos-4409277-trave;cgl;28;111;0.0000000000;577.98;2010;0
neos-4409277-trave;cgl;29;117;0.0000000000;601.86;2182;0
neos-4409277-trave;cgl;30;126;0.0000000000;625.96;2446;0
neos-4409277-trave;cgl;31;133;0.0000000000;650.67;2715;0
neos-4409277-trave;cgl;32;141;0.0000000000;675.51;2910;0
neos-4409277-trave;cgl;33;146;0.0000000000;700.70;3078;0
neos-4409277-trave;cgl;34;152;0.0000000000;726.54;3295;0
neos-4409277-trave;cgl;35;160;0.0000000000;753.14;3660;0
neos-4409277-trave;cgl;36;166;0.0000000000;779.43;3856;0
neos-4409277-trave;cgl;37;175;0.0000000000;806.90;4214;0
neos-4409277-trave;cgl;38;184;0.0000000000;834.74;4510;0
neos-4409277-trave;cgl;39;192;0.0000000000;863.25;4757;0
neos-4409277-trave;cgl;40;202;0.0000000000;892.76;4935;0
neos-4409277-trave;cgl;41;212;0.0000000000;922.92;5330;0
neos-4409277-trave;cgl;42;220;0.0000000000;952.68;5706;0
neos-4409277-trave;cgl;43;228;0.0000000000;982.91;6010;0
neos-4409277-trave;cgl;44;237;0.0000000000;1013.96;6201;0
neos-4409277-trave;cgl;45;246;0.0000000000;1045.10;6472;0
neos-4409277-trave;cgl;46;257;0.0000000000;1076.36;6823;0
neos-4409277-trave;cgl;47;266;0.0000000000;1107.67;7227;0
neos-4409277-trave;cgl;48;277;0.0000000000;1140.07;7706;0
neos-4409277-trave;cgl;49;287;0.0000000000;1174.68;8070;0
neos-4409277-trave;cgl;50;301;0.0000000000;1209.90;8428;0
neos-4409277-trave;cgl;51;301;0.0000000000;1209.90;8428,0
