routing_GCM_0014;cgl;0;0;12125.4867724867;12.18;0;0
routing_GCM_0014;cgl;1;15;12125.4867724867;18.51;0;3
routing_GCM_0014;cgl;2;24;12125.4867724867;24.83;0;4
routing_GCM_0014;cgl;3;33;12125.4867724867;31.16;0;4
routing_GCM_0014;cgl;4;43;12125.4867724867;37.47;0;4
routing_GCM_0014;cgl;5;52;12125.4867724867;43.77;0;4
routing_GCM_0014;cgl;6;61;12125.4867724867;50.07;0;4
routing_GCM_0014;cgl;7;70;12125.4867724867;56.36;0;4
routing_GCM_0014;cgl;8;79;12125.4867724867;62.71;0;4
routing_GCM_0014;cgl;9;88;12125.4867724867;69.09;0;4
routing_GCM_0014;cgl;10;97;12125.4867724867;75.46;0;4
routing_GCM_0014;cgl;11;106;12125.4867724867;81.89;0;4
routing_GCM_0014;cgl;12;115;12125.4867724867;88.29;0;4
routing_GCM_0014;cgl;13;124;12125.4867724867;94.71;0;4
routing_GCM_0014;cgl;14;133;12125.4867724867;101.11;0;4
routing_GCM_0014;cgl;15;142;12125.4867724867;107.50;0;4
routing_GCM_0014;cgl;16;150;12125.4867724867;113.91;0;4
routing_GCM_0014;cgl;17;158;12125.4867724867;120.33;0;4
routing_GCM_0014;cgl;18;166;12125.4867724867;126.73;0;4
routing_GCM_0014;cgl;19;174;12125.4867724867;133.14;0;4
routing_GCM_0014;cgl;20;180;12125.4867724867;139.57;0;4
routing_GCM_0014;cgl;21;186;12125.4867724867;146.01;0;4
routing_GCM_0014;cgl;22;192;12125.4867724867;152.43;0;4
routing_GCM_0014;cgl;23;198;12125.4867724867;158.86;0;4
routing_GCM_0014;cgl;24;203;12125.4867724868;165.26;0;4
routing_GCM_0014;cgl;25;208;12125.4867724867;171.68;0;4
routing_GCM_0014;cgl;26;213;12125.4867724867;178.10;0;4
routing_GCM_0014;cgl;27;218;12125.4867724867;184.56;0;4
routing_GCM_0014;cgl;28;223;12125.4867724867;191.01;0;4
routing_GCM_0014;cgl;29;228;12125.4867724867;197.42;0;4
routing_GCM_0014;cgl;30;233;12125.4867724867;203.86;0;4
routing_GCM_0014;cgl;31;238;12125.4867724867;210.31;0;4
routing_GCM_0014;cgl;32;243;12125.4867724867;216.76;0;4
routing_GCM_0014;cgl;33;248;12125.4867724868;223.23;0;4
routing_GCM_0014;cgl;34;252;12125.4867724867;229.76;0;4
routing_GCM_0014;cgl;35;255;12125.4867724867;236.16;0;4
routing_GCM_0014;cgl;36;258;12125.4867724867;242.57;0;4
routing_GCM_0014;cgl;37;261;12125.4867724867;249.00;0;4
routing_GCM_0014;cgl;38;263;12125.4867724867;255.35;0;4
routing_GCM_0014;cgl;39;265;12125.4867724867;261.74;0;4
routing_GCM_0014;cgl;40;267;12125.4867724867;268.10;0;4
routing_GCM_0014;cgl;41;269;12125.4867724867;274.37;0;4
routing_GCM_0014;cgl;42;271;12125.4867724867;280.58;0;4
routing_GCM_0014;cgl;43;273;12125.4867724867;286.87;0;4
routing_GCM_0014;cgl;44;275;12125.4867724867;293.12;0;4
routing_GCM_0014;cgl;45;277;12125.4867724867;299.35;0;4
routing_GCM_0014;cgl;46;277;12125.4867724867;305.45;0,4
