blp-ir98;cgl;0;0;2235.2023230962;0.89;0;0
blp-ir98;cgl;1;44;2251.3406717033;14.08;0;0
blp-ir98;cgl;2;80;2253.2396350962;37.38;0;0
blp-ir98;cgl;3;104;2253.2396350962;69.37;0;0
blp-ir98;cgl;4;119;2253.2396350962;108.42;0;0
blp-ir98;cgl;5;128;2253.2396350962;151.91;0;0
blp-ir98;cgl;6;131;2253.2396350962;198.33;0;0
blp-ir98;cgl;7;134;2253.2396350962;244.13;0;0
blp-ir98;cgl;8;136;2253.2396350962;291.71;0;0
blp-ir98;cgl;9;137;2253.2396350962;335.38;0;0
blp-ir98;cgl;10;138;2253.2396350962;382.29;0;0
blp-ir98;cgl;11;138;2253.2396350962;428.43;0,0
