BrazilInstance2;cgl;0;0;3.9999717840;4890.56;0;0
BrazilInstance2;cgl;1;1282;4.0000000000;4983.05;0;0
BrazilInstance2;cgl;2;2184;4.0000000000;5072.38;21;0
BrazilInstance2;cgl;3;2642;4.0000000000;5154.27;21;0
BrazilInstance2;cgl;4;2876;4.0000000000;5243.34;21;0
BrazilInstance2;cgl;5;3014;4.0000000000;5323.22;21;0
BrazilInstance2;cgl;6;3058;4.0000000000;5382.27;21;0
BrazilInstance2;cgl;7;3143;4.0000000000;5426.72;42;0
BrazilInstance2;cgl;8;3163;4.0000000000;5443.47;42;0
BrazilInstance2;cgl;9;3175;4.0000000000;5452.18;42;0
BrazilInstance2;cgl;10;3179;4.0000000000;5460.26;42;0
BrazilInstance2;cgl;11;3179;4.0000000000;5462.22;42,0
