neos-4954274-beardy;cgl;0;0;18659.2082818160;4.56;0;0
neos-4954274-beardy;cgl;1;482;18691.0509259709;9.82;1;0
neos-4954274-beardy;cgl;2;823;18752.3019363174;15.22;12;0
neos-4954274-beardy;cgl;3;1101;18767.3459665254;19.92;18;0
neos-4954274-beardy;cgl;4;1310;18803.0662644887;24.98;26;0
neos-4954274-beardy;cgl;5;1425;18808.9086643079;29.19;30;0
neos-4954274-beardy;cgl;6;1532;18811.8181738389;32.78;34;0
neos-4954274-beardy;cgl;7;1574;18814.0146239714;37.00;34;0
neos-4954274-beardy;cgl;8;1621;18814.3968199184;40.40;34;0
neos-4954274-beardy;cgl;9;1639;18814.3968199184;42.96;34;0
neos-4954274-beardy;cgl;10;1641;18814.3968199184;45.55;34;0
neos-4954274-beardy;cgl;11;1641;18814.3968199184;47.98;34,0
