cap6000;cgl;0;0;-2451537.3250240455;0.31;0;0
cap6000;cgl;1;6;-2451535.8057408715;0.67;0;0
cap6000;cgl;2;12;-2451534.8933266429;1.31;496;0
cap6000;cgl;3;23;-2451533.2411292866;2.26;966;0
cap6000;cgl;4;29;-2451530.9369828240;3.62;985;0
cap6000;cgl;5;33;-2451530.2720265458;5.25;1000;0
cap6000;cgl;6;37;-2451530.2488113651;7.08;1000;0
cap6000;cgl;7;40;-2451529.9472368811;9.18;1003;0
cap6000;cgl;8;43;-2451529.2221333836;11.42;1006;0
cap6000;cgl;9;47;-2451529.0462326240;13.75;1010;0
cap6000;cgl;10;51;-2451528.2690025973;16.30;1013;0
cap6000;cgl;11;53;-2451527.1726837642;19.01;1016;0
cap6000;cgl;12;56;-2451526.8425779617;21.87;1029;0
cap6000;cgl;13;58;-2451526.7329441211;24.90;1031;0
cap6000;cgl;14;60;-2451526.4101028745;27.92;1042;0
cap6000;cgl;15;62;-2451525.7217901959;31.10;1044;0
cap6000;cgl;16;64;-2451525.4583947789;34.38;1046;0
cap6000;cgl;17;66;-2451524.9351591254;37.76;1048;0
cap6000;cgl;18;72;-2451524.7471352569;41.22;1063;0
cap6000;cgl;19;76;-2451524.5157130249;45.05;1067;0
cap6000;cgl;20;80;-2451524.2639942095;49.01;1071;0
cap6000;cgl;21;85;-2451523.6319243470;53.30;1094;0
cap6000;cgl;22;87;-2451522.2480104459;57.92;1095;0
cap6000;cgl;23;89;-2451521.8248485853;62.52;1097;0
cap6000;cgl;24;91;-2451521.3947131666;67.35;1099;0
cap6000;cgl;25;94;-2451521.2373128454;72.04;1108;0
cap6000;cgl;26;96;-2451520.6550035276;77.01;1110;0
cap6000;cgl;27;99;-2451520.2965237550;82.15;1113;0
cap6000;cgl;28;101;-2451519.7315574801;87.46;1118;0
cap6000;cgl;29;104;-2451519.2155625955;92.93;1120;0
cap6000;cgl;30;107;-2451518.8171656146;98.37;1129;0
cap6000;cgl;31;109;-2451518.6662387601;103.96;1131;0
cap6000;cgl;32;112;-2451518.3900975678;109.67;1147;0
cap6000;cgl;33;116;-2451518.3251326093;115.45;1151;0
cap6000;cgl;34;120;-2451518.2036342062;121.45;1159;0
cap6000;cgl;35;122;-2451518.0802914733;127.63;1161;0
cap6000;cgl;36;124;-2451518.0208583190;133.88;1163;0
cap6000;cgl;37;127;-2451517.6730696610;140.61;1166;0
cap6000;cgl;38;131;-2451517.2392594405;147.43;1170;0
cap6000;cgl;39;133;-2451516.8068560432;154.33;1172;0
cap6000;cgl;40;138;-2451516.7250541812;161.22;1178;0
cap6000;cgl;41;140;-2451516.4831350381;168.28;1180;0
cap6000;cgl;42;144;-2451516.0924374661;175.40;1184;0
cap6000;cgl;43;148;-2451515.9935026700;182.66;1188;0
cap6000;cgl;44;150;-2451515.7662712610;190.17;1195;0
cap6000;cgl;45;154;-2451515.3834195887;197.95;1199;0
cap6000;cgl;46;158;-2451515.3059152807;205.96;1203;0
cap6000;cgl;47;161;-2451515.2200649860;214.38;1206;0
cap6000;cgl;48;163;-2451514.9735905305;222.90;1208;0
cap6000;cgl;49;165;-2451514.7076791599;231.10;1209;0
cap6000;cgl;50;168;-2451514.5292247217;239.64;1212;0
cap6000;cgl;51;168;-2451514.5292247217;239.64;1212,0
