harp2;cgl;0;0;-74353341.5022996068;0.36;0;0
harp2;cgl;1;42;-74266766.6168511361;0.43;0;0
harp2;cgl;2;92;-74228425.8506034911;0.48;0;0
harp2;cgl;3;113;-74222698.8017980009;0.53;0;0
harp2;cgl;4;154;-74210256.6187390089;0.63;0;0
harp2;cgl;5;165;-74209090.5070381463;0.69;0;0
harp2;cgl;6;175;-74207542.3842847049;0.75;0;0
harp2;cgl;7;195;-74202453.5555257797;0.82;0;0
harp2;cgl;8;209;-74201864.1812725663;0.88;0;0
harp2;cgl;9;213;-74201580.9377870560;0.95;0;0
harp2;cgl;10;225;-74201204.3918238878;1.03;0;0
harp2;cgl;11;231;-74201031.2695825100;1.10;0;0
harp2;cgl;12;235;-74200840.7239206135;1.17;0;0
harp2;cgl;13;238;-74200764.2523447126;1.24;0;0
harp2;cgl;14;240;-74200747.0649317950;1.31;0;0
harp2;cgl;15;241;-74200745.5751013905;1.38;0;0
harp2;cgl;16;242;-74200707.3829370886;1.45;0;0
harp2;cgl;17;244;-74200703.1933939308;1.53;0;0
harp2;cgl;18;245;-74200697.6000916064;1.61;0;0
harp2;cgl;19;246;-74200688.7700559795;1.68;0;0
harp2;cgl;20;246;-74200688.7700559795;1.75;0,0
