neos-2991472-kalu;cgl;0;0;0.0000000000;143.55;0;0
neos-2991472-kalu;cgl;1;25;0.0000000000;464.73;4;0
neos-2991472-kalu;cgl;2;50;0.0000000000;801.46;68;0
neos-2991472-kalu;cgl;3;67;0.0000000000;1112.88;68;0
neos-2991472-kalu;cgl;4;90;0.0000000000;1398.63;68;0
neos-2991472-kalu;cgl;5;98;0.0000000000;1695.67;68;0
neos-2991472-kalu;cgl;6;103;0.0000000000;1981.64;68;0
neos-2991472-kalu;cgl;7;107;0.0000000000;2254.32;68;0
neos-2991472-kalu;cgl;8;111;0.0000000000;2519.95;68;0
neos-2991472-kalu;cgl;9;114;0.0000000000;2781.91;68;0
neos-2991472-kalu;cgl;10;116;0.0000000000;3055.93;68;0
neos-2991472-kalu;cgl;11;118;0.0000000000;3325.84;68;0
neos-2991472-kalu;cgl;12;119;0.0000000000;3581.22;68;0
neos-2991472-kalu;cgl;13;120;0.0000000000;3844.92;68;0
neos-2991472-kalu;cgl;14;129;0.0000000000;4121.62;194;0
neos-2991472-kalu;cgl;15;136;0.0000000000;4394.64;194;0
neos-2991472-kalu;cgl;16;141;0.0000000000;4667.41;195;0
neos-2991472-kalu;cgl;17;144;0.0000000000;4936.49;580;0
neos-2991472-kalu;cgl;18;146;0.0000000000;5181.64;1592;0
neos-2991472-kalu;cgl;19;151;0.0000000000;5425.24;1592;0
neos-2991472-kalu;cgl;20;154;0.0000000000;5683.79;1712;0
neos-2991472-kalu;cgl;21;156;0.0000000000;5948.98;2042;0
neos-2991472-kalu;cgl;22;158;0.0000000000;6216.68;2372;0
neos-2991472-kalu;cgl;23;163;0.0000000000;6489.55;3164;0
neos-2991472-kalu;cgl;24;165;0.0000000000;6758.76;3164;0
neos-2991472-kalu;cgl;25;167;0.0000000000;7027.06;3956;0
neos-2991472-kalu;cgl;26;168;0.0000000000;7296.91;3956;0
neos-2991472-kalu;cgl;27;175;0.0000000000;7569.40;3957;0
neos-2991472-kalu;cgl;28;179;0.0000000000;7837.29;3958;0
neos-2991472-kalu;cgl;29;183;0.0000000000;8104.54;3958;0
neos-2991472-kalu;cgl;30;185;0.0000000000;8371.36;3958;0
neos-2991472-kalu;cgl;31;190;0.0000000000;8642.93;4168;0
neos-2991472-kalu;cgl;32;194;0.0000000000;8906.08;4168;0
neos-2991472-kalu;cgl;33;196;0.0000000000;9170.56;4996;0
neos-2991472-kalu;cgl;34;198;0.0000000000;9435.40;4996;0
neos-2991472-kalu;cgl;35;200;0.0000000000;9700.79;4996;0
neos-2991472-kalu;cgl;36;203;0.0000000000;9965.36;4996;0
neos-2991472-kalu;cgl;37;204;0.0000000000;10230.82;4996;0
neos-2991472-kalu;cgl;38;207;0.0000000000;10498.21;5832;0
neos-2991472-kalu;cgl-opt;39;208;0.0000000000;10766.28;5832;0
