neos-3118745-obra;cgl;0;0;253.8333333333;0.21;0;0
neos-3118745-obra;cgl;1;23;253.8333333333;0.26;3;0
neos-3118745-obra;cgl;2;36;253.8333333333;0.27;3;0
neos-3118745-obra;cgl;3;56;253.8333333333;0.29;8;0
neos-3118745-obra;cgl;4;72;253.8333333333;0.30;8;0
neos-3118745-obra;cgl;5;86;253.8333333333;0.31;8;0
neos-3118745-obra;cgl;6;98;253.8333333333;0.33;8;0
neos-3118745-obra;cgl;7;107;253.8333333333;0.36;15;0
neos-3118745-obra;cgl;8;116;253.8333333333;0.38;15;0
neos-3118745-obra;cgl;9;123;253.8333333333;0.40;15;0
neos-3118745-obra;cgl;10;126;253.8333333333;0.42;15;0
neos-3118745-obra;cgl;11;128;253.8333333333;0.44;15;0
neos-3118745-obra;cgl;12;132;253.8333333333;0.47;15;0
neos-3118745-obra;cgl;13;133;253.8333333333;0.51;15;0
neos-3118745-obra;cgl;14;134;253.8333333333;0.55;16;0
neos-3118745-obra;cgl;15;136;253.8333333333;0.58;16;0
neos-3118745-obra;cgl;16;136;253.8333333333;0.62;16,0
