bnatt400;cgl;0;0;0.0000000000;0.50;0;0
bnatt400;cgl;1;1291;0.0000000000;1.85;0;0
bnatt400;cgl;2;2401;0.0000000000;2.80;0;0
bnatt400;cgl;3;3232;0.0000000000;3.30;0;0
bnatt400;cgl;4;4070;0.0000000000;4.03;0;0
bnatt400;cgl;5;4896;0.0000000000;4.75;0;0
bnatt400;cgl;6;5741;0.0000000000;5.58;0;0
bnatt400;cgl;7;6594;0.0000000000;6.59;0;0
bnatt400;cgl;8;7487;0.0000000000;7.78;0;0
bnatt400;cgl;9;8448;0.0000000000;9.16;0;0
bnatt400;cgl;10;9444;0.0000000000;10.65;0;0
bnatt400;cgl;11;10321;0.0000000000;12.12;0;0
bnatt400;cgl;12;11199;0.0000000000;13.69;0;0
bnatt400;cgl;13;12077;0.0000000000;15.38;0;0
bnatt400;cgl;14;12955;0.0000000000;17.20;0;0
bnatt400;cgl;15;13833;0.0000000000;19.15;0;0
bnatt400;cgl;16;14711;0.0000000000;21.22;0;0
bnatt400;cgl;17;15589;0.0000000000;23.41;0;0
bnatt400;cgl;18;16467;0.0000000000;25.72;0;0
bnatt400;cgl;19;17345;0.0000000000;28.16;0;0
bnatt400;cgl;20;18223;0.0000000000;30.73;0;0
bnatt400;cgl;21;19101;0.0000000000;33.43;0;0
bnatt400;cgl;22;19979;0.0000000000;36.24;0;0
bnatt400;cgl;23;20857;0.0000000000;39.19;0;0
bnatt400;cgl;24;21735;0.0000000000;42.25;0;0
bnatt400;cgl;25;22613;0.0000000000;45.46;0;0
bnatt400;cgl;26;23491;0.0000000000;48.80;0;0
bnatt400;cgl;27;24369;0.0000000000;52.22;0;0
bnatt400;cgl;28;25247;0.0000000000;55.75;0;0
bnatt400;cgl;29;26125;0.0000000000;59.42;0;0
bnatt400;cgl;30;27003;0.0000000000;63.21;0;0
bnatt400;cgl;31;27881;0.0000000000;67.12;0;0
bnatt400;cgl;32;28759;0.0000000000;71.16;0;0
bnatt400;cgl;33;29637;0.0000000000;75.31;0;0
bnatt400;cgl;34;30515;0.0000000000;79.60;0;0
bnatt400;cgl;35;31393;0.0000000000;84.01;0;0
bnatt400;cgl;36;32271;0.0000000000;88.53;0;0
bnatt400;cgl;37;33149;0.0000000000;93.17;0;0
bnatt400;cgl;38;34027;0.0000000000;97.95;0;0
bnatt400;cgl;39;34905;0.0000000000;102.84;0;0
bnatt400;cgl;40;35783;0.0000000000;107.84;0;0
bnatt400;cgl;41;36661;0.0000000000;113.01;0;0
bnatt400;cgl;42;37539;0.0000000000;118.31;0;0
bnatt400;cgl;43;38417;0.0000000000;123.74;0;0
bnatt400;cgl;44;39295;0.0000000000;129.29;0;0
bnatt400;cgl;45;40173;0.0000000000;134.96;0;0
bnatt400;cgl;46;41051;0.0000000000;140.78;0;0
bnatt400;cgl;47;41929;0.0000000000;146.71;0;0
bnatt400;cgl;48;42807;0.0000000000;152.76;0;0
bnatt400;cgl;49;43685;0.0000000000;158.93;0;0
bnatt400;cgl;50;44563;0.0000000000;165.22;0;0
bnatt400;cgl;51;44563;0.0000000000;165.23;0,0
