chromaticindex512-7;cgl;0;0;3.0000000000;738.70;0;0
chromaticindex512-7;cgl;1;33246;3.0000000000;826.31;0;0
chromaticindex512-7;cgl;2;66492;3.0000000000;997.42;0;0
chromaticindex512-7;cgl;3;99738;3.0000000000;1251.95;0;0
chromaticindex512-7;cgl;4;132984;3.0000000000;1588.28;0;0
chromaticindex512-7;cgl;5;166230;3.0000000000;2009.45;0;0
chromaticindex512-7;cgl;6;199476;3.0000000000;2512.58;0;0
chromaticindex512-7;cgl;7;232722;3.0000000000;3110.22;0;0
chromaticindex512-7;cgl;8;265968;3.0000000000;3778.42;0;0
chromaticindex512-7;cgl;9;299214;3.0000000000;4551.86;0;0
chromaticindex512-7;cgl;10;332460;3.0000000000;5450.12;0;0
chromaticindex512-7;cgl;11;365706;3.0000000000;6380.59;0;0
chromaticindex512-7;cgl;12;398952;3.0000000000;7401.63;0;0
chromaticindex512-7;cgl;13;432198;3.0000000000;8493.83;0;0
chromaticindex512-7;cgl;14;465444;3.0000000000;9656.26;0;0
