cl_08_020_10;cgl;0;0;310.6200000000;0.37;0;0
cl_08_020_10;cgl;1;16;310.6200000000;0.42;0;0
cl_08_020_10;cgl;2;32;310.6200000000;0.48;0;0
cl_08_020_10;cgl;3;48;310.6200000000;0.54;0;0
cl_08_020_10;cgl;4;64;310.6200000000;0.61;0;0
cl_08_020_10;cgl;5;80;310.6200000000;0.68;0;0
cl_08_020_10;cgl;6;96;310.6200000000;0.76;0;0
cl_08_020_10;cgl;7;112;310.6200000000;0.85;0;0
cl_08_020_10;cgl;8;128;310.6200000000;0.94;0;0
cl_08_020_10;cgl;9;144;310.6200000000;1.03;0;0
cl_08_020_10;cgl;10;160;310.6200000000;1.12;0;0
cl_08_020_10;cgl;11;176;310.6200000000;1.22;0;0
cl_08_020_10;cgl;12;192;310.6200000000;1.32;0;0
cl_08_020_10;cgl;13;208;310.6200000000;1.43;0;0
cl_08_020_10;cgl;14;224;310.6200000000;1.55;0;0
cl_08_020_10;cgl;15;240;310.6200000000;1.67;0;0
cl_08_020_10;cgl;16;256;310.6200000000;1.80;0;0
cl_08_020_10;cgl;17;272;310.6200000000;1.93;0;0
cl_08_020_10;cgl;18;288;310.6200000000;2.07;0;0
cl_08_020_10;cgl;19;304;310.6200000000;2.20;0;0
cl_08_020_10;cgl;20;320;310.6200000000;2.35;0;0
cl_08_020_10;cgl;21;336;310.6200000000;2.50;0;0
cl_08_020_10;cgl;22;352;310.6200000000;2.66;0;0
cl_08_020_10;cgl;23;368;310.6200000000;2.82;0;0
cl_08_020_10;cgl;24;384;310.6200000000;2.98;0;0
cl_08_020_10;cgl;25;400;310.6200000000;3.16;0;0
cl_08_020_10;cgl;26;416;310.6200000000;3.33;0;0
cl_08_020_10;cgl;27;432;310.6200000000;3.51;0;0
cl_08_020_10;cgl;28;448;310.6200000000;3.71;0;0
cl_08_020_10;cgl;29;464;310.6200000000;3.90;0;0
cl_08_020_10;cgl;30;480;310.6200000000;4.09;0;0
cl_08_020_10;cgl;31;496;310.6200000000;4.30;0;0
cl_08_020_10;cgl;32;512;310.6200000000;4.51;0;0
cl_08_020_10;cgl;33;528;310.6200000000;4.73;0;0
cl_08_020_10;cgl;34;544;310.6200000000;4.94;0;0
cl_08_020_10;cgl;35;560;310.6200000000;5.16;0;0
cl_08_020_10;cgl;36;576;310.6200000000;5.39;0;0
cl_08_020_10;cgl;37;592;310.6200000000;5.62;0;0
cl_08_020_10;cgl;38;608;310.6200000000;5.86;0;0
cl_08_020_10;cgl;39;624;310.6200000000;6.11;0;0
cl_08_020_10;cgl;40;640;310.6200000000;6.35;0;0
cl_08_020_10;cgl;41;656;310.6200000000;6.61;0;0
cl_08_020_10;cgl;42;672;310.6200000000;6.86;0;0
cl_08_020_10;cgl;43;688;310.6200000000;7.13;0;0
cl_08_020_10;cgl;44;704;310.6200000000;7.39;0;0
cl_08_020_10;cgl;45;720;310.6200000000;7.67;0;0
cl_08_020_10;cgl;46;736;310.6200000000;7.95;0;0
cl_08_020_10;cgl;47;752;310.6200000000;8.23;0;0
cl_08_020_10;cgl;48;768;310.6200000000;8.53;0;0
cl_08_020_10;cgl;49;784;310.6200000000;8.82;0;0
cl_08_020_10;cgl;50;800;310.6200000000;9.11;0;0
cl_08_020_10;cgl;51;800;310.6200000000;9.11;0,0
