cov1075;cgl;0;0;17.1428571429;1.83;0;0
cov1075;cgl;1;637;17.1428571429;4.06;0;0
cov1075;cgl;2;1274;17.1428571429;6.97;0;0
cov1075;cgl;3;1911;17.1428571429;9.94;0;0
cov1075;cgl;4;2548;17.1428571429;13.48;0;0
cov1075;cgl;5;3185;17.1428571429;17.22;0;0
cov1075;cgl;6;3822;17.1428571429;21.69;0;0
cov1075;cgl;7;4459;17.1428571429;26.38;0;0
cov1075;cgl;8;5096;17.1428571429;31.44;0;0
cov1075;cgl;9;5733;17.1428571429;37.04;0;0
cov1075;cgl;10;6370;17.1428571429;42.27;0;0
cov1075;cgl;11;7007;17.1428571429;47.90;0;0
cov1075;cgl;12;7644;17.1428571429;53.91;0;0
cov1075;cgl;13;8281;17.1428571429;60.79;0;0
cov1075;cgl;14;8918;17.1428571429;68.37;0;0
cov1075;cgl;15;9555;17.1428571429;76.18;0;0
cov1075;cgl;16;10192;17.1428571429;84.31;0;0
cov1075;cgl;17;10829;17.1428571429;93.01;0;0
cov1075;cgl;18;11466;17.1428571429;102.20;0;0
cov1075;cgl;19;12103;17.1428571429;111.40;0;0
cov1075;cgl;20;12740;17.1428571429;121.59;0;0
cov1075;cgl;21;13377;17.1428571429;131.60;0;0
cov1075;cgl;22;14014;17.1428571429;142.10;0;0
cov1075;cgl;23;14651;17.1428571429;153.19;0;0
cov1075;cgl;24;15288;17.1428571429;164.31;0;0
cov1075;cgl;25;15925;17.1428571429;176.55;0;0
cov1075;cgl;26;16562;17.1428571429;188.34;0;0
cov1075;cgl;27;17199;17.1428571429;200.92;0;0
cov1075;cgl;28;17836;17.1428571429;214.12;0;0
cov1075;cgl;29;18473;17.1428571429;227.68;0;0
cov1075;cgl;30;19110;17.1428571429;241.63;0;0
cov1075;cgl;31;19747;17.1428571429;255.59;0;0
cov1075;cgl;32;20384;17.1428571429;270.45;0;0
cov1075;cgl;33;21021;17.1428571429;285.65;0;0
cov1075;cgl;34;21658;17.1428571429;301.09;0;0
cov1075;cgl;35;22295;17.1428571429;316.93;0;0
cov1075;cgl;36;22932;17.1428571429;333.70;0;0
cov1075;cgl;37;23569;17.1428571429;350.06;0;0
cov1075;cgl;38;24206;17.1428571429;367.27;0;0
cov1075;cgl;39;24843;17.1428571429;385.23;0;0
cov1075;cgl;40;25480;17.1428571429;403.29;0;0
cov1075;cgl;41;26117;17.1428571429;421.76;0;0
cov1075;cgl;42;26754;17.1428571429;440.57;0;0
cov1075;cgl;43;27391;17.1428571429;459.91;0;0
cov1075;cgl;44;28028;17.1428571429;479.33;0;0
cov1075;cgl;45;28665;17.1428571429;499.03;0;0
cov1075;cgl;46;29302;17.1428571429;517.96;0;0
cov1075;cgl;47;29939;17.1428571429;537.13;0;0
cov1075;cgl;48;30576;17.1428571429;556.66;0;0
cov1075;cgl;49;31213;17.1428571429;578.13;0;0
cov1075;cgl;50;31850;17.1428571429;599.33;0;0
cov1075;cgl;51;31850;17.1428571429;599.33;0,0
