dt_optimization;cgl;0;0;201.8539041117;6.19;0;0
dt_optimization;cgl;1;23;201.9214433772;11.90;0;0
dt_optimization;cgl;2;31;201.9214433770;18.00;0;0
dt_optimization;cgl;3;38;201.9229142710;27.28;0;0
dt_optimization;cgl;4;46;201.9229142710;39.05;0;0
dt_optimization;cgl;5;57;201.9229142710;53.45;0;0
dt_optimization;cgl;6;67;201.9229142710;71.68;0;0
dt_optimization;cgl;7;76;201.9229142710;93.36;0;0
dt_optimization;cgl;8;87;201.9229142710;117.88;0;0
dt_optimization;cgl;9;98;201.9229142710;146.56;0;0
dt_optimization;cgl;10;106;201.9229142710;178.93;0;0
dt_optimization;cgl;11;116;201.9229142710;213.76;0;0
dt_optimization;cgl;12;128;201.9229142710;252.16;0;0
dt_optimization;cgl;13;140;201.9229142710;294.95;0;0
dt_optimization;cgl;14;150;201.9229142710;341.78;0;0
dt_optimization;cgl;15;160;201.9229142710;392.22;0;0
dt_optimization;cgl;16;173;201.9229142710;446.09;0;0
dt_optimization;cgl;17;185;201.9229142710;504.48;0;0
dt_optimization;cgl;18;197;201.9229142710;567.40;0;0
dt_optimization;cgl;19;208;201.9229142710;634.11;0;0
dt_optimization;cgl;20;222;201.9229142710;705.05;0;0
dt_optimization;cgl;21;235;201.9229142710;780.88;0;0
dt_optimization;cgl;22;247;201.9229142710;861.48;0;0
dt_optimization;cgl;23;262;201.9229142710;946.57;0;0
dt_optimization;cgl;24;277;201.9229142710;1037.05;0;0
dt_optimization;cgl;25;293;201.9229142710;1133.05;0;0
dt_optimization;cgl;26;309;201.9229142710;1235.09;0;0
dt_optimization;cgl;27;326;201.9229142710;1342.95;0;0
dt_optimization;cgl;28;341;201.9229142710;1457.56;0;0
dt_optimization;cgl;29;358;201.9229142710;1577.58;0;0
dt_optimization;cgl;30;375;201.9229142710;1704.07;0;0
dt_optimization;cgl;31;392;201.9229142710;1837.14;0;0
dt_optimization;cgl;32;407;201.9229142710;1976.70;0;0
dt_optimization;cgl;33;428;201.9229142710;2121.57;0;0
dt_optimization;cgl;34;444;201.9229142710;2274.76;0;0
dt_optimization;cgl;35;463;201.9229142710;2433.98;0;0
dt_optimization;cgl;36;481;201.9229142710;2600.56;0;0
dt_optimization;cgl;37;496;201.9229142710;2774.31;0;0
dt_optimization;cgl;38;513;201.9229142710;2953.90;0;0
dt_optimization;cgl;39;531;201.9229142710;3139.66;0;0
dt_optimization;cgl;40;548;201.9229142710;3332.65;0;0
dt_optimization;cgl;41;566;201.9229142710;3531.59;0;0
dt_optimization;cgl;42;585;201.9229142710;3737.35;0;0
dt_optimization;cgl;43;598;201.9229142710;3950.80;0;0
dt_optimization;cgl;44;619;201.9229142710;4168.28;0;0
dt_optimization;cgl;45;636;201.9229142710;4394.14;0;0
dt_optimization;cgl;46;660;201.9229142710;4626.87;0;0
dt_optimization;cgl;47;678;201.9229142710;4868.81;0;0
dt_optimization;cgl;48;703;201.9229142710;5117.82;0;0
dt_optimization;cgl;49;717;201.9229142710;5376.47;0;0
dt_optimization;cgl;50;733;201.9229142710;5640.57;0;0
dt_optimization;cgl;51;733;201.9229142710;5640.57;0,0
