eilA101-2;cgl;0;0;803.3738883298;1062.52;0;0
eilA101-2;cgl;1;72;803.3738883298;1169.29;0;0
eilA101-2;cgl;2;144;803.3738883298;1281.70;0;0
eilA101-2;cgl;3;216;803.3738883298;1398.49;0;0
eilA101-2;cgl;4;288;803.3738883298;1519.79;0;0
eilA101-2;cgl;5;360;803.3738883298;1647.50;0;0
eilA101-2;cgl;6;432;803.3738883298;1779.54;0;0
eilA101-2;cgl;7;504;803.3738883298;1916.95;0;0
eilA101-2;cgl;8;576;803.3738883298;2059.67;0;0
eilA101-2;cgl;9;648;803.3738883298;2206.95;0;0
eilA101-2;cgl;10;720;803.3738883298;2356.85;0;0
eilA101-2;cgl;11;792;803.3738883298;2512.65;0;0
eilA101-2;cgl;12;864;803.3738883298;2672.79;0;0
eilA101-2;cgl;13;936;803.3738883298;2835.11;0;0
eilA101-2;cgl;14;1008;803.3738883298;2993.85;0;0
eilA101-2;cgl;15;1080;803.3738883298;3156.38;0;0
eilA101-2;cgl;16;1152;803.3738883298;3334.97;0;0
eilA101-2;cgl;17;1224;803.3738883298;3519.05;0;0
eilA101-2;cgl;18;1296;803.3738883298;3710.53;0;0
eilA101-2;cgl;19;1368;803.3738883298;3906.25;0;0
eilA101-2;cgl;20;1440;803.3738883298;4103.18;0;0
eilA101-2;cgl;21;1512;803.3738883298;4305.82;0;0
eilA101-2;cgl;22;1584;803.3738883298;4517.41;0;0
eilA101-2;cgl;23;1656;803.3738883298;4732.44;0;0
eilA101-2;cgl;24;1728;803.3738883298;4947.77;0;0
eilA101-2;cgl;25;1800;803.3738883298;5167.91;0;0
eilA101-2;cgl;26;1872;803.3738883298;5392.91;0;0
eilA101-2;cgl;27;1944;803.3738883298;5627.90;0;0
eilA101-2;cgl;28;2016;803.3738883298;5869.26;0;0
eilA101-2;cgl;29;2088;803.3738883298;6115.30;0;0
eilA101-2;cgl;30;2160;803.3738883298;6367.42;0;0
eilA101-2;cgl;31;2232;803.3738883298;6624.66;0;0
eilA101-2;cgl;32;2304;803.3738883298;6886.00;0;0
eilA101-2;cgl;33;2376;803.3738883298;7151.91;0;0
eilA101-2;cgl;34;2448;803.3738883298;7425.41;0;0
eilA101-2;cgl;35;2520;803.3738883298;7698.60;0;0
eilA101-2;cgl;36;2592;803.3738883298;7976.05;0;0
eilA101-2;cgl;37;2664;803.3738883298;8258.07;0;0
eilA101-2;cgl;38;2736;803.3738883298;8545.60;0;0
eilA101-2;cgl;39;2808;803.3738883298;8839.32;0;0
eilA101-2;cgl;40;2880;803.3738883298;9136.73;0;0
eilA101-2;cgl;41;2952;803.3738883298;9439.19;0;0
eilA101-2;cgl;42;3024;803.3738883298;9748.51;0;0
eilA101-2;cgl;43;3096;803.3738883298;10064.04;0;0
eilA101-2;cgl;44;3168;803.3738883298;10385.33;0;0
eilA101-2;cgl;45;3240;803.3738883298;10710.52;0;0
