fastxgemm-n2r6s0t2;cgl;0;0;27.0000000000;0.66;0;0
fastxgemm-n2r6s0t2;cgl;1;1;27.0000000000;0.68;0;0
fastxgemm-n2r6s0t2;cgl;2;2;27.0000000000;0.70;0;0
fastxgemm-n2r6s0t2;cgl;3;3;27.0000000000;0.72;0;0
fastxgemm-n2r6s0t2;cgl;4;4;27.0000000000;0.74;0;0
fastxgemm-n2r6s0t2;cgl;5;5;27.0000000000;0.76;0;0
fastxgemm-n2r6s0t2;cgl;6;6;27.0000000000;0.78;0;0
fastxgemm-n2r6s0t2;cgl;7;7;27.0000000000;0.79;0;0
fastxgemm-n2r6s0t2;cgl;8;8;27.0000000000;0.81;0;0
fastxgemm-n2r6s0t2;cgl;9;9;27.0000000000;0.83;0;0
fastxgemm-n2r6s0t2;cgl;10;10;27.0000000000;0.85;0;0
fastxgemm-n2r6s0t2;cgl;11;11;27.0000000000;0.87;0;0
fastxgemm-n2r6s0t2;cgl;12;12;27.0000000000;0.89;0;0
fastxgemm-n2r6s0t2;cgl;13;13;27.0000000000;0.91;0;0
fastxgemm-n2r6s0t2;cgl;14;14;27.0000000000;0.93;0;0
fastxgemm-n2r6s0t2;cgl;15;15;27.0000000000;0.95;0;0
fastxgemm-n2r6s0t2;cgl;16;16;27.0000000000;0.97;0;0
fastxgemm-n2r6s0t2;cgl;17;17;27.0000000000;0.99;0;0
fastxgemm-n2r6s0t2;cgl;18;18;27.0000000000;1.00;0;0
fastxgemm-n2r6s0t2;cgl;19;19;27.0000000000;1.02;0;0
fastxgemm-n2r6s0t2;cgl;20;20;27.0000000000;1.04;0;0
fastxgemm-n2r6s0t2;cgl;21;21;27.0000000000;1.06;0;0
fastxgemm-n2r6s0t2;cgl;22;22;27.0000000000;1.08;0;0
fastxgemm-n2r6s0t2;cgl;23;23;27.0000000000;1.10;0;0
fastxgemm-n2r6s0t2;cgl;24;24;27.0000000000;1.12;0;0
fastxgemm-n2r6s0t2;cgl;25;25;27.0000000000;1.13;0;0
fastxgemm-n2r6s0t2;cgl;26;26;27.0000000000;1.15;0;0
fastxgemm-n2r6s0t2;cgl;27;27;27.0000000000;1.17;0;0
fastxgemm-n2r6s0t2;cgl;28;28;27.0000000000;1.19;0;0
fastxgemm-n2r6s0t2;cgl;29;29;27.0000000000;1.21;0;0
fastxgemm-n2r6s0t2;cgl;30;30;27.0000000000;1.23;0;0
fastxgemm-n2r6s0t2;cgl;31;31;27.0000000000;1.25;0;0
fastxgemm-n2r6s0t2;cgl;32;32;27.0000000000;1.27;0;0
fastxgemm-n2r6s0t2;cgl;33;33;27.0000000000;1.29;0;0
fastxgemm-n2r6s0t2;cgl;34;34;27.0000000000;1.31;0;0
fastxgemm-n2r6s0t2;cgl;35;35;27.0000000000;1.33;0;0
fastxgemm-n2r6s0t2;cgl;36;36;27.0000000000;1.35;0;0
fastxgemm-n2r6s0t2;cgl;37;37;27.0000000000;1.37;0;0
fastxgemm-n2r6s0t2;cgl;38;38;27.0000000000;1.39;0;0
fastxgemm-n2r6s0t2;cgl;39;39;27.0000000000;1.41;0;0
fastxgemm-n2r6s0t2;cgl;40;40;27.0000000000;1.43;0;0
fastxgemm-n2r6s0t2;cgl;41;41;27.0000000000;1.45;0;0
fastxgemm-n2r6s0t2;cgl;42;42;27.0000000000;1.47;0;0
fastxgemm-n2r6s0t2;cgl;43;43;27.0000000000;1.49;0;0
fastxgemm-n2r6s0t2;cgl;44;44;27.0000000000;1.51;0;0
fastxgemm-n2r6s0t2;cgl;45;45;27.0000000000;1.53;0;0
fastxgemm-n2r6s0t2;cgl;46;46;27.0000000000;1.55;0;0
fastxgemm-n2r6s0t2;cgl;47;47;27.0000000000;1.57;0;0
fastxgemm-n2r6s0t2;cgl;48;48;27.0000000000;1.60;0;0
fastxgemm-n2r6s0t2;cgl;49;49;27.0000000000;1.62;0;0
fastxgemm-n2r6s0t2;cgl;50;50;27.0000000000;1.64;0;0
fastxgemm-n2r6s0t2;cgl;51;50;27.0000000000;1.64;0,0
