fhnw-schedule-slot-200;cgl;0;0;-73.8264792090;172.38;0;0
fhnw-schedule-slot-200;cgl;1;298;-73.8264792090;203.62;0;0
fhnw-schedule-slot-200;cgl;2;596;-73.8264792090;240.31;0;0
fhnw-schedule-slot-200;cgl;3;894;-73.8264792090;281.24;0;0
fhnw-schedule-slot-200;cgl;4;1192;-73.8264792090;326.51;0;0
fhnw-schedule-slot-200;cgl;5;1490;-73.8264792090;376.23;0;0
fhnw-schedule-slot-200;cgl;6;1788;-73.8264792090;431.04;0;0
fhnw-schedule-slot-200;cgl;7;2086;-73.8264792090;491.50;0;0
fhnw-schedule-slot-200;cgl;8;2384;-73.8264792090;556.37;0;0
fhnw-schedule-slot-200;cgl;9;2682;-73.8264792090;629.10;0;0
fhnw-schedule-slot-200;cgl;10;2980;-73.8264792090;708.39;0;0
fhnw-schedule-slot-200;cgl;11;3278;-73.8264792090;792.69;0;0
fhnw-schedule-slot-200;cgl;12;3576;-73.8264792090;881.96;0;0
fhnw-schedule-slot-200;cgl;13;3874;-73.8264792090;976.04;0;0
fhnw-schedule-slot-200;cgl;14;4172;-73.8264792090;1073.57;0;0
fhnw-schedule-slot-200;cgl;15;4470;-73.8264792090;1172.57;0;0
fhnw-schedule-slot-200;cgl;16;4768;-73.8264792090;1277.64;0;0
fhnw-schedule-slot-200;cgl;17;5066;-73.8264792090;1387.76;0;0
fhnw-schedule-slot-200;cgl;18;5364;-73.8264792090;1503.42;0;0
fhnw-schedule-slot-200;cgl;19;5662;-73.8264792090;1624.39;0;0
fhnw-schedule-slot-200;cgl;20;5960;-73.8264792090;1748.76;0;0
fhnw-schedule-slot-200;cgl;21;6258;-73.8264792090;1877.43;0;0
fhnw-schedule-slot-200;cgl;22;6556;-73.8264792090;2012.63;0;0
fhnw-schedule-slot-200;cgl;23;6854;-73.8264792090;2152.57;0;0
fhnw-schedule-slot-200;cgl;24;7152;-73.8264792090;2296.94;0;0
fhnw-schedule-slot-200;cgl;25;7450;-73.8264792090;2447.36;0;0
fhnw-schedule-slot-200;cgl;26;7748;-73.8264792090;2601.81;0;0
fhnw-schedule-slot-200;cgl;27;8046;-73.8264792090;2761.49;0;0
fhnw-schedule-slot-200;cgl;28;8344;-73.8264792090;2929.53;0;0
fhnw-schedule-slot-200;cgl;29;8642;-73.8264792090;3098.32;0;0
fhnw-schedule-slot-200;cgl;30;8940;-73.8264792090;3273.96;0;0
fhnw-schedule-slot-200;cgl;31;9238;-73.8264792090;3457.19;0;0
fhnw-schedule-slot-200;cgl;32;9536;-73.8264792090;3646.14;0;0
fhnw-schedule-slot-200;cgl;33;9834;-73.8264792090;3839.25;0;0
fhnw-schedule-slot-200;cgl;34;10132;-73.8264792090;4038.82;0;0
fhnw-schedule-slot-200;cgl;35;10430;-73.8264792090;4241.31;0;0
fhnw-schedule-slot-200;cgl;36;10728;-73.8264792090;4449.86;0;0
fhnw-schedule-slot-200;cgl;37;11026;-73.8264792090;4663.77;0;0
fhnw-schedule-slot-200;cgl;38;11324;-73.8264792090;4882.93;0;0
fhnw-schedule-slot-200;cgl;39;11622;-73.8264792090;5106.69;0;0
fhnw-schedule-slot-200;cgl;40;11920;-73.8264792090;5336.81;0;0
fhnw-schedule-slot-200;cgl;41;12218;-73.8264792090;5572.07;0;0
fhnw-schedule-slot-200;cgl;42;12516;-73.8264792090;5812.47;0;0
fhnw-schedule-slot-200;cgl;43;12814;-73.8264792090;6058.58;0;0
fhnw-schedule-slot-200;cgl;44;13112;-73.8264792090;6308.81;0;0
fhnw-schedule-slot-200;cgl;45;13410;-73.8264792090;6564.74;0;0
fhnw-schedule-slot-200;cgl;46;13708;-73.8264792090;6824.16;0;0
fhnw-schedule-slot-200;cgl;47;14006;-73.8264792090;7088.36;0;0
fhnw-schedule-slot-200;cgl;48;14304;-73.8264792090;7357.57;0;0
fhnw-schedule-slot-200;cgl;49;14602;-73.8264792090;7633.55;0;0
fhnw-schedule-slot-200;cgl;50;14900;-73.8264792090;7915.35;0;0
fhnw-schedule-slot-200;cgl;51;14900;-73.8264792090;7915.35;0,0
