gen;cgl;0;0;112130.0406638605;0.04;0;0
gen;cgl;1;13;112293.5841166960;0.13;15;1
gen;cgl;2;30;112293.5841166960;0.21;26;2
gen;cgl;3;47;112293.5841166960;0.30;44;3
gen;cgl;4;64;112293.5841166960;0.33;63;4
gen;cgl;5;81;112293.5841166960;0.36;83;5
gen;cgl;6;98;112293.5841166960;0.40;107;6
gen;cgl;7;115;112293.5841166960;0.45;138;7
gen;cgl;8;132;112293.5841166960;0.50;179;8
gen;cgl;9;149;112293.5841166960;0.56;224;9
gen;cgl;10;166;112293.5841166960;0.62;270;10
gen;cgl;11;183;112293.5841166960;0.69;323;11
gen;cgl;12;200;112293.5841166960;0.77;380;12
gen;cgl;13;217;112293.5841166960;0.85;441;13
gen;cgl;14;234;112293.5841166960;0.93;500;14
gen;cgl;15;251;112293.5841166960;1.02;572;15
gen;cgl;16;268;112293.5841166960;1.11;645;16
gen;cgl;17;285;112293.5841166960;1.20;728;17
gen;cgl;18;302;112293.5841166960;1.30;815;18
gen;cgl;19;319;112293.5841166960;1.41;906;19
gen;cgl;20;336;112293.5841166960;1.53;1001;20
gen;cgl;21;353;112293.5841166960;1.64;1112;21
gen;cgl;22;370;112293.5841166960;1.76;1227;22
gen;cgl;23;387;112293.5841166960;1.89;1340;23
gen;cgl;24;404;112293.5841166960;2.02;1451;24
gen;cgl;25;421;112293.5841166960;2.16;1566;25
gen;cgl;26;438;112293.5841166960;2.30;1685;26
gen;cgl;27;455;112293.5841166960;2.45;1832;27
gen;cgl;28;472;112293.5841166960;2.60;1971;28
gen;cgl;29;489;112293.5841166960;2.76;2105;29
gen;cgl;30;506;112293.5841166960;2.92;2258;30
gen;cgl;31;523;112293.5841166960;3.09;2403;31
gen;cgl;32;540;112293.5841166960;3.27;2555;32
gen;cgl;33;557;112293.5841166960;3.45;2708;33
gen;cgl;34;574;112293.5841166960;3.64;2883;34
gen;cgl;35;591;112293.5841166960;3.84;3047;35
gen;cgl;36;608;112293.5841166960;4.03;3206;36
gen;cgl;37;625;112293.5841166960;4.23;3384;37
gen;cgl;38;642;112293.5841166960;4.43;3563;38
gen;cgl;39;659;112293.5841166960;4.64;3740;39
gen;cgl;40;676;112293.5841166960;4.85;3930;40
gen;cgl;41;693;112293.5841166960;5.07;4121;41
gen;cgl;42;710;112293.5841166960;5.29;4313;42
gen;cgl;43;727;112293.5841166960;5.52;4524;43
gen;cgl;44;744;112293.5841166960;5.75;4718;44
gen;cgl;45;761;112293.5841166960;5.98;4925;45
gen;cgl;46;778;112293.5841166960;6.23;5145;46
gen;cgl;47;795;112293.5841166960;6.48;5387;47
gen;cgl;48;812;112293.5841166960;6.72;5621;48
gen;cgl;49;829;112293.5841166960;6.98;5856;49
gen;cgl;50;846;112293.5841166960;7.24;6098;50
gen;cgl;51;846;112293.5841166960;7.24;6098,50
