gesa3;cgl;0;0;27833632.4506653436;0.19;0;0
gesa3;cgl;1;5;27833653.9691649787;0.20;0;0
gesa3;cgl;2;9;27833653.9691649787;0.22;0;0
gesa3;cgl;3;13;27833653.9691649787;0.23;0;0
gesa3;cgl;4;17;27833653.9691649787;0.25;0;0
gesa3;cgl;5;21;27833653.9691649787;0.26;0;0
gesa3;cgl;6;25;27833653.9691649787;0.28;0;0
gesa3;cgl;7;29;27833653.9691649787;0.30;0;0
gesa3;cgl;8;33;27833653.9691649787;0.31;0;0
gesa3;cgl;9;37;27833653.9691649787;0.33;0;0
gesa3;cgl;10;41;27833653.9691649787;0.34;0;0
gesa3;cgl;11;45;27833653.9691649787;0.36;0;0
gesa3;cgl;12;49;27833653.9691649787;0.38;0;0
gesa3;cgl;13;53;27833653.9691649787;0.39;0;0
gesa3;cgl;14;57;27833653.9691649787;0.41;0;0
gesa3;cgl;15;61;27833653.9691649787;0.43;0;0
gesa3;cgl;16;65;27833653.9691649787;0.45;0;0
gesa3;cgl;17;69;27833653.9691649787;0.47;0;0
gesa3;cgl;18;73;27833653.9691649787;0.49;0;0
gesa3;cgl;19;77;27833653.9691649787;0.51;0;0
gesa3;cgl;20;81;27833653.9691649787;0.52;0;0
gesa3;cgl;21;85;27833653.9691649787;0.55;0;0
gesa3;cgl;22;89;27833653.9691649787;0.57;0;0
gesa3;cgl;23;93;27833653.9691649787;0.59;0;0
gesa3;cgl;24;97;27833653.9691649787;0.61;0;0
gesa3;cgl;25;101;27833653.9691649787;0.62;0;0
gesa3;cgl;26;105;27833653.9691649787;0.64;0;0
gesa3;cgl;27;109;27833653.9691649787;0.66;0;0
gesa3;cgl;28;113;27833653.9691649787;0.68;0;0
gesa3;cgl;29;117;27833653.9691649787;0.70;0;0
gesa3;cgl;30;121;27833653.9691649787;0.72;0;0
gesa3;cgl;31;125;27833653.9691649787;0.74;0;0
gesa3;cgl;32;129;27833653.9691649787;0.76;0;0
gesa3;cgl;33;133;27833653.9691649787;0.78;0;0
gesa3;cgl;34;137;27833653.9691649787;0.81;0;0
gesa3;cgl;35;141;27833653.9691649787;0.83;0;0
gesa3;cgl;36;145;27833653.9691649787;0.85;0;0
gesa3;cgl;37;149;27833653.9691649787;0.87;0;0
gesa3;cgl;38;153;27833653.9691649787;0.89;0;0
gesa3;cgl;39;157;27833653.9691649787;0.91;0;0
gesa3;cgl;40;161;27833653.9691649787;0.94;0;0
gesa3;cgl;41;165;27833653.9691649787;0.96;0;0
gesa3;cgl;42;169;27833653.9691649787;0.98;0;0
gesa3;cgl;43;173;27833653.9691649787;1.00;0;0
gesa3;cgl;44;177;27833653.9691649787;1.03;0;0
gesa3;cgl;45;181;27833653.9691649787;1.05;0;0
gesa3;cgl;46;185;27833653.9691649787;1.07;0;0
gesa3;cgl;47;189;27833653.9691649787;1.09;0;0
gesa3;cgl;48;193;27833653.9691649787;1.12;0;0
gesa3;cgl;49;197;27833653.9691649787;1.14;0;0
gesa3;cgl;50;201;27833653.9691649787;1.17;0;0
gesa3;cgl;51;201;27833653.9691649787;1.17;0,0
