glass4;cgl;0;0;800002400.0000000000;0.03;0;0
glass4;cgl;1;36;800002400.0000000000;0.09;0;0
glass4;cgl;2;72;800002400.0000000000;0.14;0;0
glass4;cgl;3;108;800002400.0000000000;0.18;0;0
glass4;cgl;4;144;800002400.0000000000;0.19;0;0
glass4;cgl;5;180;800002400.0000000000;0.20;0;0
glass4;cgl;6;216;800002400.0000000000;0.21;0;0
glass4;cgl;7;252;800002400.0000000000;0.22;0;0
glass4;cgl;8;288;800002400.0000000000;0.23;0;0
glass4;cgl;9;324;800002400.0000000000;0.25;0;0
glass4;cgl;10;360;800002400.0000000000;0.26;0;0
glass4;cgl;11;396;800002400.0000000000;0.28;0;0
glass4;cgl;12;432;800002400.0000000000;0.30;0;0
glass4;cgl;13;468;800002400.0000000000;0.32;0;0
glass4;cgl;14;504;800002400.0000000000;0.34;0;0
glass4;cgl;15;540;800002400.0000000000;0.36;0;0
glass4;cgl;16;576;800002400.0000000000;0.39;0;0
glass4;cgl;17;612;800002400.0000000000;0.41;0;0
glass4;cgl;18;648;800002400.0000000000;0.44;0;0
glass4;cgl;19;684;800002400.0000000000;0.47;0;0
glass4;cgl;20;720;800002400.0000000000;0.50;0;0
glass4;cgl;21;756;800002400.0000000000;0.53;0;0
glass4;cgl;22;792;800002400.0000000000;0.56;0;0
glass4;cgl;23;828;800002400.0000000000;0.60;0;0
glass4;cgl;24;864;800002400.0000000000;0.63;0;0
glass4;cgl;25;900;800002400.0000000000;0.67;0;0
glass4;cgl;26;936;800002400.0000000000;0.70;0;0
glass4;cgl;27;972;800002400.0000000000;0.73;0;0
glass4;cgl;28;1008;800002400.0000000000;0.77;0;0
glass4;cgl;29;1044;800002400.0000000000;0.81;0;0
glass4;cgl;30;1080;800002400.0000000000;0.85;0;0
glass4;cgl;31;1116;800002400.0000000000;0.90;0;0
glass4;cgl;32;1152;800002400.0000000000;0.95;0;0
glass4;cgl;33;1188;800002400.0000000000;0.99;0;0
glass4;cgl;34;1224;800002400.0000000000;1.04;0;0
glass4;cgl;35;1260;800002400.0000000000;1.09;0;0
glass4;cgl;36;1296;800002400.0000000000;1.13;0;0
glass4;cgl;37;1332;800002400.0000000000;1.19;0;0
glass4;cgl;38;1368;800002400.0000000000;1.24;0;0
glass4;cgl;39;1404;800002400.0000000000;1.29;0;0
glass4;cgl;40;1440;800002400.0000000000;1.34;0;0
glass4;cgl;41;1476;800002400.0000000000;1.39;0;0
glass4;cgl;42;1512;800002400.0000000000;1.44;0;0
glass4;cgl;43;1548;800002400.0000000000;1.49;0;0
glass4;cgl;44;1584;800002400.0000000000;1.55;0;0
glass4;cgl;45;1620;800002400.0000000000;1.62;0;0
glass4;cgl;46;1656;800002400.0000000000;1.69;0;0
glass4;cgl;47;1692;800002400.0000000000;1.75;0;0
glass4;cgl;48;1728;800002400.0000000000;1.82;0;0
glass4;cgl;49;1764;800002400.0000000000;1.88;0;0
glass4;cgl;50;1800;800002400.0000000000;1.94;0;0
glass4;cgl;51;1800;800002400.0000000000;1.94;0,0
