iis-pima-cov;cgl;0;0;26.6203893891;1.89;0;0
iis-pima-cov;cgl;1;101;26.6203893891;2.61;0;0
iis-pima-cov;cgl;2;202;26.6203893891;3.35;0;0
iis-pima-cov;cgl;3;303;26.6203893891;4.10;0;0
iis-pima-cov;cgl;4;404;26.6203893891;4.86;0;0
iis-pima-cov;cgl;5;505;26.6203893891;5.63;0;0
iis-pima-cov;cgl;6;606;26.6203893891;6.41;0;0
iis-pima-cov;cgl;7;707;26.6203893891;7.19;0;0
iis-pima-cov;cgl;8;808;26.6203893891;7.99;0;0
iis-pima-cov;cgl;9;909;26.6203893891;8.79;0;0
iis-pima-cov;cgl;10;1010;26.6203893891;9.61;0;0
iis-pima-cov;cgl;11;1111;26.6203893891;10.43;0;0
iis-pima-cov;cgl;12;1212;26.6203893891;11.27;0;0
iis-pima-cov;cgl;13;1313;26.6203893891;12.11;0;0
iis-pima-cov;cgl;14;1414;26.6203893891;12.97;0;0
iis-pima-cov;cgl;15;1515;26.6203893891;13.83;0;0
iis-pima-cov;cgl;16;1616;26.6203893891;14.71;0;0
iis-pima-cov;cgl;17;1717;26.6203893891;15.60;0;0
iis-pima-cov;cgl;18;1818;26.6203893891;16.49;0;0
iis-pima-cov;cgl;19;1919;26.6203893891;17.39;0;0
iis-pima-cov;cgl;20;2020;26.6203893891;18.31;0;0
iis-pima-cov;cgl;21;2121;26.6203893891;19.23;0;0
iis-pima-cov;cgl;22;2222;26.6203893891;20.17;0;0
iis-pima-cov;cgl;23;2323;26.6203893891;21.11;0;0
iis-pima-cov;cgl;24;2424;26.6203893891;22.06;0;0
iis-pima-cov;cgl;25;2525;26.6203893891;23.03;0;0
iis-pima-cov;cgl;26;2626;26.6203893891;24.00;0;0
iis-pima-cov;cgl;27;2727;26.6203893891;24.98;0;0
iis-pima-cov;cgl;28;2828;26.6203893891;25.97;0;0
iis-pima-cov;cgl;29;2929;26.6203893891;26.97;0;0
iis-pima-cov;cgl;30;3030;26.6203893891;27.98;0;0
iis-pima-cov;cgl;31;3131;26.6203893891;29.01;0;0
iis-pima-cov;cgl;32;3232;26.6203893891;30.04;0;0
iis-pima-cov;cgl;33;3333;26.6203893891;31.08;0;0
iis-pima-cov;cgl;34;3434;26.6203893891;32.13;0;0
iis-pima-cov;cgl;35;3535;26.6203893891;33.19;0;0
iis-pima-cov;cgl;36;3636;26.6203893891;34.26;0;0
iis-pima-cov;cgl;37;3737;26.6203893891;35.37;0;0
iis-pima-cov;cgl;38;3838;26.6203893891;36.46;0;0
iis-pima-cov;cgl;39;3939;26.6203893891;37.56;0;0
iis-pima-cov;cgl;40;4040;26.6203893891;38.67;0;0
iis-pima-cov;cgl;41;4141;26.6203893891;39.78;0;0
iis-pima-cov;cgl;42;4242;26.6203893891;40.91;0;0
iis-pima-cov;cgl;43;4343;26.6203893891;42.05;0;0
iis-pima-cov;cgl;44;4444;26.6203893891;43.20;0;0
iis-pima-cov;cgl;45;4545;26.6203893891;44.35;0;0
iis-pima-cov;cgl;46;4646;26.6203893891;45.52;0;0
iis-pima-cov;cgl;47;4747;26.6203893891;46.69;0;0
iis-pima-cov;cgl;48;4848;26.6203893891;47.88;0;0
iis-pima-cov;cgl;49;4949;26.6203893891;49.08;0;0
iis-pima-cov;cgl;50;5050;26.6203893891;50.28;0;0
iis-pima-cov;cgl;51;5050;26.6203893891;50.28;0,0
