iis-hc-cov;cgl;0;0;9.5170607742;2.14;0;0
iis-hc-cov;cgl;1;15;9.5170607742;3.60;0;0
iis-hc-cov;cgl;2;30;9.5170607742;5.07;0;0
iis-hc-cov;cgl;3;45;9.5170607742;6.55;0;0
iis-hc-cov;cgl;4;60;9.5170607742;8.03;0;0
iis-hc-cov;cgl;5;75;9.5170607742;9.50;0;0
iis-hc-cov;cgl;6;90;9.5170607742;10.98;0;0
iis-hc-cov;cgl;7;105;9.5170607742;12.46;0;0
iis-hc-cov;cgl;8;120;9.5170607742;13.94;0;0
iis-hc-cov;cgl;9;135;9.5170607742;15.43;0;0
iis-hc-cov;cgl;10;150;9.5170607742;16.91;0;0
iis-hc-cov;cgl;11;165;9.5170607742;18.40;0;0
iis-hc-cov;cgl;12;180;9.5170607742;19.88;0;0
iis-hc-cov;cgl;13;195;9.5170607742;21.37;0;0
iis-hc-cov;cgl;14;210;9.5170607742;22.86;0;0
iis-hc-cov;cgl;15;225;9.5170607742;24.36;0;0
iis-hc-cov;cgl;16;240;9.5170607742;25.85;0;0
iis-hc-cov;cgl;17;255;9.5170607742;27.34;0;0
iis-hc-cov;cgl;18;270;9.5170607742;28.84;0;0
iis-hc-cov;cgl;19;285;9.5170607742;30.34;0;0
iis-hc-cov;cgl;20;300;9.5170607742;31.84;0;0
iis-hc-cov;cgl;21;315;9.5170607742;33.34;0;0
iis-hc-cov;cgl;22;330;9.5170607742;34.84;0;0
iis-hc-cov;cgl;23;345;9.5170607742;36.35;0;0
iis-hc-cov;cgl;24;360;9.5170607742;37.85;0;0
iis-hc-cov;cgl;25;375;9.5170607742;39.36;0;0
iis-hc-cov;cgl;26;390;9.5170607742;40.89;0;0
iis-hc-cov;cgl;27;405;9.5170607742;42.40;0;0
iis-hc-cov;cgl;28;420;9.5170607742;43.91;0;0
iis-hc-cov;cgl;29;435;9.5170607742;45.43;0;0
iis-hc-cov;cgl;30;450;9.5170607742;46.94;0;0
iis-hc-cov;cgl;31;465;9.5170607742;48.46;0;0
iis-hc-cov;cgl;32;480;9.5170607742;49.98;0;0
iis-hc-cov;cgl;33;495;9.5170607742;51.50;0;0
iis-hc-cov;cgl;34;510;9.5170607742;53.03;0;0
iis-hc-cov;cgl;35;525;9.5170607742;54.55;0;0
iis-hc-cov;cgl;36;540;9.5170607742;56.08;0;0
iis-hc-cov;cgl;37;555;9.5170607742;57.60;0;0
iis-hc-cov;cgl;38;570;9.5170607742;59.13;0;0
iis-hc-cov;cgl;39;585;9.5170607742;60.66;0;0
iis-hc-cov;cgl;40;600;9.5170607742;62.19;0;0
iis-hc-cov;cgl;41;615;9.5170607742;63.73;0;0
iis-hc-cov;cgl;42;630;9.5170607742;65.26;0;0
iis-hc-cov;cgl;43;645;9.5170607742;66.80;0;0
iis-hc-cov;cgl;44;660;9.5170607742;68.34;0;0
iis-hc-cov;cgl;45;675;9.5170607742;69.88;0;0
iis-hc-cov;cgl;46;690;9.5170607742;71.43;0;0
iis-hc-cov;cgl;47;705;9.5170607742;72.97;0;0
iis-hc-cov;cgl;48;720;9.5170607742;74.52;0;0
iis-hc-cov;cgl;49;735;9.5170607742;76.06;0;0
iis-hc-cov;cgl;50;750;9.5170607742;77.62;0;0
iis-hc-cov;cgl;51;750;9.5170607742;77.62;0,0
