irp;cgl;0;0;12123.5302223333;31.32;0;0
irp;cgl;1;25;12123.5302223333;46.60;0;0
irp;cgl;2;50;12123.5302223333;61.86;0;0
irp;cgl;3;75;12123.5302223333;77.25;0;0
irp;cgl;4;100;12123.5302223333;92.60;0;0
irp;cgl;5;125;12123.5302223333;108.08;0;0
irp;cgl;6;150;12123.5302223333;123.48;0;0
irp;cgl;7;175;12123.5302223333;138.88;0;0
irp;cgl;8;200;12123.5302223333;154.28;0;0
irp;cgl;9;225;12123.5302223333;169.74;0;0
irp;cgl;10;250;12123.5302223333;185.29;0;0
irp;cgl;11;275;12123.5302223333;200.85;0;0
irp;cgl;12;300;12123.5302223333;216.45;0;0
irp;cgl;13;325;12123.5302223333;232.04;0;0
irp;cgl;14;350;12123.5302223333;247.65;0;0
irp;cgl;15;375;12123.5302223333;263.26;0;0
irp;cgl;16;400;12123.5302223333;278.89;0;0
irp;cgl;17;425;12123.5302223333;294.53;0;0
irp;cgl;18;450;12123.5302223333;310.21;0;0
irp;cgl;19;475;12123.5302223333;325.93;0;0
irp;cgl;20;500;12123.5302223333;341.59;0;0
irp;cgl;21;525;12123.5302223333;357.26;0;0
irp;cgl;22;550;12123.5302223333;373.02;0;0
irp;cgl;23;575;12123.5302223333;388.76;0;0
irp;cgl;24;600;12123.5302223333;404.55;0;0
irp;cgl;25;625;12123.5302223333;420.02;0;0
irp;cgl;26;650;12123.5302223333;435.59;0;0
irp;cgl;27;675;12123.5302223333;451.24;0;0
irp;cgl;28;700;12123.5302223333;466.94;0;0
irp;cgl;29;725;12123.5302223333;482.56;0;0
irp;cgl;30;750;12123.5302223333;498.31;0;0
irp;cgl;31;775;12123.5302223333;514.10;0;0
irp;cgl;32;800;12123.5302223333;529.79;0;0
irp;cgl;33;825;12123.5302223333;545.76;0;0
irp;cgl;34;850;12123.5302223333;561.82;0;0
irp;cgl;35;875;12123.5302223333;577.83;0;0
irp;cgl;36;900;12123.5302223333;593.84;0;0
irp;cgl;37;925;12123.5302223333;609.74;0;0
irp;cgl;38;950;12123.5302223333;625.54;0;0
irp;cgl;39;975;12123.5302223333;641.81;0;0
irp;cgl;40;1000;12123.5302223333;657.72;0;0
irp;cgl;41;1025;12123.5302223333;673.86;0;0
irp;cgl;42;1050;12123.5302223333;689.92;0;0
irp;cgl;43;1075;12123.5302223333;706.01;0;0
irp;cgl;44;1100;12123.5302223333;722.20;0;0
irp;cgl;45;1125;12123.5302223333;738.06;0;0
irp;cgl;46;1150;12123.5302223333;754.00;0;0
irp;cgl;47;1175;12123.5302223333;769.97;0;0
irp;cgl;48;1200;12123.5302223333;786.14;0;0
irp;cgl;49;1225;12123.5302223333;802.28;0;0
irp;cgl;50;1250;12123.5302223333;813.92;0;0
irp;cgl;51;1250;12123.5302223333;813.92;0,0
