neos-5140963-mincio;cgl;0;0;8877.0000000000;0.01;0;0
neos-5140963-mincio;cgl;1;22;8877.0000000000;0.01;0;0
neos-5140963-mincio;cgl;2;44;8877.0000000000;0.02;0;0
neos-5140963-mincio;cgl;3;66;8877.0000000000;0.05;0;0
neos-5140963-mincio;cgl;4;88;8877.0000000000;0.09;0;0
neos-5140963-mincio;cgl;5;110;8877.0000000000;0.14;0;0
neos-5140963-mincio;cgl;6;132;8877.0000000000;0.20;0;0
neos-5140963-mincio;cgl;7;154;8877.0000000000;0.26;0;0
neos-5140963-mincio;cgl;8;176;8877.0000000000;0.29;0;0
neos-5140963-mincio;cgl;9;198;8877.0000000000;0.31;0;0
neos-5140963-mincio;cgl;10;220;8877.0000000000;0.32;0;0
neos-5140963-mincio;cgl;11;242;8877.0000000000;0.34;0;0
neos-5140963-mincio;cgl;12;264;8877.0000000000;0.36;0;0
neos-5140963-mincio;cgl;13;286;8877.0000000000;0.38;0;0
neos-5140963-mincio;cgl;14;308;8877.0000000000;0.41;0;0
neos-5140963-mincio;cgl;15;330;8877.0000000000;0.43;0;0
neos-5140963-mincio;cgl;16;352;8877.0000000000;0.46;0;0
neos-5140963-mincio;cgl;17;374;8877.0000000000;0.49;0;0
neos-5140963-mincio;cgl;18;396;8877.0000000000;0.53;0;0
neos-5140963-mincio;cgl;19;418;8877.0000000000;0.56;0;0
neos-5140963-mincio;cgl;20;440;8877.0000000000;0.59;0;0
neos-5140963-mincio;cgl;21;462;8877.0000000000;0.63;0;0
neos-5140963-mincio;cgl;22;484;8877.0000000000;0.67;0;0
neos-5140963-mincio;cgl;23;506;8877.0000000000;0.71;0;0
neos-5140963-mincio;cgl;24;528;8877.0000000000;0.75;0;0
neos-5140963-mincio;cgl;25;550;8877.0000000000;0.79;0;0
neos-5140963-mincio;cgl;26;572;8877.0000000000;0.83;0;0
neos-5140963-mincio;cgl;27;594;8877.0000000000;0.87;0;0
neos-5140963-mincio;cgl;28;616;8877.0000000000;0.91;0;0
neos-5140963-mincio;cgl;29;638;8877.0000000000;0.95;0;0
neos-5140963-mincio;cgl;30;660;8877.0000000000;1.00;0;0
neos-5140963-mincio;cgl;31;682;8877.0000000000;1.05;0;0
neos-5140963-mincio;cgl;32;704;8877.0000000000;1.09;0;0
neos-5140963-mincio;cgl;33;726;8877.0000000000;1.14;0;0
neos-5140963-mincio;cgl;34;748;8877.0000000000;1.19;0;0
neos-5140963-mincio;cgl;35;770;8877.0000000000;1.24;0;0
neos-5140963-mincio;cgl;36;792;8877.0000000000;1.30;0;0
neos-5140963-mincio;cgl;37;814;8877.0000000000;1.35;0;0
neos-5140963-mincio;cgl;38;836;8877.0000000000;1.41;0;0
neos-5140963-mincio;cgl;39;858;8877.0000000000;1.46;0;0
neos-5140963-mincio;cgl;40;880;8877.0000000000;1.52;0;0
neos-5140963-mincio;cgl;41;902;8877.0000000000;1.58;0;0
neos-5140963-mincio;cgl;42;924;8877.0000000000;1.64;0;0
neos-5140963-mincio;cgl;43;946;8877.0000000000;1.70;0;0
neos-5140963-mincio;cgl;44;968;8877.0000000000;1.77;0;0
neos-5140963-mincio;cgl;45;990;8877.0000000000;1.84;0;0
neos-5140963-mincio;cgl;46;1012;8877.0000000000;1.92;0;0
neos-5140963-mincio;cgl;47;1034;8877.0000000000;2.00;0;0
neos-5140963-mincio;cgl;48;1056;8877.0000000000;2.08;0;0
neos-5140963-mincio;cgl;49;1078;8877.0000000000;2.15;0;0
neos-5140963-mincio;cgl;50;1100;8877.0000000000;2.22;0;0
neos-5140963-mincio;cgl;51;1100;8877.0000000000;2.22;0,0
