neos-4954672-berkel;cgl;0;0;1150229.1752941166;0.22;0;0
neos-4954672-berkel;cgl;1;10;1150229.1752941173;0.28;0;0
neos-4954672-berkel;cgl;2;19;1150229.1752941173;0.31;0;0
neos-4954672-berkel;cgl;3;28;1150229.1752941173;0.35;0;0
neos-4954672-berkel;cgl;4;37;1150229.1752941173;0.39;0;0
neos-4954672-berkel;cgl;5;46;1150229.1752941173;0.43;0;0
neos-4954672-berkel;cgl;6;55;1150229.1752941173;0.46;0;0
neos-4954672-berkel;cgl;7;64;1150229.1752941173;0.50;0;0
neos-4954672-berkel;cgl;8;73;1150229.1752941173;0.54;0;0
neos-4954672-berkel;cgl;9;82;1150229.1752941173;0.58;0;0
neos-4954672-berkel;cgl;10;91;1150229.1752941173;0.62;0;0
neos-4954672-berkel;cgl;11;100;1150229.1752941173;0.66;0;0
neos-4954672-berkel;cgl;12;109;1150229.1752941173;0.70;0;0
neos-4954672-berkel;cgl;13;118;1150229.1752941173;0.74;0;0
neos-4954672-berkel;cgl;14;127;1150229.1752941173;0.78;0;0
neos-4954672-berkel;cgl;15;136;1150229.1752941173;0.82;0;0
neos-4954672-berkel;cgl;16;145;1150229.1752941173;0.86;0;0
neos-4954672-berkel;cgl;17;154;1150229.1752941173;0.90;0;0
neos-4954672-berkel;cgl;18;163;1150229.1752941173;0.94;0;0
neos-4954672-berkel;cgl;19;172;1150229.1752941173;0.99;0;0
neos-4954672-berkel;cgl;20;181;1150229.1752941173;1.03;0;0
neos-4954672-berkel;cgl;21;190;1150229.1752941173;1.07;0;0
neos-4954672-berkel;cgl;22;199;1150229.1752941173;1.11;0;0
neos-4954672-berkel;cgl;23;208;1150229.1752941173;1.16;0;0
neos-4954672-berkel;cgl;24;217;1150229.1752941173;1.20;0;0
neos-4954672-berkel;cgl;25;226;1150229.1752941173;1.24;0;0
neos-4954672-berkel;cgl;26;235;1150229.1752941173;1.29;0;0
neos-4954672-berkel;cgl;27;244;1150229.1752941173;1.33;0;0
neos-4954672-berkel;cgl;28;253;1150229.1752941173;1.38;0;0
neos-4954672-berkel;cgl;29;262;1150229.1752941173;1.42;0;0
neos-4954672-berkel;cgl;30;271;1150229.1752941173;1.47;0;0
neos-4954672-berkel;cgl;31;280;1150229.1752941173;1.51;0;0
neos-4954672-berkel;cgl;32;289;1150229.1752941173;1.56;0;0
neos-4954672-berkel;cgl;33;298;1150229.1752941173;1.61;0;0
neos-4954672-berkel;cgl;34;307;1150229.1752941173;1.65;0;0
neos-4954672-berkel;cgl;35;316;1150229.1752941173;1.70;0;0
neos-4954672-berkel;cgl;36;325;1150229.1752941173;1.75;0;0
neos-4954672-berkel;cgl;37;334;1150229.1752941173;1.79;0;0
neos-4954672-berkel;cgl;38;343;1150229.1752941173;1.84;0;0
neos-4954672-berkel;cgl;39;352;1150229.1752941173;1.89;0;0
neos-4954672-berkel;cgl;40;361;1150229.1752941173;1.94;0;0
neos-4954672-berkel;cgl;41;370;1150229.1752941173;1.99;0;0
neos-4954672-berkel;cgl;42;379;1150229.1752941173;2.04;0;0
neos-4954672-berkel;cgl;43;388;1150229.1752941173;2.09;0;0
neos-4954672-berkel;cgl;44;397;1150229.1752941173;2.13;0;0
neos-4954672-berkel;cgl;45;406;1150229.1752941173;2.18;0;0
neos-4954672-berkel;cgl;46;415;1150229.1752941173;2.24;0;0
neos-4954672-berkel;cgl;47;424;1150229.1752941173;2.29;0;0
neos-4954672-berkel;cgl;48;433;1150229.1752941173;2.34;0;0
neos-4954672-berkel;cgl;49;442;1150229.1752941173;2.39;0;0
neos-4954672-berkel;cgl;50;451;1150229.1752941173;2.44;0;0
neos-4954672-berkel;cgl;51;451;1150229.1752941173;2.44;0,0
