neos-3426132-dieze;cgl;0;0;401.9952000000;0.52;0;0
neos-3426132-dieze;cgl;1;187;401.9952000000;2.75;0;0
neos-3426132-dieze;cgl;2;393;401.9952000000;6.89;0;0
neos-3426132-dieze;cgl;3;547;401.9952000000;14.11;0;0
neos-3426132-dieze;cgl;4;619;401.9952000000;25.23;0;0
neos-3426132-dieze;cgl;5;689;401.9952000000;41.72;0;0
neos-3426132-dieze;cgl;6;743;401.9952000000;64.15;0;0
neos-3426132-dieze;cgl;7;787;401.9952000000;94.75;0;0
neos-3426132-dieze;cgl;8;831;401.9952000000;133.40;0;0
neos-3426132-dieze;cgl;9;877;401.9952000000;181.39;0;0
neos-3426132-dieze;cgl;10;925;401.9952000000;239.51;0;0
neos-3426132-dieze;cgl;11;976;401.9952000000;308.79;0;0
neos-3426132-dieze;cgl;12;1028;401.9952000000;390.55;0;0
neos-3426132-dieze;cgl;13;1084;401.9952000000;485.51;0;0
neos-3426132-dieze;cgl;14;1143;401.9952000000;594.85;0;0
neos-3426132-dieze;cgl;15;1204;401.9952000000;720.64;0;0
neos-3426132-dieze;cgl;16;1268;401.9952000000;863.72;0;0
neos-3426132-dieze;cgl;17;1335;401.9952000000;1025.02;0;0
neos-3426132-dieze;cgl;18;1404;401.9952000000;1206.15;0;0
neos-3426132-dieze;cgl;19;1475;401.9952000000;1408.27;0;0
neos-3426132-dieze;cgl;20;1546;401.9952000000;1633.06;0;0
neos-3426132-dieze;cgl;21;1623;401.9952000000;1879.37;0;0
neos-3426132-dieze;cgl;22;1701;401.9952000000;2150.21;0;0
neos-3426132-dieze;cgl;23;1782;401.9952000000;2446.99;0;0
neos-3426132-dieze;cgl;24;1864;401.9952000000;2769.94;0;0
neos-3426132-dieze;cgl;25;1951;401.9952000000;3117.79;0;0
neos-3426132-dieze;cgl;26;2038;401.9952000000;3495.92;0;0
neos-3426132-dieze;cgl;27;2130;401.9952000000;3904.03;0;0
neos-3426132-dieze;cgl;28;2223;401.9952000000;4343.51;0;0
neos-3426132-dieze;cgl;29;2319;401.9952000000;4813.93;0;0
neos-3426132-dieze;cgl;30;2414;401.9952000000;5318.66;0;0
neos-3426132-dieze;cgl;31;2515;401.9952000000;5855.96;0;0
neos-3426132-dieze;cgl;32;2616;401.9952000000;6429.54;0;0
neos-3426132-dieze;cgl;33;2721;401.9952000000;7039.27;0;0
neos-3426132-dieze;cgl;34;2828;401.9952000000;7685.61;0;0
neos-3426132-dieze;cgl;35;2934;401.9952000000;8371.07;0;0
neos-3426132-dieze;cgl;36;3043;401.9952000000;9094.21;0;0
neos-3426132-dieze;cgl;37;3156;401.9952000000;9856.45;0;0
neos-3426132-dieze;cgl;38;3268;401.9952000000;10661.29;0;0
