neos-4408804-prosna;cgl;0;0;914.4835164835;71.30;0;0
neos-4408804-prosna;cgl;1;517;914.4835164835;78.54;0;0
neos-4408804-prosna;cgl;2;1034;914.4835164835;86.14;0;0
neos-4408804-prosna;cgl;3;1551;914.4835164835;94.14;0;0
neos-4408804-prosna;cgl;4;2068;914.4835164835;102.61;0;0
neos-4408804-prosna;cgl;5;2585;914.4835164835;111.43;0;0
neos-4408804-prosna;cgl;6;3102;914.4835164835;120.71;0;0
neos-4408804-prosna;cgl;7;3619;914.4835164835;130.39;0;0
neos-4408804-prosna;cgl;8;4136;914.4835164835;140.49;0;0
neos-4408804-prosna;cgl;9;4653;914.4835164835;150.99;0;0
neos-4408804-prosna;cgl;10;5170;914.4835164835;161.85;0;0
neos-4408804-prosna;cgl;11;5687;914.4835164835;173.07;0;0
neos-4408804-prosna;cgl;12;6204;914.4835164835;184.73;0;0
neos-4408804-prosna;cgl;13;6721;914.4835164835;197.01;0;0
neos-4408804-prosna;cgl;14;7238;914.4835164835;209.91;0;0
neos-4408804-prosna;cgl;15;7755;914.4835164835;223.04;0;0
neos-4408804-prosna;cgl;16;8272;914.4835164835;236.44;0;0
neos-4408804-prosna;cgl;17;8789;914.4835164835;250.15;0;0
neos-4408804-prosna;cgl;18;9306;914.4835164835;264.31;0;0
neos-4408804-prosna;cgl;19;9823;914.4835164835;278.89;0;0
neos-4408804-prosna;cgl;20;10340;914.4835164835;294.12;0;0
neos-4408804-prosna;cgl;21;10857;914.4835164835;309.76;0;0
neos-4408804-prosna;cgl;22;11374;914.4835164835;325.80;0;0
neos-4408804-prosna;cgl;23;11891;914.4835164835;342.26;0;0
neos-4408804-prosna;cgl;24;12408;914.4835164835;359.14;0;0
neos-4408804-prosna;cgl;25;12925;914.4835164835;376.46;0;0
neos-4408804-prosna;cgl;26;13442;914.4835164835;394.20;0;0
neos-4408804-prosna;cgl;27;13959;914.4835164835;412.41;0;0
neos-4408804-prosna;cgl;28;14476;914.4835164835;431.06;0;0
neos-4408804-prosna;cgl;29;14993;914.4835164835;450.27;0;0
neos-4408804-prosna;cgl;30;15510;914.4835164835;469.86;0;0
neos-4408804-prosna;cgl;31;16027;914.4835164835;489.83;0;0
neos-4408804-prosna;cgl;32;16544;914.4835164835;510.22;0;0
neos-4408804-prosna;cgl;33;17061;914.4835164835;531.00;0;0
neos-4408804-prosna;cgl;34;17578;914.4835164835;552.23;0;0
neos-4408804-prosna;cgl;35;18095;914.4835164835;573.73;0;0
neos-4408804-prosna;cgl;36;18612;914.4835164835;595.85;0;0
neos-4408804-prosna;cgl;37;19129;914.4835164835;618.25;0;0
neos-4408804-prosna;cgl;38;19646;914.4835164835;640.87;0;0
neos-4408804-prosna;cgl;39;20163;914.4835164835;663.89;0;0
neos-4408804-prosna;cgl;40;20680;914.4835164835;687.43;0;0
neos-4408804-prosna;cgl;41;21197;914.4835164835;711.04;0;0
neos-4408804-prosna;cgl;42;21714;914.4835164835;735.21;0;0
neos-4408804-prosna;cgl;43;22231;914.4835164835;759.83;0;0
neos-4408804-prosna;cgl;44;22748;914.4835164835;785.08;0;0
neos-4408804-prosna;cgl;45;23265;914.4835164835;810.66;0;0
neos-4408804-prosna;cgl;46;23782;914.4835164835;836.49;0;0
neos-4408804-prosna;cgl;47;24299;914.4835164835;862.75;0;0
neos-4408804-prosna;cgl;48;24816;914.4835164835;889.37;0;0
neos-4408804-prosna;cgl;49;25333;914.4835164835;916.27;0;0
neos-4408804-prosna;cgl;50;25850;914.4835164835;943.67;0;0
neos-4408804-prosna;cgl;51;25850;914.4835164835;943.67;0,0
