neos-5078479-escaut;cgl;0;0;7277.9869509806;0.51;0;0
neos-5078479-escaut;cgl;1;507;7277.9869509806;0.68;0;507
neos-5078479-escaut;cgl;2;990;7277.9869509806;0.78;0;985
neos-5078479-escaut;cgl;3;1473;7277.9869509806;0.89;0;1463
neos-5078479-escaut;cgl;4;1956;7277.9869509806;1.00;0;1941
neos-5078479-escaut;cgl;5;2439;7277.9869509806;1.11;0;2419
neos-5078479-escaut;cgl;6;2922;7277.9869509806;1.21;0;2897
neos-5078479-escaut;cgl;7;3405;7277.9869509806;1.31;0;3375
neos-5078479-escaut;cgl;8;3888;7277.9869509806;1.41;0;3853
neos-5078479-escaut;cgl;9;4371;7277.9869509806;1.52;0;4331
neos-5078479-escaut;cgl;10;4854;7277.9869509806;1.62;0;4809
neos-5078479-escaut;cgl;11;5337;7277.9869509806;1.73;0;5287
neos-5078479-escaut;cgl;12;5820;7277.9869509806;1.86;0;5765
neos-5078479-escaut;cgl;13;6303;7277.9869509806;1.99;0;6243
neos-5078479-escaut;cgl;14;6786;7277.9869509806;2.12;0;6721
neos-5078479-escaut;cgl;15;7269;7277.9869509806;2.23;0;7199
neos-5078479-escaut;cgl;16;7752;7277.9869509806;2.37;0;7677
neos-5078479-escaut;cgl;17;8235;7277.9869509806;2.51;0;8155
neos-5078479-escaut;cgl;18;8718;7277.9869509806;2.65;0;8633
neos-5078479-escaut;cgl;19;9201;7277.9869509806;2.78;0;9111
neos-5078479-escaut;cgl;20;9684;7277.9869509806;2.93;0;9589
neos-5078479-escaut;cgl;21;10167;7277.9869509806;3.07;0;10067
neos-5078479-escaut;cgl;22;10650;7277.9869509806;3.22;0;10545
neos-5078479-escaut;cgl;23;11133;7277.9869509806;3.37;0;11023
neos-5078479-escaut;cgl;24;11616;7277.9869509806;3.52;0;11501
neos-5078479-escaut;cgl;25;12099;7277.9869509806;3.66;0;11979
neos-5078479-escaut;cgl;26;12582;7277.9869509806;3.80;0;12457
neos-5078479-escaut;cgl;27;13065;7277.9869509806;3.96;0;12935
neos-5078479-escaut;cgl;28;13548;7277.9869509806;4.12;0;13413
neos-5078479-escaut;cgl;29;14031;7277.9869509806;4.28;0;13891
neos-5078479-escaut;cgl;30;14514;7277.9869509806;4.43;0;14369
neos-5078479-escaut;cgl;31;14997;7277.9869509806;4.57;0;14847
neos-5078479-escaut;cgl;32;15480;7277.9869509806;4.72;0;15325
neos-5078479-escaut;cgl;33;15963;7277.9869509806;4.88;0;15803
neos-5078479-escaut;cgl;34;16446;7277.9869509806;5.03;0;16281
neos-5078479-escaut;cgl;35;16929;7277.9869509806;5.19;0;16759
neos-5078479-escaut;cgl;36;17412;7277.9869509806;5.34;0;17237
neos-5078479-escaut;cgl;37;17895;7277.9869509806;5.51;0;17715
neos-5078479-escaut;cgl;38;18378;7277.9869509806;5.70;0;18193
neos-5078479-escaut;cgl;39;18861;7277.9869509806;5.86;0;18671
neos-5078479-escaut;cgl;40;19344;7277.9869509806;6.03;0;19149
neos-5078479-escaut;cgl;41;19827;7277.9869509806;6.20;0;19627
neos-5078479-escaut;cgl;42;20310;7277.9869509806;6.37;0;20105
neos-5078479-escaut;cgl;43;20793;7277.9869509806;6.54;0;20583
neos-5078479-escaut;cgl;44;21276;7277.9869509806;6.72;0;21061
neos-5078479-escaut;cgl;45;21759;7277.9869509806;6.89;0;21539
neos-5078479-escaut;cgl;46;22242;7277.9869509806;7.07;0;22017
neos-5078479-escaut;cgl;47;22725;7277.9869509806;7.25;0;22495
neos-5078479-escaut;cgl;48;23208;7277.9869509806;7.43;0;22973
neos-5078479-escaut;cgl;49;23691;7277.9869509806;7.62;0;23451
neos-5078479-escaut;cgl;50;24174;7277.9869509806;7.80;0;23929
neos-5078479-escaut;cgl;51;24174;7277.9869509806;7.80;0,23929
