neos-4647032-veleka;cgl;0;0;26587.9086991975;288.28;0;0
neos-4647032-veleka;cgl;1;1;26587.9086991975;289.40;0;0
neos-4647032-veleka;cgl;2;2;26587.9086991975;290.51;0;0
neos-4647032-veleka;cgl;3;3;26587.9086991975;291.61;0;0
neos-4647032-veleka;cgl;4;4;26587.9086991975;292.71;0;0
neos-4647032-veleka;cgl;5;5;26587.9086991975;293.79;0;0
neos-4647032-veleka;cgl;6;6;26587.9086991975;294.88;0;0
neos-4647032-veleka;cgl;7;7;26587.9086991975;295.97;0;0
neos-4647032-veleka;cgl;8;8;26587.9086991975;297.06;0;0
neos-4647032-veleka;cgl;9;9;26587.9086991975;298.14;0;0
neos-4647032-veleka;cgl;10;10;26587.9086991975;299.23;0;0
neos-4647032-veleka;cgl;11;11;26587.9086991975;300.31;0;0
neos-4647032-veleka;cgl;12;12;26587.9086991975;301.41;0;0
neos-4647032-veleka;cgl;13;13;26587.9086991975;302.49;0;0
neos-4647032-veleka;cgl;14;14;26587.9086991975;303.59;0;0
neos-4647032-veleka;cgl;15;15;26587.9086991975;304.67;0;0
neos-4647032-veleka;cgl;16;16;26587.9086991975;305.76;0;0
neos-4647032-veleka;cgl;17;17;26587.9086991975;306.83;0;0
neos-4647032-veleka;cgl;18;18;26587.9086991975;307.92;0;0
neos-4647032-veleka;cgl;19;19;26587.9086991975;309.00;0;0
neos-4647032-veleka;cgl;20;20;26587.9086991975;310.09;0;0
neos-4647032-veleka;cgl;21;21;26587.9086991975;311.17;0;0
neos-4647032-veleka;cgl;22;22;26587.9086991975;312.26;0;0
neos-4647032-veleka;cgl;23;23;26587.9086991975;313.33;0;0
neos-4647032-veleka;cgl;24;24;26587.9086991975;314.43;0;0
neos-4647032-veleka;cgl;25;25;26587.9086991975;315.53;0;0
neos-4647032-veleka;cgl;26;26;26587.9086991975;316.63;0;0
neos-4647032-veleka;cgl;27;27;26587.9086991975;317.70;0;0
neos-4647032-veleka;cgl;28;28;26587.9086991975;318.79;0;0
neos-4647032-veleka;cgl;29;29;26587.9086991975;319.88;0;0
neos-4647032-veleka;cgl;30;30;26587.9086991975;320.97;0;0
neos-4647032-veleka;cgl;31;31;26587.9086991975;322.04;0;0
neos-4647032-veleka;cgl;32;32;26587.9086991975;323.12;0;0
neos-4647032-veleka;cgl;33;33;26587.9086991975;324.20;0;0
neos-4647032-veleka;cgl;34;34;26587.9086991975;325.29;0;0
neos-4647032-veleka;cgl;35;35;26587.9086991975;326.36;0;0
neos-4647032-veleka;cgl;36;36;26587.9086991975;327.45;0;0
neos-4647032-veleka;cgl;37;37;26587.9086991975;328.53;0;0
neos-4647032-veleka;cgl;38;38;26587.9086991975;329.62;0;0
neos-4647032-veleka;cgl;39;39;26587.9086991975;330.71;0;0
neos-4647032-veleka;cgl;40;40;26587.9086991975;331.80;0;0
neos-4647032-veleka;cgl;41;41;26587.9086991975;332.88;0;0
neos-4647032-veleka;cgl;42;42;26587.9086991975;333.97;0;0
neos-4647032-veleka;cgl;43;43;26587.9086991975;335.04;0;0
neos-4647032-veleka;cgl;44;44;26587.9086991975;336.13;0;0
neos-4647032-veleka;cgl;45;45;26587.9086991975;337.21;0;0
neos-4647032-veleka;cgl;46;46;26587.9086991975;338.29;0;0
neos-4647032-veleka;cgl;47;47;26587.9086991975;339.36;0;0
neos-4647032-veleka;cgl;48;48;26587.9086991975;340.45;0;0
neos-4647032-veleka;cgl;49;49;26587.9086991975;341.53;0;0
neos-4647032-veleka;cgl;50;50;26587.9086991975;342.62;0;0
neos-4647032-veleka;cgl;51;50;26587.9086991975;342.62;0,0
