neos-4532248-waihi;cgl;0;0;0.0000000000;10.44;0;0
neos-4532248-waihi;cgl;1;194;0.0000000000;25.15;308;0
neos-4532248-waihi;cgl;2;562;0.0000000000;38.72;962;0
neos-4532248-waihi;cgl;3;930;0.0000000000;52.49;1640;0
neos-4532248-waihi;cgl;4;1304;0.0000000000;65.80;2393;0
neos-4532248-waihi;cgl;5;1684;0.0000000000;80.38;3010;0
neos-4532248-waihi;cgl;6;2064;0.0000000000;95.00;3637;0
neos-4532248-waihi;cgl;7;2447;0.0000000000;110.74;4307;0
neos-4532248-waihi;cgl;8;2823;0.0000000000;127.10;4865;0
neos-4532248-waihi;cgl;9;3199;0.0000000000;144.77;5224;0
neos-4532248-waihi;cgl;10;3577;0.0000000000;163.43;5937;0
neos-4532248-waihi;cgl;11;3951;0.0000000000;182.55;6457;0
neos-4532248-waihi;cgl;12;4336;0.0000000000;202.93;7108;0
neos-4532248-waihi;cgl;13;4715;0.0000000000;224.62;7726;0
neos-4532248-waihi;cgl;14;5094;0.0000000000;247.04;8463;0
neos-4532248-waihi;cgl;15;5476;0.0000000000;270.29;9018;0
neos-4532248-waihi;cgl;16;5860;0.0000000000;294.03;9687;0
neos-4532248-waihi;cgl;17;6244;0.0000000000;318.88;10324;0
neos-4532248-waihi;cgl;18;6625;0.0000000000;345.28;10943;0
neos-4532248-waihi;cgl;19;7003;0.0000000000;372.48;11432;0
neos-4532248-waihi;cgl;20;7391;0.0000000000;400.57;12090;0
neos-4532248-waihi;cgl;21;7782;0.0000000000;429.52;12715;0
neos-4532248-waihi;cgl;22;8170;0.0000000000;459.90;13305;0
neos-4532248-waihi;cgl;23;8559;0.0000000000;490.24;13943;0
neos-4532248-waihi;cgl;24;8951;0.0000000000;521.63;14454;0
neos-4532248-waihi;cgl;25;9337;0.0000000000;554.48;15110;0
neos-4532248-waihi;cgl;26;9723;0.0000000000;588.15;15537;0
neos-4532248-waihi;cgl;27;10108;0.0000000000;623.73;16115;0
neos-4532248-waihi;cgl;28;10497;0.0000000000;660.18;16755;0
neos-4532248-waihi;cgl;29;10893;0.0000000000;697.12;17248;0
neos-4532248-waihi;cgl;30;11275;0.0000000000;735.24;17750;0
neos-4532248-waihi;cgl;31;11664;0.0000000000;774.45;18250;0
neos-4532248-waihi;cgl;32;12053;0.0000000000;814.46;18913;0
neos-4532248-waihi;cgl;33;12440;0.0000000000;855.54;19601;0
neos-4532248-waihi;cgl;34;12820;0.0000000000;897.34;20099;0
neos-4532248-waihi;cgl;35;13211;0.0000000000;940.22;20615;0
neos-4532248-waihi;cgl;36;13599;0.0000000000;984.16;21244;0
neos-4532248-waihi;cgl;37;13988;0.0000000000;1028.81;21989;0
neos-4532248-waihi;cgl;38;14376;0.0000000000;1074.53;22601;0
neos-4532248-waihi;cgl;39;14764;0.0000000000;1121.61;23351;0
neos-4532248-waihi;cgl;40;15148;0.0000000000;1169.17;23797;0
neos-4532248-waihi;cgl;41;15533;0.0000000000;1217.86;24378;0
neos-4532248-waihi;cgl;42;15919;0.0000000000;1267.17;24920;0
neos-4532248-waihi;cgl;43;16304;0.0000000000;1317.87;25401;0
neos-4532248-waihi;cgl;44;16687;0.0000000000;1369.46;26028;0
neos-4532248-waihi;cgl;45;17064;0.0000000000;1422.74;26475;0
neos-4532248-waihi;cgl;46;17448;0.0000000000;1475.92;27063;0
neos-4532248-waihi;cgl;47;17833;0.0000000000;1529.72;27752;0
neos-4532248-waihi;cgl;48;18216;0.0000000000;1584.76;28112;0
neos-4532248-waihi;cgl;49;18598;0.0000000000;1641.01;28574;0
neos-4532248-waihi;cgl;50;18985;0.0000000000;1698.02;29255;0
neos-4532248-waihi;cgl;51;18985;0.0000000000;1698.02;29255,0
