neos-3660371-kurow;cgl;0;0;286.5343834383;0.33;0;0
neos-3660371-kurow;cgl;1;35;286.5343834383;1.22;0;0
neos-3660371-kurow;cgl;2;71;286.5343834383;2.95;0;0
neos-3660371-kurow;cgl;3;106;286.5343834383;5.52;0;0
neos-3660371-kurow;cgl;4;141;286.5343834383;8.90;0;0
neos-3660371-kurow;cgl;5;177;286.5343834383;13.15;0;0
neos-3660371-kurow;cgl;6;212;286.5343834383;18.28;0;0
neos-3660371-kurow;cgl;7;249;286.5343834383;24.28;0;0
neos-3660371-kurow;cgl;8;283;286.5343834383;31.14;0;0
neos-3660371-kurow;cgl;9;317;286.5343834383;38.79;0;0
neos-3660371-kurow;cgl;10;356;286.5343834383;47.27;0;0
neos-3660371-kurow;cgl;11;393;286.5343834383;56.55;0;0
neos-3660371-kurow;cgl;12;429;286.5343834383;66.79;0;0
neos-3660371-kurow;cgl;13;466;286.5343834383;77.91;0;0
neos-3660371-kurow;cgl;14;503;286.5343834383;89.77;0;0
neos-3660371-kurow;cgl;15;542;286.5343834383;102.45;0;0
neos-3660371-kurow;cgl;16;581;286.5343834383;116.11;0;0
neos-3660371-kurow;cgl;17;620;286.5343834383;130.61;0;0
neos-3660371-kurow;cgl;18;660;286.5343834383;145.80;0;0
neos-3660371-kurow;cgl;19;697;286.5343834383;161.98;0;0
neos-3660371-kurow;cgl;20;735;286.5343834383;179.10;0;0
neos-3660371-kurow;cgl;21;773;286.5343834383;196.84;0;0
neos-3660371-kurow;cgl;22;814;286.5343834383;215.55;0;0
neos-3660371-kurow;cgl;23;853;286.5343834383;235.24;0;0
neos-3660371-kurow;cgl;24;893;286.5343834383;255.51;0;0
neos-3660371-kurow;cgl;25;933;286.5343834383;276.82;0;0
neos-3660371-kurow;cgl;26;971;286.5343834383;299.09;0;0
neos-3660371-kurow;cgl;27;1011;286.5343834383;321.90;0;0
neos-3660371-kurow;cgl;28;1050;286.5343834383;345.82;0;0
neos-3660371-kurow;cgl;29;1089;286.5343834383;370.56;0;0
neos-3660371-kurow;cgl;30;1131;286.5343834383;395.96;0;0
neos-3660371-kurow;cgl;31;1171;286.5343834383;422.49;0;0
neos-3660371-kurow;cgl;32;1211;286.5343834383;449.64;0;0
neos-3660371-kurow;cgl;33;1250;286.5343834383;477.40;0;0
neos-3660371-kurow;cgl;34;1292;286.5343834383;506.11;0;0
neos-3660371-kurow;cgl;35;1333;286.5343834383;535.63;0;0
neos-3660371-kurow;cgl;36;1371;286.5343834383;566.03;0;0
neos-3660371-kurow;cgl;37;1410;286.5343834383;597.29;0;0
neos-3660371-kurow;cgl;38;1449;286.5343834383;629.37;0;0
neos-3660371-kurow;cgl;39;1488;286.5343834383;662.32;0;0
neos-3660371-kurow;cgl;40;1527;286.5343834383;696.14;0;0
neos-3660371-kurow;cgl;41;1567;286.5343834383;730.78;0;0
neos-3660371-kurow;cgl;42;1605;286.5343834383;766.36;0;0
neos-3660371-kurow;cgl;43;1643;286.5343834383;802.85;0;0
neos-3660371-kurow;cgl;44;1681;286.5343834383;840.19;0;0
neos-3660371-kurow;cgl;45;1722;286.5343834383;877.19;0;0
neos-3660371-kurow;cgl;46;1762;286.5343834383;915.17;0;0
neos-3660371-kurow;cgl;47;1802;286.5343834383;953.95;0;0
neos-3660371-kurow;cgl;48;1842;286.5343834383;993.54;0;0
neos-3660371-kurow;cgl;49;1882;286.5343834383;1033.98;0;0
neos-3660371-kurow;cgl;50;1924;286.5343834383;1075.23;0;0
neos-3660371-kurow;cgl;51;1924;286.5343834383;1075.23;0,0
