neos-4295773-pissa;cgl;0;0;0.0000000000;20.11;0;0
neos-4295773-pissa;cgl;1;7410;0.0000000000;30.28;0;0
neos-4295773-pissa;cgl;2;14821;0.0000000000;44.14;0;0
neos-4295773-pissa;cgl;3;22232;0.0000000000;61.73;0;0
neos-4295773-pissa;cgl;4;29643;0.0000000000;82.97;0;0
neos-4295773-pissa;cgl;5;37057;0.0000000000;107.96;0;0
neos-4295773-pissa;cgl;6;44472;0.0000000000;136.68;0;0
neos-4295773-pissa;cgl;7;51887;0.0000000000;169.05;0;0
neos-4295773-pissa;cgl;8;59303;0.0000000000;205.14;0;0
neos-4295773-pissa;cgl;9;66724;0.0000000000;244.90;0;0
neos-4295773-pissa;cgl;10;74147;0.0000000000;288.46;31;0
neos-4295773-pissa;cgl;11;81573;0.0000000000;335.62;93;0
neos-4295773-pissa;cgl;12;89001;0.0000000000;386.46;186;0
neos-4295773-pissa;cgl;13;96434;0.0000000000;440.98;310;0
neos-4295773-pissa;cgl;14;103871;0.0000000000;499.32;465;0
neos-4295773-pissa;cgl;15;111311;0.0000000000;561.57;689;0
neos-4295773-pissa;cgl;16;118763;0.0000000000;627.46;985;0
neos-4295773-pissa;cgl;17;126225;0.0000000000;697.39;1508;0
neos-4295773-pissa;cgl;18;133703;0.0000000000;771.13;2158;0
neos-4295773-pissa;cgl;19;141188;0.0000000000;848.68;3207;0
neos-4295773-pissa;cgl;20;148689;0.0000000000;929.88;4467;0
neos-4295773-pissa;cgl;21;156220;0.0000000000;1015.41;5732;0
neos-4295773-pissa;cgl;22;163758;0.0000000000;1104.80;7949;0
neos-4295773-pissa;cgl;23;171330;0.0000000000;1198.22;10809;0
neos-4295773-pissa;cgl;24;178957;0.0000000000;1295.89;15075;0
neos-4295773-pissa;cgl;25;186632;0.0000000000;1397.82;20659;0
neos-4295773-pissa;cgl;26;194374;0.0000000000;1504.39;28340;0
neos-4295773-pissa;cgl;27;202165;0.0000000000;1615.33;38153;0
neos-4295773-pissa;cgl;28;210059;0.0000000000;1730.92;51576;0
neos-4295773-pissa;cgl;29;218017;0.0000000000;1852.91;68989;0
neos-4295773-pissa;cgl;30;226043;0.0000000000;1980.23;91236;0
neos-4295773-pissa;cgl;31;234223;0.0000000000;2113.06;118723;0
neos-4295773-pissa;cgl;32;242547;0.0000000000;2255.08;152487;0
neos-4295773-pissa;cgl;33;251110;0.0000000000;2406.32;195516;0
neos-4295773-pissa;cgl;34;259986;0.0000000000;2563.87;245855;0
neos-4295773-pissa;cgl;35;269207;0.0000000000;2727.42;314595;0
neos-4295773-pissa;cgl;36;278752;0.0000000000;2898.42;396181;0
neos-4295773-pissa;cgl;37;288618;0.0000000000;3079.41;501097;0
neos-4295773-pissa;cgl;38;299049;0.0000000000;3271.19;632330;0
neos-4295773-pissa;cgl;39;310195;0.0000000000;3476.53;785579;0
neos-4295773-pissa;cgl;40;322171;0.0000000000;3697.00;976923;0
neos-4295773-pissa;cgl;41;335046;0.0000000000;3933.80;1212832;0
neos-4295773-pissa;cgl;42;349072;0.0000000000;4193.46;1503357;0
neos-4295773-pissa;cgl;43;364303;0.0000000000;4477.44;1855651;0
neos-4295773-pissa;cgl;44;380879;0.0000000000;4788.40;2279730;0
neos-4295773-pissa;cgl;45;399163;0.0000000000;5139.18;2788389;0
neos-4295773-pissa;cgl;46;419424;0.0000000000;5527.97;3405524;0
neos-4295773-pissa;cgl;47;442084;0.0000000000;5966.55;4135153;0
neos-4295773-pissa;cgl;48;467392;0.0000000000;6467.18;4999320;0
neos-4295773-pissa;cgl;49;495795;0.0000000000;7038.48;6017253;0
neos-4295773-pissa;cgl;50;527639;0.0000000000;7696.12;7235199;0
neos-4295773-pissa;cgl;51;527639;0.0000000000;7696.25;7235199,0
