netdiversion;cgl;0;0;230.8000000000;1041.97;0;0
netdiversion;cgl;1;1836;230.8000000000;1067.47;0;0
netdiversion;cgl;2;3673;230.8000000000;1093.65;0;0
netdiversion;cgl;3;5510;230.8000000000;1120.63;0;0
netdiversion;cgl;4;7347;230.8000000000;1147.84;0;0
netdiversion;cgl;5;9184;230.8000000000;1175.83;0;0
netdiversion;cgl;6;11021;230.8000000000;1204.60;0;0
netdiversion;cgl;7;12858;230.8000000000;1234.19;0;0
netdiversion;cgl;8;14695;230.8000000000;1264.79;0;0
netdiversion;cgl;9;16532;230.8000000000;1296.21;0;0
netdiversion;cgl;10;18369;230.8000000000;1328.48;0;0
netdiversion;cgl;11;20206;230.8000000000;1361.51;0;0
netdiversion;cgl;12;22043;230.8000000000;1395.14;0;0
netdiversion;cgl;13;23880;230.8000000000;1429.38;0;0
netdiversion;cgl;14;25717;230.8000000000;1464.38;0;0
netdiversion;cgl;15;27554;230.8000000000;1500.37;0;0
netdiversion;cgl;16;29391;230.8000000000;1537.27;0;0
netdiversion;cgl;17;31228;230.8000000000;1574.93;0;0
netdiversion;cgl;18;33065;230.8000000000;1613.40;0;0
netdiversion;cgl;19;34902;230.8000000000;1652.55;0;0
netdiversion;cgl;20;36739;230.8000000000;1692.55;0;0
netdiversion;cgl;21;38576;230.8000000000;1733.40;0;0
netdiversion;cgl;22;40413;230.8000000000;1774.93;0;0
netdiversion;cgl;23;42250;230.8000000000;1816.76;0;0
netdiversion;cgl;24;44087;230.8000000000;1859.43;0;0
netdiversion;cgl;25;45924;230.8000000000;1903.03;0;0
netdiversion;cgl;26;47761;230.8000000000;1947.96;0;0
netdiversion;cgl;27;49598;230.8000000000;1994.19;0;0
netdiversion;cgl;28;51435;230.8000000000;2040.24;0;0
netdiversion;cgl;29;53272;230.8000000000;2086.84;0;0
netdiversion;cgl;30;55109;230.8000000000;2134.47;0;0
netdiversion;cgl;31;56946;230.8000000000;2183.11;0;0
netdiversion;cgl;32;58783;230.8000000000;2232.40;0;0
netdiversion;cgl;33;60620;230.8000000000;2282.47;0;0
netdiversion;cgl;34;62457;230.8000000000;2332.80;0;0
netdiversion;cgl;35;64294;230.8000000000;2383.90;0;0
netdiversion;cgl;36;66131;230.8000000000;2435.99;0;0
netdiversion;cgl;37;67968;230.8000000000;2488.86;0;0
netdiversion;cgl;38;69805;230.8000000000;2542.40;0;0
netdiversion;cgl;39;71642;230.8000000000;2596.86;0;0
netdiversion;cgl;40;73479;230.8000000000;2651.94;0;0
netdiversion;cgl;41;75316;230.8000000000;2707.82;0;0
netdiversion;cgl;42;77153;230.8000000000;2764.46;0;0
netdiversion;cgl;43;78990;230.8000000000;2821.94;0;0
netdiversion;cgl;44;80827;230.8000000000;2880.73;0;0
netdiversion;cgl;45;82664;230.8000000000;2941.22;0;0
netdiversion;cgl;46;84501;230.8000000000;3001.78;0;0
netdiversion;cgl;47;86338;230.8000000000;3062.93;0;0
netdiversion;cgl;48;88175;230.8000000000;3124.32;0;0
netdiversion;cgl;49;90012;230.8000000000;3186.65;0;0
netdiversion;cgl;50;91849;230.8000000000;3250.02;0;0
netdiversion;cgl;51;91849;230.8000000000;3250.02;0,0
