noswot;cgl;0;0;-43.0000000000;0.01;0;0
noswot;cgl;1;4;-43.0000000000;0.03;0;4
noswot;cgl;2;7;-43.0000000000;0.04;0;7
noswot;cgl;3;10;-43.0000000000;0.04;0;10
noswot;cgl;4;13;-43.0000000000;0.06;0;13
noswot;cgl;5;16;-43.0000000000;0.08;0;16
noswot;cgl;6;19;-43.0000000000;0.10;0;19
noswot;cgl;7;22;-43.0000000000;0.12;0;22
noswot;cgl;8;25;-43.0000000000;0.15;0;25
noswot;cgl;9;28;-43.0000000000;0.16;0;28
noswot;cgl;10;31;-43.0000000000;0.17;0;31
noswot;cgl;11;34;-43.0000000000;0.19;0;34
noswot;cgl;12;37;-43.0000000000;0.20;0;37
noswot;cgl;13;40;-43.0000000000;0.22;0;40
noswot;cgl;14;43;-43.0000000000;0.23;0;43
noswot;cgl;15;46;-43.0000000000;0.24;0;46
noswot;cgl;16;49;-43.0000000000;0.24;0;49
noswot;cgl;17;52;-43.0000000000;0.25;0;52
noswot;cgl;18;55;-43.0000000000;0.25;0;55
noswot;cgl;19;58;-43.0000000000;0.25;0;58
noswot;cgl;20;61;-43.0000000000;0.26;0;61
noswot;cgl;21;64;-43.0000000000;0.26;0;64
noswot;cgl;22;67;-43.0000000000;0.26;0;67
noswot;cgl;23;70;-43.0000000000;0.27;0;70
noswot;cgl;24;73;-43.0000000000;0.27;0;73
noswot;cgl;25;76;-43.0000000000;0.27;0;76
noswot;cgl;26;79;-43.0000000000;0.28;0;79
noswot;cgl;27;82;-43.0000000000;0.28;0;82
noswot;cgl;28;85;-43.0000000000;0.29;0;85
noswot;cgl;29;88;-43.0000000000;0.29;0;88
noswot;cgl;30;91;-43.0000000000;0.29;0;91
noswot;cgl;31;94;-43.0000000000;0.30;0;94
noswot;cgl;32;97;-43.0000000000;0.30;0;97
noswot;cgl;33;100;-43.0000000000;0.30;0;100
noswot;cgl;34;103;-43.0000000000;0.31;0;103
noswot;cgl;35;106;-43.0000000000;0.31;0;106
noswot;cgl;36;109;-43.0000000000;0.31;0;109
noswot;cgl;37;112;-43.0000000000;0.32;0;112
noswot;cgl;38;115;-43.0000000000;0.32;0;115
noswot;cgl;39;118;-43.0000000000;0.33;0;118
noswot;cgl;40;121;-43.0000000000;0.33;0;121
noswot;cgl;41;124;-43.0000000000;0.33;0;124
noswot;cgl;42;127;-43.0000000000;0.34;0;127
noswot;cgl;43;130;-43.0000000000;0.34;0;130
noswot;cgl;44;133;-43.0000000000;0.35;0;133
noswot;cgl;45;136;-43.0000000000;0.35;0;136
noswot;cgl;46;139;-43.0000000000;0.35;0;139
noswot;cgl;47;142;-43.0000000000;0.36;0;142
noswot;cgl;48;145;-43.0000000000;0.36;0;145
noswot;cgl;49;148;-43.0000000000;0.36;0;148
noswot;cgl;50;151;-43.0000000000;0.37;0;151
noswot;cgl;51;151;-43.0000000000;0.37;0,151
