routing_0016;cgl;0;0;32230.3657894737;11.29;0;0
routing_0016;cgl;1;8389;32230.3657894736;19.83;0;7
routing_0016;cgl;2;16686;32230.3657894737;31.25;0;10
routing_0016;cgl;3;25122;32230.3657894737;45.73;0;12
routing_0016;cgl;4;33656;32230.3657894737;63.59;0;14
routing_0016;cgl;5;42219;32230.3657894737;84.95;0;16
routing_0016;cgl;6;50768;32230.3657894737;108.24;0;18
routing_0016;cgl;7;59330;32230.3657894737;133.71;0;21
routing_0016;cgl;8;67827;32230.3657894737;162.48;0;23
routing_0016;cgl;9;76300;32230.3657894737;194.03;0;26
routing_0016;cgl;10;84797;32230.3657894737;227.08;0;28
routing_0016;cgl;11;93319;32230.3657894737;264.66;0;30
routing_0016;cgl;12;101636;32230.3657894737;306.90;0;32
routing_0016;cgl;13;109996;32230.3657894737;352.02;0;34
routing_0016;cgl;14;118264;32230.3657894737;399.87;0;36
routing_0016;cgl;15;126539;32230.3657894737;450.55;0;38
routing_0016;cgl;16;134774;32230.3657894737;501.99;0;41
routing_0016;cgl;17;142952;32230.3657894737;556.13;0;43
routing_0016;cgl;18;151098;32230.3657894737;612.77;0;45
routing_0016;cgl;19;159258;32230.3657894737;672.95;0;47
routing_0016;cgl;20;167234;32230.3657894737;737.20;0;49
routing_0016;cgl;21;175188;32230.3657894737;806.36;0;52
routing_0016;cgl;22;183176;32230.3657894737;877.14;0;54
routing_0016;cgl;23;191074;32230.3657894737;946.05;0;57
routing_0016;cgl;24;198954;32230.3657894737;1018.44;0;59
routing_0016;cgl;25;206825;32230.3657894737;1093.22;0;62
routing_0016;cgl;26;214652;32230.3657894737;1170.95;0;64
routing_0016;cgl;27;222457;32230.3657894737;1252.81;0;67
routing_0016;cgl;28;230213;32230.3657894737;1336.70;0;69
routing_0016;cgl;29;238021;32230.3657894737;1421.32;0;71
routing_0016;cgl;30;245815;32230.3657894737;1508.20;0;73
routing_0016;cgl;31;253564;32230.3657894737;1596.37;0;75
routing_0016;cgl;32;261314;32230.3657894737;1689.16;0;77
routing_0016;cgl;33;269047;32230.3657894736;1784.67;0;80
routing_0016;cgl;34;276747;32230.3657894736;1879.04;0;83
routing_0016;cgl;35;284447;32230.3657894736;1976.31;0;86
routing_0016;cgl;36;292148;32230.3657894737;2076.01;0;88
routing_0016;cgl;37;299856;32230.3657894737;2178.68;0;90
routing_0016;cgl;38;307556;32230.3657894737;2283.94;0;92
routing_0016;cgl;39;315184;32230.3657894737;2392.66;0;95
routing_0016;cgl;40;322818;32230.3657894737;2504.22;0;98
routing_0016;cgl;41;330439;32230.3657894737;2618.05;0;100
routing_0016;cgl;42;338069;32230.3657894737;2735.18;0;102
routing_0016;cgl;43;345686;32230.3657894737;2854.26;0;104
routing_0016;cgl;44;353303;32230.3657894737;2975.68;0;106
routing_0016;cgl;45;360920;32230.3657894737;3100.22;0;108
routing_0016;cgl;46;368538;32230.3657894737;3229.71;0;111
routing_0016;cgl;47;376155;32230.3657894737;3360.46;0;113
routing_0016;cgl;48;383773;32230.3657894737;3492.90;0;116
routing_0016;cgl;49;391390;32230.3657894737;3627.95;0;118
routing_0016;cgl;50;399008;32230.3657894737;3765.27;0;121
routing_0016;cgl;51;399008;32230.3657894737;3765.28;0,121
