satellites3-40-fs;cgl;0;0;-39.0000000000;72.80;0;0
satellites3-40-fs;cgl;1;4380;-39.0000000000;99.73;144;0
satellites3-40-fs;cgl;2;8901;-39.0000000000;114.07;284;0
satellites3-40-fs;cgl;3;13472;-39.0000000000;132.69;622;0
satellites3-40-fs;cgl;4;18088;-39.0000000000;156.18;993;0
satellites3-40-fs;cgl;5;22791;-39.0000000000;184.52;1652;0
satellites3-40-fs;cgl;6;27551;-39.0000000000;217.86;2721;0
satellites3-40-fs;cgl;7;32365;-39.0000000000;256.21;3821;0
satellites3-40-fs;cgl;8;37225;-39.0000000000;299.87;5563;0
satellites3-40-fs;cgl;9;42112;-39.0000000000;348.85;7561;0
satellites3-40-fs;cgl;10;47046;-39.0000000000;404.26;9571;0
satellites3-40-fs;cgl;11;51999;-39.0000000000;465.55;12563;0
satellites3-40-fs;cgl;12;56973;-39.0000000000;533.06;15364;0
satellites3-40-fs;cgl;13;61954;-39.0000000000;607.05;18749;0
satellites3-40-fs;cgl;14;66972;-39.0000000000;687.41;22768;0
satellites3-40-fs;cgl;15;72019;-39.0000000000;778.04;26940;0
satellites3-40-fs;cgl;16;77059;-39.0000000000;875.90;31532;0
satellites3-40-fs;cgl;17;82069;-39.0000000000;976.78;36798;0
satellites3-40-fs;cgl;18;87078;-39.0000000000;1081.09;42527;0
satellites3-40-fs;cgl;19;92122;-39.0000000000;1191.96;48515;0
satellites3-40-fs;cgl;20;97175;-39.0000000000;1315.59;55118;0
satellites3-40-fs;cgl;21;102228;-39.0000000000;1446.70;62087;0
satellites3-40-fs;cgl;22;107288;-39.0000000000;1584.81;69941;0
satellites3-40-fs;cgl;23;112343;-39.0000000000;1729.42;77895;0
satellites3-40-fs;cgl;24;117407;-39.0000000000;1881.23;86965;0
satellites3-40-fs;cgl;25;122463;-39.0000000000;2033.56;96369;0
satellites3-40-fs;cgl;26;127496;-39.0000000000;2191.73;105521;0
satellites3-40-fs;cgl;27;132546;-39.0000000000;2356.92;115515;0
satellites3-40-fs;cgl;28;137632;-39.0000000000;2528.51;126696;0
satellites3-40-fs;cgl;29;142683;-39.0000000000;2711.59;138309;0
satellites3-40-fs;cgl;30;147754;-39.0000000000;2904.03;150911;0
satellites3-40-fs;cgl;31;152795;-39.0000000000;3102.19;162862;0
satellites3-40-fs;cgl;32;157850;-39.0000000000;3299.61;174959;0
satellites3-40-fs;cgl;33;162909;-39.0000000000;3503.83;188307;0
satellites3-40-fs;cgl;34;167973;-39.0000000000;3713.11;202592;0
satellites3-40-fs;cgl;35;173038;-39.0000000000;3929.18;216622;0
satellites3-40-fs;cgl;36;178089;-39.0000000000;4160.12;232028;0
satellites3-40-fs;cgl;37;183149;-39.0000000000;4398.90;246429;0
satellites3-40-fs;cgl;38;188205;-39.0000000000;4645.40;261288;0
satellites3-40-fs;cgl;39;193312;-39.0000000000;4898.59;276802;0
satellites3-40-fs;cgl;40;198393;-39.0000000000;5158.54;292531;0
satellites3-40-fs;cgl;41;203488;-39.0000000000;5422.04;309349;0
satellites3-40-fs;cgl;42;208571;-39.0000000000;5677.62;327039;0
satellites3-40-fs;cgl;43;213612;-39.0000000000;5939.30;345065;0
satellites3-40-fs;cgl;44;218634;-39.0000000000;6212.82;363878;0
satellites3-40-fs;cgl;45;223720;-39.0000000000;6507.56;382284;0
satellites3-40-fs;cgl;46;228802;-39.0000000000;6809.18;401573;0
satellites3-40-fs;cgl;47;233877;-39.0000000000;7117.25;421923;0
satellites3-40-fs;cgl;48;238956;-39.0000000000;7431.49;441803;0
satellites3-40-fs;cgl;49;244042;-39.0000000000;7753.26;462223;0
satellites3-40-fs;cgl;50;249136;-39.0000000000;8082.01;482821;0
satellites3-40-fs;cgl;51;249136;-39.0000000000;8082.02;482821,0
