sct31;cgl;0;0;-31.9626621977;2.10;0;0
sct31;cgl;1;202;-31.9626621977;18.34;0;0
sct31;cgl;2;294;-31.9626621977;98.01;0;0
sct31;cgl;3;521;-31.9626621977;189.42;0;0
sct31;cgl;4;712;-31.9626621977;351.35;0;0
sct31;cgl;5;940;-31.9626621977;570.87;0;0
sct31;cgl;6;1117;-31.9626621977;862.03;0;0
sct31;cgl;7;1320;-31.9626621977;1198.93;0;0
sct31;cgl;8;1603;-31.9626621977;1595.60;0;0
sct31;cgl;9;1781;-31.9626621977;2089.13;0;0
sct31;cgl;10;2056;-31.9626621977;2631.95;0;0
sct31;cgl;11;2286;-31.9626621977;3264.79;0;0
sct31;cgl;12;2569;-31.9626621977;3963.98;0;0
sct31;cgl;13;2901;-31.9626621977;4757.91;0;0
sct31;cgl;14;3191;-31.9626621977;5671.15;0;0
sct31;cgl;15;3511;-31.9626621977;6679.62;0;0
sct31;cgl;16;3804;-31.9626621977;7794.51;0;0
sct31;cgl;17;4143;-31.9626621977;8969.12;0;0
sct31;cgl;18;4440;-31.9626621977;10264.72;0;0
