sprint_hint01_j;cgl;0;0;65.1000000000;4.87;0;0
sprint_hint01_j;cgl;1;574;65.1000000000;17.85;8;0
sprint_hint01_j;cgl;2;1166;65.1000000000;31.55;16;0
sprint_hint01_j;cgl;3;1761;65.1000000000;47.88;24;0
sprint_hint01_j;cgl;4;2368;65.1000000000;65.07;32;0
sprint_hint01_j;cgl;5;2977;65.1000000000;83.38;40;0
sprint_hint01_j;cgl;6;3590;65.1000000000;102.93;48;0
sprint_hint01_j;cgl;7;4202;65.1000000000;123.41;56;0
sprint_hint01_j;cgl;8;4812;65.1000000000;144.97;64;0
sprint_hint01_j;cgl;9;5426;65.1000000000;169.00;72;0
sprint_hint01_j;cgl;10;6040;65.1000000000;194.52;80;0
sprint_hint01_j;cgl;11;6656;65.1000000000;221.19;88;0
sprint_hint01_j;cgl;12;7271;65.1000000000;249.03;96;0
sprint_hint01_j;cgl;13;7887;65.1000000000;277.69;104;0
sprint_hint01_j;cgl;14;8502;65.1000000000;307.44;112;0
sprint_hint01_j;cgl;15;9117;65.1000000000;338.41;120;0
sprint_hint01_j;cgl;16;9726;65.1000000000;370.73;128;0
sprint_hint01_j;cgl;17;10340;65.1000000000;404.16;136;0
sprint_hint01_j;cgl;18;10951;65.1000000000;439.07;144;0
sprint_hint01_j;cgl;19;11566;65.1000000000;474.56;152;0
sprint_hint01_j;cgl;20;12176;65.1000000000;511.25;160;0
sprint_hint01_j;cgl;21;12790;65.1000000000;549.28;168;0
sprint_hint01_j;cgl;22;13400;65.1000000000;587.86;176;0
sprint_hint01_j;cgl;23;14013;65.1000000000;627.53;184;0
sprint_hint01_j;cgl;24;14625;65.1000000000;668.81;192;0
sprint_hint01_j;cgl;25;15242;65.1000000000;711.39;200;0
sprint_hint01_j;cgl;26;15854;65.1000000000;755.26;208;0
sprint_hint01_j;cgl;27;16467;65.1000000000;800.11;216;0
sprint_hint01_j;cgl;28;17082;65.1000000000;846.59;224;0
sprint_hint01_j;cgl;29;17699;65.1000000000;893.50;232;0
sprint_hint01_j;cgl;30;18311;65.1000000000;942.23;240;0
sprint_hint01_j;cgl;31;18925;65.1000000000;991.93;248;0
sprint_hint01_j;cgl;32;19538;65.1000000000;1042.77;256;0
sprint_hint01_j;cgl;33;20150;65.1000000000;1094.88;264;0
sprint_hint01_j;cgl;34;20766;65.1000000000;1148.17;272;0
sprint_hint01_j;cgl;35;21381;65.1000000000;1202.76;280;0
sprint_hint01_j;cgl;36;21997;65.1000000000;1258.46;288;0
sprint_hint01_j;cgl;37;22612;65.1000000000;1315.20;296;0
sprint_hint01_j;cgl;38;23227;65.1000000000;1373.72;304;0
sprint_hint01_j;cgl;39;23838;65.1000000000;1432.60;312;0
sprint_hint01_j;cgl;40;24451;65.1000000000;1493.25;320;0
sprint_hint01_j;cgl;41;25064;65.1000000000;1554.49;328;0
sprint_hint01_j;cgl;42;25680;65.1000000000;1618.22;336;0
sprint_hint01_j;cgl;43;26292;65.1000000000;1682.36;344;0
sprint_hint01_j;cgl;44;26906;65.1000000000;1748.25;352;0
sprint_hint01_j;cgl;45;27521;65.1000000000;1815.47;360;0
sprint_hint01_j;cgl;46;28136;65.1000000000;1883.15;368;0
sprint_hint01_j;cgl;47;28746;65.1000000000;1952.83;376;0
sprint_hint01_j;cgl;48;29362;65.1000000000;2023.13;384;0
sprint_hint01_j;cgl;49;29974;65.1000000000;2093.71;392;0
sprint_hint01_j;cgl;50;30588;65.1000000000;2165.73;400;0
sprint_hint01_j;cgl;51;30588;65.1000000000;2165.73;400,0
