sts405;cgl;0;0;135.0000000000;2.03;0;0
sts405;cgl;1;27270;135.0000000000;40.26;0;0
sts405;cgl;2;54540;135.0000000000;114.31;0;0
sts405;cgl;3;81810;135.0000000000;231.36;0;0
sts405;cgl;4;109080;135.0000000000;385.05;0;0
sts405;cgl;5;136350;135.0000000000;583.25;0;0
sts405;cgl;6;163620;135.0000000000;808.86;0;0
sts405;cgl;7;190890;135.0000000000;1074.43;0;0
sts405;cgl;8;218160;135.0000000000;1377.65;0;0
sts405;cgl;9;245430;135.0000000000;1737.81;0;0
sts405;cgl;10;272700;135.0000000000;2150.42;0;0
sts405;cgl;11;299970;135.0000000000;2593.75;0;0
sts405;cgl;12;327240;135.0000000000;3083.43;0;0
sts405;cgl;13;354510;135.0000000000;3650.01;0;0
sts405;cgl;14;381780;135.0000000000;4305.45;0;0
sts405;cgl;15;409050;135.0000000000;5024.34;0;0
sts405;cgl;16;436320;135.0000000000;5726.95;0;0
sts405;cgl;17;463590;135.0000000000;6509.32;0;0
sts405;cgl;18;490860;135.0000000000;7318.86;0;0
sts405;cgl;19;518130;135.0000000000;8164.12;0;0
sts405;cgl;20;545400;135.0000000000;9120.27;0;0
sts405;cgl;21;572670;135.0000000000;10024.62;0;0
