supportcase2;cgl;0;0;0.0000000000;30.74;0;0
supportcase2;cgl;1;24;0.0000000000;36.06;0;0
supportcase2;cgl;2;48;0.0000000000;41.34;0;0
supportcase2;cgl;3;72;0.0000000000;46.65;0;0
supportcase2;cgl;4;96;0.0000000000;51.95;0;0
supportcase2;cgl;5;120;0.0000000000;57.24;0;0
supportcase2;cgl;6;144;0.0000000000;62.54;0;0
supportcase2;cgl;7;168;0.0000000000;67.85;0;0
supportcase2;cgl;8;192;0.0000000000;73.17;0;0
supportcase2;cgl;9;216;0.0000000000;78.68;0;0
supportcase2;cgl;10;240;0.0000000000;83.95;0;0
supportcase2;cgl;11;264;0.0000000000;89.21;0;0
supportcase2;cgl;12;288;0.0000000000;94.49;0;0
supportcase2;cgl;13;312;0.0000000000;99.80;0;0
supportcase2;cgl;14;336;0.0000000000;105.10;0;0
supportcase2;cgl;15;360;0.0000000000;110.43;0;0
supportcase2;cgl;16;384;0.0000000000;115.74;0;0
supportcase2;cgl;17;408;0.0000000000;121.01;0;0
supportcase2;cgl;18;432;0.0000000000;126.30;0;0
supportcase2;cgl;19;456;0.0000000000;131.60;0;0
supportcase2;cgl;20;480;0.0000000000;136.91;0;0
supportcase2;cgl;21;504;0.0000000000;142.22;0;0
supportcase2;cgl;22;528;0.0000000000;147.52;0;0
supportcase2;cgl;23;552;0.0000000000;152.84;0;0
supportcase2;cgl;24;576;0.0000000000;158.17;0;0
supportcase2;cgl;25;600;0.0000000000;163.50;0;0
supportcase2;cgl;26;624;0.0000000000;168.78;0;0
supportcase2;cgl;27;648;0.0000000000;174.12;0;0
supportcase2;cgl;28;672;0.0000000000;179.45;0;0
supportcase2;cgl;29;696;0.0000000000;184.75;0;0
supportcase2;cgl;30;720;0.0000000000;190.04;0;0
supportcase2;cgl;31;744;0.0000000000;195.35;0;0
supportcase2;cgl;32;768;0.0000000000;200.69;0;0
supportcase2;cgl;33;792;0.0000000000;206.03;0;0
supportcase2;cgl;34;816;0.0000000000;211.37;0;0
supportcase2;cgl;35;840;0.0000000000;216.72;0;0
supportcase2;cgl;36;864;0.0000000000;222.06;0;0
supportcase2;cgl;37;888;0.0000000000;227.41;0;0
supportcase2;cgl;38;912;0.0000000000;232.75;0;0
supportcase2;cgl;39;936;0.0000000000;238.07;0;0
supportcase2;cgl;40;960;0.0000000000;243.39;0;0
supportcase2;cgl;41;984;0.0000000000;248.71;0;0
supportcase2;cgl;42;1008;0.0000000000;254.07;0;0
supportcase2;cgl;43;1032;0.0000000000;259.38;0;0
supportcase2;cgl;44;1056;0.0000000000;264.68;0;0
supportcase2;cgl;45;1080;0.0000000000;270.00;0;0
supportcase2;cgl;46;1104;0.0000000000;275.32;0;0
supportcase2;cgl;47;1128;0.0000000000;280.65;0;0
supportcase2;cgl;48;1152;0.0000000000;285.94;0;0
supportcase2;cgl;49;1176;0.0000000000;291.25;0;0
supportcase2;cgl;50;1200;0.0000000000;296.56;0;0
supportcase2;cgl;51;1200;0.0000000000;296.56;0,0
