supportcase20;cgl;0;0;2442.1440118735;6.53;0;0
supportcase20;cgl;1;777;2837.6568469973;26.21;0;777
supportcase20;cgl;2;1184;2837.6568469973;189.68;0;1177
supportcase20;cgl;3;1606;2837.6568469973;449.24;0;1592
supportcase20;cgl;4;2023;2837.6568469973;819.80;0;2002
supportcase20;cgl;5;2423;2837.6568469973;1278.99;0;2395
supportcase20;cgl;6;2833;2837.6568469973;1835.35;0;2798
supportcase20;cgl;7;3241;2837.6568469973;2478.92;0;3199
supportcase20;cgl;8;3670;2837.6568469973;3222.13;0;3621
supportcase20;cgl;9;4057;2837.6568469973;4075.15;0;4001
supportcase20;cgl;10;4463;2837.6568469973;5020.07;0;4400
supportcase20;cgl;11;4866;2837.6568469973;6044.93;0;4796
supportcase20;cgl;12;5276;2837.6568469973;7150.54;0;5199
supportcase20;cgl;13;5684;2837.6568469973;8473.56;0;5600
supportcase20;cgl;14;6104;2837.6568469973;9893.15;0;6013
