trdcrooms;cgl;0;0;620425857.1450315714;976.83;0;0
trdcrooms;cgl;1;1087;620425857.1450315714;986.62;0;0
trdcrooms;cgl;2;2174;620425857.1450315714;996.80;0;0
trdcrooms;cgl;3;3261;620425857.1450315714;1007.44;0;0
trdcrooms;cgl;4;4348;620425857.1450315714;1018.56;0;0
trdcrooms;cgl;5;5435;620425857.1450315714;1030.16;0;0
trdcrooms;cgl;6;6522;620425857.1450315714;1042.22;0;0
trdcrooms;cgl;7;7609;620425857.1450315714;1054.74;0;0
trdcrooms;cgl;8;8696;620425857.1450315714;1067.74;0;0
trdcrooms;cgl;9;9783;620425857.1450315714;1081.22;0;0
trdcrooms;cgl;10;10870;620425857.1450315714;1095.20;0;0
trdcrooms;cgl;11;11957;620425857.1450315714;1109.63;0;0
trdcrooms;cgl;12;13044;620425857.1450315714;1124.54;0;0
trdcrooms;cgl;13;14131;620425857.1450315714;1139.94;0;0
trdcrooms;cgl;14;15218;620425857.1450315714;1155.77;0;0
trdcrooms;cgl;15;16305;620425857.1450315714;1172.13;0;0
trdcrooms;cgl;16;17392;620425857.1450315714;1188.94;0;0
trdcrooms;cgl;17;18479;620425857.1450315714;1206.20;0;0
trdcrooms;cgl;18;19566;620425857.1450315714;1223.97;0;0
trdcrooms;cgl;19;20653;620425857.1450315714;1242.22;0;0
trdcrooms;cgl;20;21740;620425857.1450315714;1260.94;0;0
trdcrooms;cgl;21;22827;620425857.1450315714;1280.13;0;0
trdcrooms;cgl;22;23914;620425857.1450315714;1299.83;0;0
trdcrooms;cgl;23;25001;620425857.1450315714;1319.88;0;0
trdcrooms;cgl;24;26088;620425857.1450315714;1340.53;0;0
trdcrooms;cgl;25;27175;620425857.1450315714;1361.63;0;0
trdcrooms;cgl;26;28262;620425857.1450315714;1383.16;0;0
trdcrooms;cgl;27;29349;620425857.1450315714;1405.21;0;0
trdcrooms;cgl;28;30436;620425857.1450315714;1427.77;0;0
trdcrooms;cgl;29;31523;620425857.1450315714;1450.77;0;0
trdcrooms;cgl;30;32610;620425857.1450315714;1474.28;0;0
trdcrooms;cgl;31;33697;620425857.1450315714;1498.13;0;0
trdcrooms;cgl;32;34784;620425857.1450315714;1523.06;0;0
trdcrooms;cgl;33;35871;620425857.1450315714;1548.58;0;0
trdcrooms;cgl;34;36958;620425857.1450315714;1574.63;0;0
trdcrooms;cgl;35;38045;620425857.1450315714;1601.17;0;0
trdcrooms;cgl;36;39132;620425857.1450315714;1628.16;0;0
trdcrooms;cgl;37;40219;620425857.1450315714;1655.64;0;0
trdcrooms;cgl;38;41306;620425857.1450315714;1682.85;0;0
trdcrooms;cgl;39;42393;620425857.1450315714;1710.60;0;0
trdcrooms;cgl;40;43480;620425857.1450315714;1738.79;0;0
trdcrooms;cgl;41;44567;620425857.1450315714;1767.42;0;0
trdcrooms;cgl;42;45654;620425857.1450315714;1796.53;0;0
trdcrooms;cgl;43;46741;620425857.1450315714;1826.22;0;0
trdcrooms;cgl;44;47828;620425857.1450315714;1857.15;0;0
trdcrooms;cgl;45;48915;620425857.1450315714;1888.79;0;0
trdcrooms;cgl;46;50002;620425857.1450315714;1920.94;0;0
trdcrooms;cgl;47;51089;620425857.1450315714;1953.53;0;0
trdcrooms;cgl;48;52176;620425857.1450315714;1986.77;0;0
trdcrooms;cgl;49;53263;620425857.1450315714;2020.43;0;0
trdcrooms;cgl;50;54350;620425857.1450315714;2054.64;0;0
trdcrooms;cgl;51;54350;620425857.1450315714;2054.64;0,0
