v150_d50_2hopCDS;cgl;0;0;5.2444760874;10.75;0;0
v150_d50_2hopCDS;cgl;1;13;5.2444760874;21.45;0;0
v150_d50_2hopCDS;cgl;2;26;5.2444760874;32.96;0;0
v150_d50_2hopCDS;cgl;3;39;5.2444760874;44.27;0;0
v150_d50_2hopCDS;cgl;4;52;5.2444760874;55.61;0;0
v150_d50_2hopCDS;cgl;5;65;5.2444760874;66.66;0;0
v150_d50_2hopCDS;cgl;6;78;5.2444760874;77.95;0;0
v150_d50_2hopCDS;cgl;7;91;5.2444760874;88.87;0;0
v150_d50_2hopCDS;cgl;8;104;5.2444760874;100.08;0;0
v150_d50_2hopCDS;cgl;9;117;5.2444760874;111.87;0;0
v150_d50_2hopCDS;cgl;10;130;5.2444760874;123.46;0;0
v150_d50_2hopCDS;cgl;11;143;5.2444760874;135.31;0;0
v150_d50_2hopCDS;cgl;12;156;5.2444760874;146.38;0;0
v150_d50_2hopCDS;cgl;13;169;5.2444760874;157.29;0;0
v150_d50_2hopCDS;cgl;14;182;5.2444760874;168.19;0;0
v150_d50_2hopCDS;cgl;15;195;5.2444760874;178.29;0;0
v150_d50_2hopCDS;cgl;16;208;5.2444760874;188.73;0;0
v150_d50_2hopCDS;cgl;17;221;5.2444760874;199.17;0;0
v150_d50_2hopCDS;cgl;18;234;5.2444760874;210.45;0;0
v150_d50_2hopCDS;cgl;19;247;5.2444760874;221.93;0;0
v150_d50_2hopCDS;cgl;20;260;5.2444760874;233.85;0;0
v150_d50_2hopCDS;cgl;21;273;5.2444760874;244.89;0;0
v150_d50_2hopCDS;cgl;22;286;5.2444760874;255.56;0;0
v150_d50_2hopCDS;cgl;23;299;5.2444760874;266.41;0;0
v150_d50_2hopCDS;cgl;24;312;5.2444760874;277.44;0;0
v150_d50_2hopCDS;cgl;25;325;5.2444760874;287.99;0;0
v150_d50_2hopCDS;cgl;26;338;5.2444760874;298.82;0;0
v150_d50_2hopCDS;cgl;27;351;5.2444760874;309.23;0;0
v150_d50_2hopCDS;cgl;28;364;5.2444760874;320.15;0;0
v150_d50_2hopCDS;cgl;29;377;5.2444760874;330.53;0;0
v150_d50_2hopCDS;cgl;30;390;5.2444760874;342.15;0;0
v150_d50_2hopCDS;cgl;31;403;5.2444760874;352.24;0;0
v150_d50_2hopCDS;cgl;32;416;5.2444760874;362.77;0;0
v150_d50_2hopCDS;cgl;33;429;5.2444760874;374.01;0;0
v150_d50_2hopCDS;cgl;34;442;5.2444760874;385.68;0;0
v150_d50_2hopCDS;cgl;35;455;5.2444760874;397.86;0;0
v150_d50_2hopCDS;cgl;36;468;5.2444760874;409.51;0;0
v150_d50_2hopCDS;cgl;37;481;5.2444760874;421.54;0;0
v150_d50_2hopCDS;cgl;38;494;5.2444760874;432.99;0;0
v150_d50_2hopCDS;cgl;39;507;5.2444760874;444.01;0;0
v150_d50_2hopCDS;cgl;40;520;5.2444760874;455.32;0;0
v150_d50_2hopCDS;cgl;41;533;5.2444760874;466.83;0;0
v150_d50_2hopCDS;cgl;42;546;5.2444760874;478.01;0;0
v150_d50_2hopCDS;cgl;43;559;5.2444760874;489.87;0;0
v150_d50_2hopCDS;cgl;44;572;5.2444760874;501.34;0;0
v150_d50_2hopCDS;cgl;45;585;5.2444760874;511.05;0;0
v150_d50_2hopCDS;cgl;46;598;5.2444760874;521.77;0;0
v150_d50_2hopCDS;cgl;47;611;5.2444760874;533.25;0;0
v150_d50_2hopCDS;cgl;48;624;5.2444760874;543.76;0;0
v150_d50_2hopCDS;cgl;49;637;5.2444760874;553.33;0;0
v150_d50_2hopCDS;cgl;50;650;5.2444760874;563.11;0;0
v150_d50_2hopCDS;cgl;51;650;5.2444760874;563.11;0,0
