30n20b8;cgl;0;0;1.5664076456;1.73;0;0
30n20b8;cgl;1;92;1.5664076456;4.14;0;0
30n20b8;cgl;2;184;1.5664076456;9.00;0;0
30n20b8;cgl;3;276;1.5664076456;16.24;0;0
30n20b8;cgl;4;369;1.5664076456;25.97;0;0
30n20b8;cgl;5;464;1.5664076456;37.95;0;0
30n20b8;cgl;6;553;1.5664076456;52.46;0;0
30n20b8;cgl;7;644;1.5664076456;69.35;0;0
30n20b8;cgl;8;735;1.5664076456;88.99;0;0
30n20b8;cgl;9;827;1.5664076456;110.97;0;0
30n20b8;cgl;10;919;1.7703067471;135.24;0;0
30n20b8;cgl;11;1006;1.7703067471;162.31;0;0
30n20b8;cgl;12;1093;1.7703067471;190.62;0;0
30n20b8;cgl;13;1181;3.1699305539;220.53;0;0
30n20b8;cgl;14;1263;3.1699305539;252.79;0;0
30n20b8;cgl;15;1344;3.1767035787;287.58;0;0
30n20b8;cgl;16;1424;3.1770600278;324.26;0;0
30n20b8;cgl;17;1502;3.1798993839;362.40;0;0
30n20b8;cgl;18;1578;3.1800035482;403.20;0;0
30n20b8;cgl;19;1656;3.1801099187;447.52;0;0
30n20b8;cgl;20;1732;3.1934622060;489.40;0;0
30n20b8;cgl;21;1809;3.1939800973;535.53;0;0
30n20b8;cgl;22;1888;3.1942318026;584.31;0;0
30n20b8;cgl;23;1967;3.1944888317;635.59;0;0
30n20b8;cgl;24;2042;3.2060702812;687.91;0;0
30n20b8;cgl;25;2119;3.2064504034;742.59;0;0
30n20b8;cgl;26;2191;3.2071293217;798.46;0;0
30n20b8;cgl;27;2264;3.4776745150;856.05;0;0
30n20b8;cgl;28;2336;3.4779420495;916.06;0;0
30n20b8;cgl;29;2410;3.4782149887;980.21;0;0
30n20b8;cgl;30;2482;3.4787777501;1046.52;0;0
30n20b8;cgl;31;2553;3.5293607181;1112.38;0;0
30n20b8;cgl;32;2618;3.5293607181;1178.94;0;0
30n20b8;cgl;33;2684;3.5293607181;1247.08;0;0
30n20b8;cgl;34;2753;3.5293607181;1316.72;0;0
30n20b8;cgl;35;2821;3.5293607181;1390.80;0;0
30n20b8;cgl;36;2890;3.5293607181;1465.20;0;0
30n20b8;cgl;37;2955;3.5293607181;1542.27;0;0
30n20b8;cgl;38;3024;3.5293607181;1619.65;0;0
30n20b8;cgl;39;3087;3.5293607181;1701.46;0;0
30n20b8;cgl;40;3151;4.1397695316;1786.39;0;0
30n20b8;cgl;41;3208;4.1397695316;1873.85;0;0
30n20b8;cgl;42;3263;4.1397695316;1962.49;0;0
30n20b8;cgl;43;3322;4.1397695316;2052.62;0;0
30n20b8;cgl;44;3380;4.1397695316;2143.43;0;0
30n20b8;cgl;45;3435;4.1397695316;2235.78;0;0
30n20b8;cgl;46;3488;4.1397695316;2328.52;0;0
30n20b8;cgl;47;3546;4.1397695316;2420.13;0;0
30n20b8;cgl;48;3603;4.1397695316;2511.90;0;0
30n20b8;cgl;49;3657;4.1397695316;2606.90;0;0
30n20b8;cgl;50;3711;4.1397695316;2703.05;0;0
30n20b8;cgl;51;3711;4.1397695316;2703.06;0,0
