fhnw-binschedule0;cgl;0;0;12632.8887791449;2488.11;0;0
fhnw-binschedule0;cgl;1;5806;12632.8887791450;3009.66;764;0
fhnw-binschedule0;cgl;2;7298;12632.8887791450;3320.49;1010;0
fhnw-binschedule0;cgl;3;8520;12632.8887791450;3595.99;1252;0
fhnw-binschedule0;cgl;4;9784;12632.8887791450;3918.91;1568;0
fhnw-binschedule0;cgl;5;11061;12632.8887791450;4278.39;1893;0
fhnw-binschedule0;cgl;6;12521;12632.8887791450;4714.46;2323;0
fhnw-binschedule0;cgl;7;14058;12636.8140065393;5139.42;2817;0
fhnw-binschedule0;cgl;8;15864;12636.8140065393;5665.87;3341;0
fhnw-binschedule0;cgl;9;17996;12636.8140065393;6175.88;3921;0
fhnw-binschedule0;cgl;10;20288;12636.8140065393;6755.18;4500;0
fhnw-binschedule0;cgl;11;22972;12636.8140065393;7505.33;5076;0
fhnw-binschedule0;cgl;12;26026;12638.9183083803;8443.65;5679;0
fhnw-binschedule0;cgl-opt;13;29282;12639.7480732367;9292.55;6233;0
