j3050_8;cgl;0;0;-0.0000000000;0.17;0;0
j3050_8;cgl;1;21;0.0000000000;0.32;9;0
j3050_8;cgl;2;48;0.0000000000;0.37;46;0
j3050_8;cgl;3;74;0.0000000000;0.48;341;0
j3050_8;cgl;4;97;0.0000000000;0.57;379;0
j3050_8;cgl;5;111;0.0000000000;0.66;405;0
j3050_8;cgl;6;116;0.0000000000;0.76;414;0
j3050_8;cgl;7;122;0.0000000000;0.86;426;0
j3050_8;cgl;8;125;0.0000000000;0.93;428;0
j3050_8;cgl;9;126;0.0000000000;1.01;428;0
j3050_8;cgl;10;127;0.0000000000;1.09;431;0
j3050_8;cgl;11;129;0.0000000000;1.18;431;0
j3050_8;cgl;12;131;0.0000000000;1.26;431;0
j3050_8;cgl;13;131;0.0000000000;1.34;431,0
