stdc0025;cgl;0;0;-1743072.6205816469;4.29;0;0
stdc0025;cgl;1;372;13279184.2126898952;14.90;14;0
stdc0025;cgl;2;957;14737374.0740045831;27.88;102;0
stdc0025;cgl;3;2428;14775024.0403978247;45.48;192;0
stdc0025;cgl;4;6551;14825114.7869013920;75.92;287;0
stdc0025;cgl;5;17430;14894700.2729406897;145.41;390;0
stdc0025;cgl;6;44233;14894706.1641197801;345.03;481;0
stdc0025;cgl;7;81553;14899479.2567984369;795.17;566;0
stdc0025;cgl;8;105669;14902260.4152416848;1309.84;661;0
stdc0025;cgl;9;130018;14907821.5350038297;1908.60;724;0
stdc0025;cgl;10;177738;14907821.6376257166;2877.53;760;0
stdc0025;cgl;11;192365;14907821.7383739669;3748.29;796;0
stdc0025;cgl;12;199655;14907824.0787937455;4603.28;827;0
stdc0025;cgl;13;208164;14907824.0787987020;5463.35;847;0
stdc0025;cgl;14;212299;14907824.0787990969;6276.03;870;0
stdc0025;cgl;15;225932;14907824.0861716215;7178.94;885;0
stdc0025;cgl;16;231604;14907824.0862032510;8154.88;897;0
stdc0025;cgl;17;232319;14907824.1008326355;9081.73;915;0
stdc0025;cgl;18;232652;14907824.1008322649;9997.08;935;0
stdc0025;cgl-opt;19;233655;14907824.1008320041;10633.71;949;0
