trdtaunimep;cgl;0;0;1481830.2477746345;15.96;0;0
trdtaunimep;cgl;1;610;1955442.1002522283;21.34;0;0
trdtaunimep;cgl;2;1198;2076659.2700564414;26.41;0;0
trdtaunimep;cgl;3;1655;2097288.9727943405;29.94;0;0
trdtaunimep;cgl;4;1870;2105922.7522562169;33.15;11;0
trdtaunimep;cgl;5;2003;2109526.4545177384;36.94;13;0
trdtaunimep;cgl;6;2119;2109773.1076923413;39.51;13;0
trdtaunimep;cgl;7;2200;2111244.2069978970;42.17;13;0
trdtaunimep;cgl;8;2235;2113523.7764530252;44.80;13;0
trdtaunimep;cgl;9;2267;2113525.5164530259;47.39;13;0
trdtaunimep;cgl;10;2270;2113529.1414530259;49.98;13;0
trdtaunimep;cgl;11;2270;2113529.1414530259;52.49;13,0
