Optimal - objective value 924.00000000
      0 x1                     1                       2
     50 x51                    1                       3
    104 x105                   1                       4
    162 x163                   1                       5
    224 x225                   1                       6
    249 x250                   1                       9
    299 x300                   1                      16
    334 x335                   1                       7
    398 x399                   1                      18
    415 x416                   1                      15
    466 x467                   1                      16
    520 x521                   1                      11
    568 x569                   1                      27
    624 x625                   1                      22
    642 x643                   1                      14
    698 x699                   1                      21
    735 x736                   1                      26
    796 x797                   1                      23
    821 x822                   1                      20
    895 x896                   1                      25
    933 x934                   1                      16
    982 x983                   1                      42
   1011 x1012                  1                      38
   1044 x1045                  1                       9
   1097 x1098                  1                      25
   1161 x1162                  1                      55
   1196 x1197                  1                      14
   1233 x1234                  1                      21
   1290 x1291                  1                      40
   1312 x1313                  1                      23
   1358 x1359                  1                      15
   1429 x1430                  1                      16
   1481 x1482                  1                      31
   1507 x1508                  1                      46
   1533 x1534                  1                      26
   1607 x1608                  1                      33
   1621 x1622                  1                      18
   1708 x1709                  1                      19
   1730 x1731                  1                      12
   1759 x1760                  1                      21
   1842 x1843                  1                      28
   1858 x1859                  1                      20
   1892 x1893                  1                      12
   1941 x1942                  1                      40
   2015 x2016                  1                      14
