Optimal - objective value 21477.00000000
      2 X00003                 1                     255
      5 X00006                 1                     265
      6 X00007                 1                     131
      8 X00009                 1                     315
     11 X00012                 1                     224
     13 X00014                 1                      65
     14 X00015                 1                     401
     21 X00022                 1                      74
     23 X00024                 1                     175
     27 X00028                 1                     449
     35 X00036                 1                     170
     37 X00038                 1                     594
     38 X00039                 1                     515
     39 X00040                 1                     478
     42 X00043                 1                     104
     46 X00047                 1                     392
     49 X00050                 1                     432
     54 X00055                 1                     145
     56 X00057                 1                     545
     58 X00059                 1                     442
     62 X00063                 1                     516
     63 X00064                 1                     213
     65 X00066                 1                     534
     68 X00069                 1                     477
     70 X00071                 1                     289
     81 X00082                 1                     361
     89 X00090                 1                     200
     92 X00093                 1                     431
     93 X00094                 1                     447
     99 X00100                 1                     472
    100 X00101                 1                     583
    102 X00103                 1                     301
    104 X00105                 1                     344
    106 X00107                 1                     472
    110 X00111                 1                     340
    111 X00112                 1                     332
    113 X00114                 1                     144
    116 X00117                 1                      40
    118 X00119                 1                     261
    127 X00128                 1                     324
    130 X00131                 1                     297
    132 X00133                 1                     196
    147 X00148                 1                     296
    149 X00150                 1                     162
    150 X00151                 1                      69
    151 X00152                 1                     159
    155 X00156                 1                     158
    157 X00158                 1                     340
    165 X00166                 1                     120
    167 X00168                 1                     414
    169 X00170                 1                     236
    171 X00172                 1                     112
    175 X00176                 1                     341
    177 X00178                 1                     479
    179 X00180                 1                     300
    181 X00182                 1                     203
    185 X00186                 1                     456
    187 X00188                 1                     221
    196 X00197                 1                     180
    198 X00199                 1                     484
    202 X00203                 1                     514
    211 X00212                 1                     317
    215 X00216                 1                     416
    217 X00218                 1                     430
    218 X00219                 1                     357
    219 X00220                 1                     308
    224 X00225                 1                     260
    225 X00226                 1                      94
    226 X00227                 1                     157
    228 X00229                 1                     149
    231 X00232                 1                       0
    232 X00233                 1                       0
    233 X00234                 1                       0
    239 X00240                 1                       0
    242 X00243                 1                       0
    246 X00247                 1                       0
    247 X00248                 1                       0
    251 X00252                 1                       0
    280 X00281                 1                       0
    298 X00299                 1                       0
    301 X00302                 1                       0
    302 X00303                 1                       0
    317 X00318                 1                       0
    319 X00320                 1                       0
    323 X00324                 1                       0
    330 X00331                 1                       0
    340 X00341                 1                       0
    342 X00343                 1                       0
    357 X00358                 1                       0
    363 X00364                 1                       0
    364 X00365                 2                       0
    365 X00366                 1                       0
    366 X00367                 1                       0
    368 X00369                 1                       0
    376 X00377                 1                       0
    387 X00388                 1                       0
    390 X00391                 1                       0
    391 X00392                 1                       0
    402 X00403                 1                       0
    404 X00405                 2                       0
    414 X00415                 2                       0
    417 X00418                 1                       0
    428 X00000             21477                       0
