Stopped on time - objective value -48.00000000
      0 x0                     1                      -1
      3 x3                     1                      -1
      7 x7                     1                      -1
     10 x10                    1                      -1
     11 x11                    1                      -1
     14 x14                    1                      -1
     20 x20                    1                      -1
     28 x28                    1                      -1
     36 x36                    1                      -1
     38 x38                    1                      -1
     43 x43                    1                      -1
     45 x45                    1                      -1
     46 x46                    1                      -1
     48 x48                    1                      -1
     51 x51                    1                      -1
     66 x66                    1                      -1
     70 x70                    1                      -1
     75 x75                    1                      -1
     78 x78                    1                      -1
     87 x87                    1                      -1
     89 x89                    1                      -1
     99 x99                    1                      -1
    100 x100                   1                      -1
    109 x109                   1                      -1
    111 x111                   1                      -1
    113 x113                   1                      -1
    114 x114                   1                      -1
    117 x117                   1                      -1
    118 x118                   1                      -1
    125 x125                   1                      -1
    128 x128                   1                      -1
    129 x129                   1                      -1
    133 x133                   1                      -1
    146 x146                   1                      -1
    147 x147                   1                      -1
    150 x150                   1                      -1
    151 x151                   1                      -1
    153 x153                   1                      -1
    156 x156                   1                      -1
    160 x160                   1                      -1
    161 x161                   1                      -1
    167 x167                   1                      -1
    180 x180                   1                      -1
    181 x181                   1                      -1
    186 x186                   1                      -1
    187 x187                   1                      -1
    194 x194                   1                      -1
    199 x199                   1                      -1
