Optimal - objective value -3.00000000
      0 x1225        0.046832473                       0
      1 x1226         0.15118403                       0
      2 x1227         0.04248879                       0
      3 x1228         0.57748594                       0
      4 x1229         0.18200876                       0
     47 x42                    1                       0
     85 x80                    1                       0
    103 x98                    1                       0
    159 x154                   1                       0
    208 x203                   1                       0
    292 x287                   1                       0
    306 x301                   1                       0
    355 x350                   1                       0
    404 x399                   1                       0
    439 x434                   1                       0
    468 x463                   1                       0
    511 x506                   1                       0
    552 x547                   1                      -1
    600 x595                   1                       0
    649 x644                   1                      -1
    733 x728                   1                       0
    771 x766                   1                       0
    778 x773                   1                      -1
    796 x791                   1                       0
    869 x864                   1                       0
    918 x913                   1                       0
    978 x973                   1                       0
   1018 x1013                  1                       0
   1065 x1060                  1                       0
   1090 x1085                  1                       0
   1139 x1134                  1                       0
   1189 x1184                  1                       0
   1230 x1230        0.069215641                       0
   1231 x1231        0.079312544                       0
   1233 x1233        0.067299896                       0
   1234 x1234        0.091947432                       0
   1235 x1235        0.086526084                       0
   1236 x1236        0.085399678                       0
   1237 x1237        0.079527724                       0
   1238 x1238        0.063024982                       0
   1239 x1239        0.088339505                       0
   1240 x1240        0.091070288                       0
   1241 x1241        0.062012344                       0
   1242 x1242        0.078752072                       0
   1243 x1243        0.062152047                       0
   1244 x1244        0.077935206                       0
   1245 x1245        0.072566791                       0
   1246 x1246        0.068915118                       0
   1247 x1247         0.08985713                       0
   1248 x1248        0.083541864                       0
   1249 x1249        0.067167799                       0
   1250 x1250        0.088311083                       0
   1251 x1251         0.06758804                       0
   1252 x1252           0.054662                       0
   1253 x1253        0.080224634                       0
   1254 x1254        0.080195143                       0
   1255 x1255        0.078991461                       0
   1256 x1256        0.078672755                       0
   1257 x1257        0.074203596                       0
   1258 x1258         0.12486314                       0
   1259 x1259        0.090936153                       0
   1260 x1260        0.082671254                       0
   1261 x1261         0.08179725                       0
   1262 x1262        0.075945283                       0
   1263 x1263        0.076025605                       0
   1264 x1264        0.080614695                       0
   1265 x1265        0.083721664                       0
   1266 x1266        0.083911597                       0
   1267 x1267         0.08085704                       0
   1268 x1268        0.081208866                       0
   1269 x1269          0.0880496                       0
   1270 x1270         0.08720691                       0
   1271 x1271        0.083374134                       0
   1272 x1272        0.083096062                       0
   1273 x1273         0.11067012                       0
   1274 x1274         0.10941104                       0
   1275 x1275         0.10218089                       0
   1276 x1276        0.085819532                       0
   1277 x1277        0.081781627                       0
   1278 x1278        0.091510474                       0
   1279 x1279        0.081820563                       0
   1280 x1280        0.075552554                       0
   1281 x1281        0.096084869                       0
   1282 x1282        0.089830327                       0
   1283 x1283        0.085687354                       0
   1284 x1284        0.091455207                       0
   1285 x1285        0.084942643                       0
   1286 x1286        0.081896226                       0
   1287 x1287         0.10625292                       0
   1288 x1288        0.079029352                       0
   1289 x1289        0.085123215                       0
   1290 x1290        0.078506534                       0
   1291 x1291        0.080351837                       0
   1292 x1292        0.087608488                       0
   1293 x1293        0.084143122                       0
   1294 x1294        0.083973444                       0
   1295 x1295        0.087859058                       0
   1296 x1296        0.074517958                       0
   1297 x1297        0.069215641                       0
   1298 x1298        0.085071644                       0
   1299 x1299        0.089371748                       0
   1300 x1300        0.080960252                       0
   1301 x1301        0.085095476                       0
   1302 x1302        0.093688359                       0
   1303 x1303        0.090897013                       0
   1304 x1304        0.087802842                       0
   1305 x1305        0.094822349                       0
   1306 x1306        0.088770039                       0
   1307 x1307         0.12685959                       0
   1308 x1308         0.11167565                       0
   1309 x1309        0.094870164                       0
   1310 x1310        0.089379545                       0
   1311 x1311        0.082624779                       0
   1312 x1312         0.08486891                       0
   1313 x1313        0.097612425                       0
   1314 x1314        0.088235496                       0
   1315 x1315        0.098293456                       0
   1316 x1316         0.08683392                       0
   1317 x1317        0.090269634                       0
   1318 x1318         0.10018045                       0
   1319 x1319        0.098769884                       0
   1320 x1320        0.091574023                       0
   1321 x1321        0.087914026                       0
   1322 x1322         0.12911315                       0
   1323 x1323          0.1156463                       0
   1324 x1324         0.12021315                       0
   1325 x1325         0.10481133                       0
   1326 x1326        0.093925497                       0
   1327 x1327         0.10228222                       0
   1328 x1328          0.0954751                       0
   1329 x1329         0.09519316                       0
   1330 x1330         0.11026232                       0
   1331 x1331        0.097498008                       0
   1332 x1332        0.094331692                       0
   1333 x1333         0.11039448                       0
   1334 x1334        0.091088332                       0
   1335 x1335        0.079312544                       0
   1336 x1336         0.13005399                       0
   1337 x1337        0.081952717                       0
   1338 x1338         0.10487438                       0
   1339 x1339        0.081241524                       0
   1340 x1340        0.092480262                       0
   1341 x1341        0.096459222                       0
   1342 x1342        0.095740351                       0
   1343 x1343        0.096392887                       0
   1344 x1344        0.099174144                       0
   1345 x1345        0.091472351                       0
   1346 x1346        0.085415528                       0
   1347 x1347         0.09412825                       0
   1348 x1348          0.1013632                       0
   1349 x1349        0.093475808                       0
   1350 x1350         0.10130714                       0
   1351 x1351         0.11476581                       0
   1352 x1352        0.099283012                       0
   1354 x1354        0.089113026                       0
   1355 x1355        0.085299176                       0
   1356 x1356         0.13149291                       0
   1357 x1357         0.10649231                       0
   1358 x1358        0.088745235                       0
   1359 x1359        0.084744259                       0
   1360 x1360        0.078051782                       0
   1361 x1361        0.088825065                       0
   1362 x1362        0.090392562                       0
   1363 x1363        0.095406196                       0
   1364 x1364        0.096719069                       0
   1365 x1365        0.086087859                       0
   1366 x1366        0.087018337                       0
   1367 x1367        0.091098394                       0
   1368 x1368        0.095868987                       0
   1369 x1369        0.088971186                       0
   1370 x1370        0.085823769                       0
   1371 x1371         0.12780007                       0
   1372 x1372         0.10772204                       0
   1373 x1373         0.11145894                       0
   1374 x1374        0.099684667                       0
   1375 x1375        0.091653064                       0
   1376 x1376        0.094967469                       0
   1377 x1377        0.093761272                       0
   1378 x1378        0.090785253                       0
   1379 x1379         0.10603525                       0
   1380 x1380        0.096041763                       0
   1381 x1381        0.096166333                       0
   1382 x1382         0.10822754                       0
   1383 x1383        0.091175762                       0
   1384 x1384        0.076896527                       0
   1385 x1385         0.12616844                       0
   1386 x1386        0.080980786                       0
   1387 x1387         0.10001923                       0
   1388 x1388        0.079167616                       0
   1389 x1389         0.08666109                       0
   1390 x1390         0.10050072                       0
   1391 x1391        0.088616402                       0
   1392 x1392        0.096609906                       0
   1393 x1393        0.093867059                       0
   1394 x1394        0.088897546                       0
   1395 x1395        0.080807192                       0
   1396 x1396        0.094354678                       0
   1397 x1397         0.09903136                       0
   1398 x1398        0.091617294                       0
   1399 x1399        0.098146565                       0
   1400 x1400         0.10940142                       0
   1401 x1401        0.099910685                       0
   1402 x1402        0.079231842                       0
   1403 x1403        0.077684548                       0
   1404 x1404        0.071971755                       0
   1405 x1405         0.10920591                       0
   1406 x1406        0.087296114                       0
   1407 x1407         0.07695096                       0
   1408 x1408         0.07296043                       0
   1409 x1409        0.067299896                       0
   1410 x1410        0.075244501                       0
   1411 x1411        0.077049477                       0
   1412 x1412        0.091407724                       0
   1413 x1413        0.078535374                       0
   1414 x1414        0.075205071                       0
   1415 x1415        0.080215572                       0
   1416 x1416        0.074164906                       0
   1417 x1417        0.083984009                       0
   1418 x1418         0.07709434                       0
   1419 x1419        0.081870008                       0
   1420 x1420         0.10933414                       0
   1421 x1421         0.09268272                       0
   1422 x1422        0.089126701                       0
   1423 x1423        0.086010763                       0
   1424 x1424        0.084064304                       0
   1425 x1425        0.081126966                       0
   1426 x1426        0.080566605                       0
   1427 x1427        0.073998621                       0
   1428 x1428         0.11197909                       0
   1429 x1429        0.080904325                       0
   1430 x1430        0.084994514                       0
   1431 x1431        0.089284511                       0
   1432 x1432        0.082238503                       0
   1433 x1433        0.071122083                       0
   1434 x1434         0.11145762                       0
   1435 x1435        0.076112686                       0
   1436 x1436        0.093520726                       0
   1437 x1437        0.077539347                       0
   1438 x1438         0.07247472                       0
   1439 x1439        0.090520152                       0
   1440 x1440        0.081398051                       0
   1441 x1441        0.079974296                       0
   1442 x1442        0.080283604                       0
   1443 x1443         0.07402134                       0
   1444 x1444        0.068321631                       0
   1445 x1445        0.080120511                       0
   1446 x1446        0.092439944                       0
   1447 x1447        0.077848466                       0
   1448 x1448        0.084685586                       0
   1449 x1449        0.093464905                       0
   1450 x1450        0.082169067                       0
   1451 x1451         0.10646381                       0
   1452 x1452         0.10863279                       0
   1453 x1453        0.097044182                       0
   1454 x1454         0.14206858                       0
   1455 x1455         0.11493562                       0
   1456 x1456          0.1078067                       0
   1457 x1457        0.093947333                       0
   1458 x1458        0.091947432                       0
   1459 x1459         0.10191285                       0
   1460 x1460         0.10578438                       0
   1461 x1461         0.10888417                       0
   1462 x1462         0.10397667                       0
   1463 x1463        0.099577038                       0
   1464 x1464          0.1010276                       0
   1465 x1465         0.10550701                       0
   1466 x1466         0.10668557                       0
   1467 x1467        0.098419559                       0
   1468 x1468         0.11063997                       0
   1469 x1469         0.12481606                       0
   1470 x1470         0.13308478                       0
   1471 x1471          0.1266298                       0
   1472 x1472         0.10751513                       0
   1473 x1473        0.098615718                       0
   1474 x1474         0.11744539                       0
   1475 x1475         0.10850154                       0
   1476 x1476          0.1038658                       0
   1477 x1477         0.10856437                       0
   1478 x1478         0.10736332                       0
   1479 x1479         0.10089005                       0
   1480 x1480         0.12645378                       0
   1481 x1481         0.10593645                       0
   1482 x1482         0.09664359                       0
   1483 x1483         0.13827573                       0
   1484 x1484         0.10657985                       0
   1485 x1485         0.11207107                       0
   1486 x1486         0.10141159                       0
   1487 x1487         0.10487861                       0
   1488 x1488         0.11380527                       0
   1489 x1489         0.10757056                       0
   1490 x1490         0.11097259                       0
   1491 x1491         0.11396476                       0
   1492 x1492        0.098863339                       0
   1493 x1493        0.097764646                       0
   1494 x1494          0.1139621                       0
   1495 x1495         0.11417352                       0
   1496 x1496         0.10678279                       0
   1497 x1497         0.10856134                       0
   1498 x1498         0.12074195                       0
   1499 x1499         0.12049411                       0
   1500 x1500        0.099147735                       0
   1501 x1501         0.10244265                       0
   1502 x1502        0.090994417                       0
   1503 x1503         0.14223593                       0
   1504 x1504          0.1057885                       0
   1505 x1505         0.10697102                       0
   1506 x1506        0.095761838                       0
   1507 x1507         0.08732452                       0
   1508 x1508        0.094658676                       0
   1509 x1509        0.097094015                       0
   1510 x1510          0.0975285                       0
   1511 x1511        0.096734698                       0
   1512 x1512        0.093027204                       0
   1513 x1513        0.098133361                       0
   1514 x1514         0.09704641                       0
   1515 x1515         0.10055839                       0
   1516 x1516        0.088897856                       0
   1517 x1517        0.099142152                       0
   1518 x1518         0.11713026                       0
   1519 x1519         0.12769097                       0
   1520 x1520         0.12315275                       0
   1521 x1521        0.096345784                       0
   1522 x1522        0.092148497                       0
   1523 x1523         0.11125694                       0
   1524 x1524        0.098454255                       0
   1525 x1525        0.094284035                       0
   1526 x1526         0.10604253                       0
   1527 x1527        0.099624572                       0
   1528 x1528         0.10126439                       0
   1529 x1529         0.11563169                       0
   1530 x1530        0.097180964                       0
   1531 x1531        0.091980772                       0
   1532 x1532         0.12543584                       0
   1533 x1533         0.09649698                       0
   1534 x1534         0.10212216                       0
   1535 x1535        0.094104301                       0
   1536 x1536         0.09759396                       0
   1537 x1537         0.10720704                       0
   1538 x1538         0.11022821                       0
   1539 x1539        0.098170369                       0
   1540 x1540         0.10329017                       0
   1541 x1541        0.088960196                       0
   1542 x1542        0.086526084                       0
   1543 x1543         0.10665929                       0
   1544 x1544         0.10724486                       0
   1545 x1545        0.097581468                       0
   1546 x1546         0.10229303                       0
   1547 x1547         0.11003638                       0
   1548 x1548         0.11157277                       0
   1549 x1549        0.099606226                       0
   1550 x1550        0.097499406                       0
   1551 x1551        0.088846702                       0
   1552 x1552         0.13382237                       0
   1553 x1553          0.1108087                       0
   1554 x1554        0.097398016                       0
   1555 x1555        0.091807638                       0
   1556 x1556        0.085399678                       0
   1557 x1557         0.09616098                       0
   1558 x1558         0.09817362                       0
   1559 x1559          0.0971321                       0
   1560 x1560          0.0999491                       0
   1561 x1561        0.093753589                       0
   1562 x1562        0.094722974                       0
   1563 x1563        0.096363801                       0
   1564 x1564         0.10427937                       0
   1565 x1565        0.088630349                       0
   1566 x1566           0.103488                       0
   1567 x1567         0.12077905                       0
   1568 x1568         0.11706528                       0
   1569 x1569          0.1169021                       0
   1570 x1570         0.10224259                       0
   1571 x1571        0.097105389                       0
   1572 x1572         0.10279592                       0
   1573 x1573        0.098070962                       0
   1574 x1574        0.094022537                       0
   1575 x1575         0.11482686                       0
   1576 x1576        0.097085289                       0
   1577 x1577        0.096987934                       0
   1578 x1578         0.11214962                       0
   1579 x1579         0.10189653                       0
   1580 x1580        0.087454363                       0
   1581 x1581         0.12921699                       0
   1582 x1582        0.093237892                       0
   1583 x1583         0.10849562                       0
   1584 x1584        0.092208482                       0
   1585 x1585        0.094998519                       0
   1586 x1586         0.10378276                       0
   1587 x1587         0.10157147                       0
   1588 x1588        0.096971043                       0
   1589 x1589         0.10027692                       0
   1590 x1590        0.090933558                       0
   1591 x1591        0.086913046                       0
   1592 x1592        0.098196231                       0
   1593 x1593         0.10607132                       0
   1594 x1594        0.096875403                       0
   1595 x1595         0.10124181                       0
   1596 x1596         0.11370142                       0
   1597 x1597         0.11110365                       0
   1598 x1598        0.093836248                       0
   1599 x1599        0.092273114                       0
   1600 x1600        0.085443084                       0
   1601 x1601         0.13183885                       0
   1602 x1602          0.1046533                       0
   1603 x1603        0.090888433                       0
   1604 x1604        0.086245356                       0
   1605 x1605        0.079527724                       0
   1606 x1606        0.092220561                       0
   1607 x1607         0.09741665                       0
   1608 x1608         0.10049541                       0
   1609 x1609        0.094654363                       0
   1610 x1610        0.086550417                       0
   1611 x1611        0.091265681                       0
   1612 x1612        0.094623944                       0
   1613 x1613         0.10168781                       0
   1614 x1614        0.092764408                       0
   1615 x1615        0.097339874                       0
   1616 x1616         0.12319417                       0
   1617 x1617         0.11074567                       0
   1618 x1618         0.11022019                       0
   1619 x1619         0.10538884                       0
   1620 x1620         0.10029231                       0
   1621 x1621        0.097500318                       0
   1622 x1622         0.09836226                       0
   1623 x1623          0.0914321                       0
   1624 x1624         0.10956332                       0
   1625 x1625        0.095474583                       0
   1626 x1626        0.098863589                       0
   1627 x1627         0.11369705                       0
   1628 x1628         0.10522256                       0
   1629 x1629        0.083474294                       0
   1630 x1630         0.12662299                       0
   1631 x1631        0.091851406                       0
   1632 x1632         0.10979041                       0
   1633 x1633        0.092903155                       0
   1634 x1634        0.089551896                       0
   1635 x1635         0.10302939                       0
   1636 x1636        0.097482475                       0
   1637 x1637        0.096930348                       0
   1638 x1638        0.097170412                       0
   1639 x1639        0.091181772                       0
   1640 x1640        0.083289444                       0
   1641 x1641        0.094098771                       0
   1642 x1642         0.10414522                       0
   1643 x1643        0.095061236                       0
   1644 x1644         0.10303523                       0
   1645 x1645         0.11673362                       0
   1646 x1646        0.099553548                       0
   1647 x1647        0.071721942                       0
   1648 x1648        0.069540965                       0
   1649 x1649        0.066207324                       0
   1650 x1650         0.11699808                       0
   1651 x1651         0.08594726                       0
   1652 x1652        0.070987005                       0
   1653 x1653        0.067613398                       0
   1654 x1654        0.063024982                       0
   1655 x1655        0.072277277                       0
   1656 x1656        0.074306855                       0
   1657 x1657        0.090104989                       0
   1658 x1658        0.074473593                       0
   1659 x1659        0.070736397                       0
   1660 x1660        0.075697788                       0
   1661 x1661        0.075499626                       0
   1662 x1662        0.082151493                       0
   1663 x1663        0.079423243                       0
   1664 x1664        0.075978072                       0
   1665 x1665         0.11436571                       0
   1666 x1666        0.080947809                       0
   1667 x1667        0.084624917                       0
   1668 x1668        0.089694919                       0
   1669 x1669        0.088347786                       0
   1670 x1670         0.07819541                       0
   1671 x1671        0.077587032                       0
   1672 x1672        0.070132476                       0
   1673 x1673         0.11097757                       0
   1674 x1674        0.076034004                       0
   1675 x1675         0.08834661                       0
   1676 x1676        0.084489026                       0
   1677 x1677        0.083260993                       0
   1678 x1678        0.067985204                       0
   1679 x1679         0.11042171                       0
   1680 x1680        0.069638321                       0
   1681 x1681         0.09082154                       0
   1682 x1682        0.073814469                       0
   1683 x1683        0.067938983                       0
   1684 x1684        0.090198459                       0
   1685 x1685        0.072337132                       0
   1686 x1686        0.074569627                       0
   1687 x1687        0.073819216                       0
   1688 x1688         0.07004833                       0
   1689 x1689        0.063024982                       0
   1690 x1690        0.072125854                       0
   1691 x1691        0.089538235                       0
   1692 x1692        0.073619786                       0
   1693 x1693        0.084049669                       0
   1694 x1694        0.090751177                       0
   1695 x1695         0.07583724                       0
   1696 x1696         0.09408485                       0
   1697 x1697        0.099694483                       0
   1698 x1698        0.091980389                       0
   1699 x1699          0.1255609                       0
   1700 x1700         0.10728061                       0
   1701 x1701        0.099208633                       0
   1702 x1702        0.099289206                       0
   1703 x1703         0.09501443                       0
   1704 x1704        0.092533493                       0
   1705 x1705        0.094637739                       0
   1706 x1706        0.093096642                       0
   1707 x1707         0.10236163                       0
   1708 x1708        0.097919324                       0
   1709 x1709        0.092399262                       0
   1710 x1710         0.10764985                       0
   1711 x1711        0.097109847                       0
   1712 x1712        0.092324088                       0
   1713 x1713        0.097163592                       0
   1714 x1714         0.13159855                       0
   1715 x1715         0.12918256                       0
   1716 x1716         0.12549371                       0
   1717 x1717        0.094297334                       0
   1718 x1718        0.088339505                       0
   1719 x1719          0.1087281                       0
   1720 x1720        0.098393715                       0
   1721 x1721         0.10350785                       0
   1722 x1722        0.099773354                       0
   1723 x1723         0.10813378                       0
   1724 x1724        0.099489066                       0
   1725 x1725         0.11285104                       0
   1726 x1726        0.093990627                       0
   1727 x1727        0.091231759                       0
   1728 x1728         0.12534098                       0
   1729 x1729        0.090832818                       0
   1730 x1730        0.096066955                       0
   1731 x1731        0.090427809                       0
   1732 x1732         0.10315487                       0
   1733 x1733         0.10760313                       0
   1734 x1734         0.10967728                       0
   1735 x1735         0.10238691                       0
   1736 x1736         0.11128172                       0
   1737 x1737         0.09277887                       0
   1738 x1738        0.094527019                       0
   1739 x1739         0.10879089                       0
   1740 x1740         0.10251313                       0
   1741 x1741         0.10169073                       0
   1742 x1742        0.096603183                       0
   1743 x1743         0.11603159                       0
   1744 x1744         0.10642515                       0
   1745 x1745         0.10377228                       0
   1746 x1746         0.10704975                       0
   1747 x1747        0.096595501                       0
   1748 x1748         0.13823919                       0
   1749 x1749         0.11628041                       0
   1750 x1750          0.1104036                       0
   1751 x1751         0.10308299                       0
   1752 x1752        0.092645395                       0
   1753 x1753         0.10017422                       0
   1754 x1754         0.10520455                       0
   1755 x1755         0.10168098                       0
   1756 x1756         0.10844886                       0
   1757 x1757         0.10115163                       0
   1758 x1758          0.1021902                       0
   1759 x1759         0.10616405                       0
   1760 x1760         0.10715783                       0
   1761 x1761        0.091070288                       0
   1762 x1762         0.10417229                       0
   1763 x1763          0.1210326                       0
   1764 x1764         0.12623947                       0
   1765 x1765          0.1253771                       0
   1766 x1766         0.10255345                       0
   1767 x1767         0.10017579                       0
   1768 x1768          0.1178151                       0
   1769 x1769         0.10538941                       0
   1770 x1770         0.10209602                       0
   1771 x1771         0.10842812                       0
   1772 x1772         0.10427922                       0
   1773 x1773         0.10460183                       0
   1774 x1774         0.12046406                       0
   1775 x1775         0.10527851                       0
   1776 x1776        0.095479719                       0
   1777 x1777         0.13248056                       0
   1778 x1778        0.099308737                       0
   1779 x1779         0.10653128                       0
   1780 x1780         0.10052529                       0
   1781 x1781         0.10279296                       0
   1782 x1782         0.10872461                       0
   1783 x1783         0.12123119                       0
   1784 x1784          0.1056293                       0
   1785 x1785         0.11351565                       0
   1786 x1786        0.098832361                       0
   1787 x1787        0.096908681                       0
   1788 x1788          0.1121468                       0
   1789 x1789         0.10596503                       0
   1790 x1790         0.10367679                       0
   1791 x1791         0.10531296                       0
   1792 x1792         0.11919313                       0
   1793 x1793         0.11427566                       0
   1794 x1794        0.074622783                       0
   1795 x1795        0.075183473                       0
   1796 x1796        0.074220486                       0
   1797 x1797         0.10812135                       0
   1798 x1798         0.09197904                       0
   1799 x1799        0.076856293                       0
   1800 x1800        0.075653268                       0
   1801 x1801         0.07632778                       0
   1802 x1802        0.062012344                       0
   1803 x1803        0.076273135                       0
   1804 x1804        0.080317876                       0
   1805 x1805        0.077710002                       0
   1806 x1806        0.078715431                       0
   1807 x1807        0.076706487                       0
   1808 x1808         0.08655685                       0
   1809 x1809        0.076834981                       0
   1810 x1810        0.079536727                       0
   1811 x1811        0.077460191                       0
   1812 x1812         0.13014008                       0
   1813 x1813        0.094151584                       0
   1814 x1814         0.10155993                       0
   1815 x1815        0.084380827                       0
   1816 x1816        0.084024796                       0
   1817 x1817        0.088163493                       0
   1818 x1818        0.077438828                       0
   1819 x1819        0.079414674                       0
   1820 x1820         0.10251707                       0
   1821 x1821        0.089891095                       0
   1822 x1822        0.084173419                       0
   1823 x1823        0.088334328                       0
   1824 x1824        0.078526798                       0
   1825 x1825        0.071250706                       0
   1826 x1826         0.11649856                       0
   1827 x1827        0.071371613                       0
   1828 x1828        0.090891859                       0
   1829 x1829        0.069874021                       0
   1830 x1830         0.07891394                       0
   1831 x1831        0.079463427                       0
   1832 x1832        0.085413055                       0
   1833 x1833        0.082781121                       0
   1834 x1834        0.083775583                       0
   1835 x1835        0.075268086                       0
   1836 x1836        0.073257317                       0
   1837 x1837        0.080920206                       0
   1838 x1838        0.091318634                       0
   1839 x1839        0.083584779                       0
   1840 x1840        0.079425169                       0
   1841 x1841        0.098891318                       0
   1842 x1842        0.079175267                       0
   1843 x1843        0.090828796                       0
   1844 x1844        0.090678379                       0
   1845 x1845        0.081491521                       0
   1846 x1846         0.13548471                       0
   1847 x1847         0.10045566                       0
   1848 x1848        0.092615079                       0
   1849 x1849        0.088437421                       0
   1850 x1850        0.078752072                       0
   1851 x1851        0.091914895                       0
   1852 x1852        0.091557007                       0
   1853 x1853        0.096764219                       0
   1854 x1854         0.09401475                       0
   1855 x1855        0.088088607                       0
   1856 x1856        0.093093777                       0
   1857 x1857        0.091039554                       0
   1858 x1858        0.098764774                       0
   1859 x1859        0.086355099                       0
   1860 x1860        0.097038156                       0
   1861 x1861         0.10917027                       0
   1862 x1862         0.11172726                       0
   1863 x1863         0.10903506                       0
   1864 x1864        0.097450796                       0
   1865 x1865        0.093845944                       0
   1866 x1866        0.094833044                       0
   1867 x1867        0.094027009                       0
   1868 x1868        0.083184072                       0
   1869 x1869         0.10619615                       0
   1870 x1870        0.091703356                       0
   1871 x1871        0.091126364                       0
   1872 x1872         0.10806587                       0
   1873 x1873        0.099446583                       0
   1874 x1874        0.084326038                       0
   1875 x1875         0.11495948                       0
   1876 x1876        0.091637673                       0
   1877 x1877        0.097593928                       0
   1878 x1878        0.091320949                       0
   1879 x1879        0.087753756                       0
   1880 x1880         0.10472463                       0
   1881 x1881        0.096283623                       0
   1882 x1882        0.094947269                       0
   1883 x1883        0.094216419                       0
   1884 x1884        0.086674653                       0
   1885 x1885        0.082714194                       0
   1886 x1886        0.090875471                       0
   1887 x1887          0.1005827                       0
   1888 x1888        0.088726337                       0
   1889 x1889         0.10081538                       0
   1890 x1890          0.1061498                       0
   1891 x1891         0.10353969                       0
   1892 x1892        0.068494995                       0
   1893 x1893        0.069230563                       0
   1894 x1894        0.066751408                       0
   1895 x1895         0.10499835                       0
   1896 x1896        0.085073485                       0
   1897 x1897        0.067902034                       0
   1898 x1898        0.064949944                       0
   1899 x1899        0.062152047                       0
   1900 x1900        0.069516284                       0
   1901 x1901        0.065216588                       0
   1902 x1902        0.090302732                       0
   1903 x1903        0.074143759                       0
   1904 x1904         0.06848144                       0
   1905 x1905        0.070605913                       0
   1906 x1906         0.06938121                       0
   1907 x1907        0.078654943                       0
   1908 x1908        0.066196442                       0
   1909 x1909        0.073793497                       0
   1910 x1910         0.10898817                       0
   1911 x1911        0.077209208                       0
   1912 x1912        0.075533237                       0
   1913 x1913        0.080977679                       0
   1914 x1914        0.086759376                       0
   1915 x1915        0.073338568                       0
   1916 x1916        0.070528241                       0
   1917 x1917         0.07076915                       0
   1918 x1918         0.10796971                       0
   1919 x1919        0.072825275                       0
   1920 x1920        0.078766761                       0
   1921 x1921        0.081929979                       0
   1922 x1922        0.072964671                       0
   1923 x1923         0.06554807                       0
   1924 x1924         0.11567873                       0
   1925 x1925        0.063640797                       0
   1926 x1926         0.08730787                       0
   1927 x1927         0.06870808                       0
   1928 x1928        0.065265598                       0
   1929 x1929        0.078175696                       0
   1930 x1930        0.069939449                       0
   1931 x1931        0.069935853                       0
   1932 x1932        0.073293781                       0
   1933 x1933        0.066499419                       0
   1934 x1934        0.062550037                       0
   1935 x1935        0.071661951                       0
   1936 x1936        0.078692322                       0
   1937 x1937        0.069662857                       0
   1938 x1938        0.075117267                       0
   1939 x1939          0.0816269                       0
   1940 x1940        0.080526129                       0
   1941 x1941        0.083930336                       0
   1942 x1942        0.090696543                       0
   1943 x1943        0.082886126                       0
   1944 x1944         0.12511488                       0
   1945 x1945        0.092515156                       0
   1946 x1946        0.089029223                       0
   1947 x1947        0.085455036                       0
   1948 x1948        0.080557155                       0
   1949 x1949        0.083543186                       0
   1950 x1950        0.088287673                       0
   1951 x1951        0.092526127                       0
   1952 x1952        0.086922956                       0
   1953 x1953        0.088827367                       0
   1954 x1954        0.086435771                       0
   1955 x1955        0.090695409                       0
   1956 x1956          0.0892932                       0
   1957 x1957        0.086663909                       0
   1958 x1958        0.089752141                       0
   1959 x1959         0.11726895                       0
   1960 x1960         0.11224956                       0
   1961 x1961         0.10933981                       0
   1962 x1962        0.091639983                       0
   1963 x1963        0.085413197                       0
   1964 x1964         0.09850223                       0
   1965 x1965        0.089170647                       0
   1966 x1966        0.085284772                       0
   1967 x1967        0.096471346                       0
   1968 x1968        0.097446961                       0
   1969 x1969         0.09431334                       0
   1970 x1970         0.10231547                       0
   1971 x1971        0.089662654                       0
   1972 x1972        0.084247839                       0
   1973 x1973         0.11692441                       0
   1974 x1974        0.085738157                       0
   1975 x1975        0.092463712                       0
   1976 x1976        0.087353171                       0
   1977 x1977         0.08474606                       0
   1978 x1978        0.096077201                       0
   1979 x1979        0.095742255                       0
   1980 x1980         0.09155191                       0
   1981 x1981        0.094812147                       0
   1982 x1982        0.083249512                       0
   1983 x1983        0.077935206                       0
   1984 x1984         0.09809382                       0
   1985 x1985        0.098956793                       0
   1986 x1986        0.091794802                       0
   1987 x1987        0.089670743                       0
   1988 x1988        0.096612261                       0
   1989 x1989        0.098138902                       0
   1990 x1990        0.077468055                       0
   1991 x1991         0.08541873                       0
   1992 x1992         0.07840638                       0
   1993 x1993         0.12447649                       0
   1994 x1994         0.10049789                       0
   1995 x1995        0.085034822                       0
   1996 x1996        0.078852884                       0
   1997 x1997        0.073178846                       0
   1998 x1998        0.082770051                       0
   1999 x1999        0.085303225                       0
   2000 x2000        0.094209195                       0
   2001 x2001        0.085559179                       0
   2002 x2002        0.080231368                       0
   2003 x2003        0.086629812                       0
   2004 x2004        0.083709299                       0
   2005 x2005        0.093422302                       0
   2006 x2006        0.083027103                       0
   2007 x2007        0.083131454                       0
   2008 x2008         0.12064983                       0
   2009 x2009         0.10310796                       0
   2010 x2010         0.10207931                       0
   2011 x2011         0.09447563                       0
   2012 x2012        0.090500922                       0
   2013 x2013        0.090459761                       0
   2014 x2014         0.08966068                       0
   2015 x2015        0.081254711                       0
   2016 x2016         0.11640618                       0
   2017 x2017         0.08850041                       0
   2018 x2018        0.091618981                       0
   2019 x2019        0.099901156                       0
   2020 x2020        0.083678133                       0
   2021 x2021        0.072566791                       0
   2022 x2022         0.12537505                       0
   2023 x2023        0.072666791                       0
   2024 x2024        0.097954967                       0
   2025 x2025        0.074437908                       0
   2026 x2026        0.079126772                       0
   2027 x2027        0.089392794                       0
   2028 x2028        0.072566791                       0
   2029 x2029        0.090251813                       0
   2030 x2030        0.084297127                       0
   2031 x2031          0.0814059                       0
   2032 x2032        0.072823668                       0
   2033 x2033        0.086346089                       0
   2034 x2034        0.097984254                       0
   2035 x2035        0.083446865                       0
   2036 x2036        0.092261852                       0
   2037 x2037         0.10296649                       0
   2038 x2038        0.092134696                       0
   2039 x2039        0.080404781                       0
   2040 x2040        0.077909513                       0
   2041 x2041         0.07604113                       0
   2042 x2042         0.11041273                       0
   2043 x2043        0.089191523                       0
   2044 x2044        0.077824575                       0
   2045 x2045        0.071913025                       0
   2046 x2046        0.068915118                       0
   2047 x2047        0.078953924                       0
   2048 x2048        0.081373053                       0
   2049 x2049        0.088745542                       0
   2050 x2050        0.079966669                       0
   2051 x2051        0.075193011                       0
   2052 x2052        0.078985685                       0
   2053 x2053        0.076177012                       0
   2054 x2054        0.085843186                       0
   2055 x2055        0.076657641                       0
   2056 x2056        0.080127569                       0
   2057 x2057         0.10576552                       0
   2058 x2058        0.091983844                       0
   2059 x2059        0.088253392                       0
   2060 x2060        0.088101641                       0
   2061 x2061        0.084082588                       0
   2062 x2062        0.087266305                       0
   2063 x2063         0.08294812                       0
   2064 x2064        0.076605742                       0
   2065 x2065         0.09720927                       0
   2066 x2066        0.082275688                       0
   2067 x2067        0.088208236                       0
   2068 x2068        0.091672112                       0
   2069 x2069        0.083009364                       0
   2070 x2070        0.071728913                       0
   2071 x2071         0.11001303                       0
   2072 x2072        0.074892699                       0
   2073 x2073        0.090281164                       0
   2074 x2074        0.075937362                       0
   2075 x2075        0.074728499                       0
   2076 x2076        0.090982443                       0
   2077 x2077        0.083470832                       0
   2078 x2078        0.081314539                       0
   2079 x2079        0.080584027                       0
   2080 x2080        0.075929474                       0
   2081 x2081        0.069459586                       0
   2082 x2082        0.081851889                       0
   2083 x2083        0.090594812                       0
   2084 x2084        0.080530533                       0
   2085 x2085         0.08667842                       0
   2086 x2086        0.091360967                       0
   2087 x2087        0.083003999                       0
   2088 x2088        0.095079743                       0
   2089 x2089         0.10044138                       0
   2090 x2090        0.093287341                       0
   2091 x2091         0.13692881                       0
   2092 x2092         0.11286507                       0
   2093 x2093        0.099393109                       0
   2094 x2094         0.10076397                       0
   2095 x2095        0.094711667                       0
   2096 x2096        0.092672464                       0
   2097 x2097        0.098932707                       0
   2098 x2098        0.095491842                       0
   2099 x2099         0.10544855                       0
   2100 x2100        0.096242916                       0
   2101 x2101          0.0903293                       0
   2102 x2102         0.10966637                       0
   2103 x2103         0.10454426                       0
   2104 x2104        0.094908047                       0
   2105 x2105        0.099688742                       0
   2106 x2106         0.13104544                       0
   2107 x2107         0.13068415                       0
   2108 x2108         0.12358775                       0
   2109 x2109         0.10021094                       0
   2110 x2110         0.09584306                       0
   2111 x2111         0.11003501                       0
   2112 x2112         0.10169405                       0
   2113 x2113         0.10204851                       0
   2114 x2114          0.1043173                       0
   2115 x2115         0.10874679                       0
   2116 x2116         0.10079181                       0
   2117 x2117          0.1160833                       0
   2118 x2118         0.10284584                       0
   2119 x2119         0.08985713                       0
   2120 x2120         0.13251549                       0
   2121 x2121        0.092839181                       0
   2122 x2122         0.10266942                       0
   2123 x2123        0.093040332                       0
   2124 x2124         0.10254091                       0
   2125 x2125         0.10547983                       0
   2126 x2126         0.10640046                       0
   2127 x2127         0.10504601                       0
   2128 x2128         0.11233764                       0
   2129 x2129        0.096417439                       0
   2130 x2130        0.094068036                       0
   2131 x2131         0.10365954                       0
   2132 x2132         0.10100484                       0
   2133 x2133         0.10265225                       0
   2134 x2134         0.10171235                       0
   2135 x2135         0.11859253                       0
   2136 x2136         0.10825072                       0
   2137 x2137        0.095368841                       0
   2138 x2138        0.092850945                       0
   2139 x2139        0.087861319                       0
   2140 x2140          0.1207292                       0
   2141 x2141         0.10254842                       0
   2142 x2142        0.092814939                       0
   2143 x2143        0.090457133                       0
   2144 x2144        0.084844171                       0
   2145 x2145        0.092277907                       0
   2146 x2146        0.095074492                       0
   2147 x2147         0.10007293                       0
   2148 x2148        0.093914106                       0
   2149 x2149        0.090900509                       0
   2150 x2150        0.090529361                       0
   2151 x2151        0.096162767                       0
   2152 x2152        0.096967632                       0
   2153 x2153        0.092107848                       0
   2154 x2154        0.096140838                       0
   2155 x2155         0.13092628                       0
   2156 x2156         0.11067382                       0
   2157 x2157         0.11331447                       0
   2158 x2158        0.099100085                       0
   2159 x2159        0.092264072                       0
   2160 x2160         0.10521658                       0
   2161 x2161        0.094427126                       0
   2162 x2162        0.096660616                       0
   2163 x2163         0.10337858                       0
   2164 x2164         0.09851347                       0
   2165 x2165        0.097039777                       0
   2166 x2166         0.11399502                       0
   2167 x2167        0.098287195                       0
   2168 x2168        0.083541864                       0
   2169 x2169         0.12606296                       0
   2170 x2170        0.090259762                       0
   2171 x2171         0.10545677                       0
   2172 x2172        0.089885153                       0
   2173 x2173        0.093216753                       0
   2174 x2174         0.10806253                       0
   2175 x2175         0.10115977                       0
   2176 x2176        0.098371735                       0
   2177 x2177        0.098112723                       0
   2178 x2178        0.089158537                       0
   2179 x2179        0.088253177                       0
   2180 x2180        0.097092334                       0
   2181 x2181         0.10390525                       0
   2182 x2182        0.098931529                       0
   2183 x2183        0.097735404                       0
   2184 x2184         0.11258238                       0
   2185 x2185         0.09939972                       0
   2186 x2186        0.075699668                       0
   2187 x2187        0.076618955                       0
   2188 x2188        0.073795509                       0
   2189 x2189         0.12066699                       0
   2190 x2190        0.088043438                       0
   2191 x2191        0.076471321                       0
   2192 x2192        0.070641466                       0
   2193 x2193        0.068564467                       0
   2194 x2194        0.079425401                       0
   2195 x2195        0.081399226                       0
   2196 x2196        0.092313441                       0
   2197 x2197        0.080630254                       0
   2198 x2198        0.075648013                       0
   2199 x2199        0.076892917                       0
   2200 x2200        0.074235828                       0
   2201 x2201        0.088955764                       0
   2202 x2202        0.078902133                       0
   2203 x2203         0.08177357                       0
   2204 x2204          0.1072166                       0
   2205 x2205        0.089346293                       0
   2206 x2206        0.089796153                       0
   2207 x2207        0.093434089                       0
   2208 x2208        0.090803792                       0
   2209 x2209        0.083174593                       0
   2210 x2210         0.08026041                       0
   2211 x2211        0.076327241                       0
   2212 x2212         0.11279201                       0
   2213 x2213        0.082922477                       0
   2214 x2214        0.094367608                       0
   2215 x2215        0.090274786                       0
   2216 x2216        0.087839376                       0
   2217 x2217        0.070238116                       0
   2218 x2218         0.11414723                       0
   2219 x2219        0.075072009                       0
   2220 x2220         0.09486275                       0
   2221 x2221        0.078381042                       0
   2222 x2222        0.068805013                       0
   2223 x2223        0.093326734                       0
   2224 x2224        0.076043274                       0
   2225 x2225        0.078322936                       0
   2226 x2226        0.077189956                       0
   2227 x2227        0.075532015                       0
   2228 x2228        0.067167799                       0
   2229 x2229        0.080084102                       0
   2230 x2230        0.092976328                       0
   2231 x2231        0.080745237                       0
   2232 x2232        0.088924905                       0
   2233 x2233        0.085682634                       0
   2234 x2234        0.089213845                       0
   2235 x2235         0.09270542                       0
   2236 x2236         0.10117137                       0
   2237 x2237        0.098186144                       0
   2238 x2238         0.11515065                       0
   2239 x2239         0.10977471                       0
   2240 x2240         0.10100791                       0
   2241 x2241         0.10883389                       0
   2242 x2242         0.10228289                       0
   2243 x2243        0.088834165                       0
   2244 x2244        0.096106985                       0
   2245 x2245        0.090973378                       0
   2246 x2246         0.10935612                       0
   2247 x2247         0.10445309                       0
   2248 x2248         0.08879089                       0
   2249 x2249         0.11685725                       0
   2250 x2250        0.091026012                       0
   2251 x2251        0.092153312                       0
   2252 x2252        0.098318466                       0
   2253 x2253         0.14770034                       0
   2254 x2254         0.13663755                       0
   2255 x2255          0.1352113                       0
   2256 x2256        0.090242279                       0
   2257 x2257        0.089525771                       0
   2258 x2258         0.11669222                       0
   2259 x2259         0.10180347                       0
   2260 x2260         0.11697522                       0
   2261 x2261        0.094674644                       0
   2262 x2262         0.11617398                       0
   2263 x2263         0.10580233                       0
   2264 x2264         0.11748025                       0
   2265 x2265        0.096185588                       0
   2266 x2266        0.093993405                       0
   2267 x2267         0.12861094                       0
   2268 x2268        0.088311083                       0
   2269 x2269        0.097998851                       0
   2270 x2270        0.089082197                       0
   2271 x2271         0.11559844                       0
   2272 x2272         0.11022479                       0
   2273 x2273         0.11785638                       0
   2274 x2274         0.10948795                       0
   2275 x2275         0.12301014                       0
   2276 x2276        0.099966878                       0
   2277 x2277         0.10712445                       0
   2278 x2278          0.1173898                       0
   2279 x2279         0.10370507                       0
   2280 x2280          0.1115021                       0
   2281 x2281        0.092511985                       0
   2282 x2282         0.12587642                       0
   2283 x2283        0.097411979                       0
   2284 x2284        0.087073162                       0
   2285 x2285        0.085311239                       0
   2286 x2286        0.079704536                       0
   2287 x2287         0.11563383                       0
   2288 x2288         0.10357598                       0
   2289 x2289        0.084884841                       0
   2290 x2290        0.074614684                       0
   2291 x2291         0.07293399                       0
   2292 x2292        0.078226204                       0
   2293 x2293        0.091495878                       0
   2294 x2294        0.079990189                       0
   2295 x2295        0.087098131                       0
   2296 x2296        0.078093173                       0
   2297 x2297        0.077171638                       0
   2298 x2298        0.088756637                       0
   2299 x2299        0.089588351                       0
   2300 x2300          0.0828459                       0
   2301 x2301        0.079385578                       0
   2302 x2302         0.11286254                       0
   2303 x2303        0.098359348                       0
   2304 x2304         0.10473294                       0
   2305 x2305         0.10072344                       0
   2306 x2306        0.093059219                       0
   2307 x2307        0.092809198                       0
   2308 x2308         0.08995674                       0
   2309 x2309         0.08338706                       0
   2310 x2310         0.10557793                       0
   2311 x2311        0.085829203                       0
   2312 x2312        0.085927734                       0
   2313 x2313        0.099690325                       0
   2314 x2314        0.088079661                       0
   2315 x2315         0.06758804                       0
   2316 x2316         0.12641351                       0
   2317 x2317        0.073499988                       0
   2318 x2318         0.10334212                       0
   2319 x2319         0.07657195                       0
   2320 x2320         0.07841468                       0
   2321 x2321        0.082217391                       0
   2322 x2322        0.081463934                       0
   2323 x2323        0.080641155                       0
   2324 x2324         0.08826872                       0
   2325 x2325        0.087727857                       0
   2326 x2326        0.075161909                       0
   2327 x2327        0.078368554                       0
   2328 x2328        0.090688531                       0
   2329 x2329        0.089438041                       0
   2330 x2330        0.096422949                       0
   2331 x2331         0.10716212                       0
   2332 x2332        0.088568473                       0
   2333 x2333        0.063405846                       0
   2334 x2334        0.067725889                       0
   2335 x2335        0.060128129                       0
   2336 x2336         0.10581485                       0
   2337 x2337        0.077780519                       0
   2338 x2338        0.063058462                       0
   2339 x2339        0.059873402                       0
   2340 x2340           0.054662                       0
   2341 x2341        0.065935987                       0
   2342 x2342        0.059891084                       0
   2343 x2343         0.08158937                       0
   2344 x2344        0.068973791                       0
   2345 x2345          0.0624707                       0
   2346 x2346        0.069257889                       0
   2347 x2347        0.060725134                       0
   2348 x2348        0.071384922                       0
   2349 x2349        0.061704252                       0
   2350 x2350        0.071543207                       0
   2351 x2351        0.093680356                       0
   2352 x2352        0.071991967                       0
   2353 x2353        0.078198641                       0
   2354 x2354        0.075142214                       0
   2355 x2355        0.081730844                       0
   2356 x2356        0.067260572                       0
   2357 x2357        0.067464007                       0
   2358 x2358        0.063094981                       0
   2359 x2359         0.10872102                       0
   2360 x2360         0.06437828                       0
   2361 x2361        0.082559505                       0
   2362 x2362        0.075013765                       0
   2363 x2363        0.069085915                       0
   2364 x2364        0.061448815                       0
   2365 x2365         0.10006881                       0
   2366 x2366        0.064081741                       0
   2367 x2367        0.081276052                       0
   2368 x2368        0.063902948                       0
   2369 x2369         0.05780591                       0
   2370 x2370        0.076616269                       0
   2371 x2371        0.062201881                       0
   2372 x2372        0.062786777                       0
   2373 x2373        0.063230047                       0
   2374 x2374        0.060810725                       0
   2375 x2375        0.058883313                       0
   2376 x2376        0.063556998                       0
   2377 x2377        0.079097579                       0
   2378 x2378        0.062183461                       0
   2379 x2379        0.070666954                       0
   2380 x2380        0.074392578                       0
   2381 x2381        0.076479961                       0
   2382 x2382        0.094437088                       0
   2383 x2383        0.091064962                       0
   2384 x2384        0.083950374                       0
   2385 x2385         0.11840031                       0
   2386 x2386         0.10001872                       0
   2387 x2387        0.090736018                       0
   2388 x2388        0.083378127                       0
   2389 x2389        0.080224634                       0
   2390 x2390        0.088315324                       0
   2391 x2391        0.094419196                       0
   2392 x2392        0.096378584                       0
   2393 x2393         0.08907026                       0
   2394 x2394         0.08598513                       0
   2395 x2395        0.089393721                       0
   2396 x2396        0.082944542                       0
   2397 x2397        0.093723834                       0
   2398 x2398         0.08489886                       0
   2399 x2399        0.093882574                       0
   2400 x2400          0.1148236                       0
   2401 x2401         0.10887271                       0
   2402 x2402         0.11128619                       0
   2403 x2403        0.090716245                       0
   2404 x2404        0.092896186                       0
   2405 x2405         0.10087423                       0
   2406 x2406        0.094205013                       0
   2407 x2407        0.088555397                       0
   2408 x2408        0.099787587                       0
   2409 x2409        0.095084266                       0
   2410 x2410        0.094799441                       0
   2411 x2411         0.10928699                       0
   2412 x2412        0.093389641                       0
   2413 x2413        0.081551039                       0
   2414 x2414         0.12037967                       0
   2415 x2415        0.090171972                       0
   2416 x2416         0.10246019                       0
   2417 x2417        0.087304515                       0
   2418 x2418        0.087186263                       0
   2419 x2419         0.10102954                       0
   2420 x2420        0.098321953                       0
   2421 x2421        0.096814145                       0
   2422 x2422        0.092134377                       0
   2423 x2423        0.084636318                       0
   2424 x2424        0.080324634                       0
   2425 x2425        0.094900338                       0
   2426 x2426        0.097777238                       0
   2427 x2427        0.092852879                       0
   2428 x2428        0.093748697                       0
   2429 x2429         0.10684909                       0
   2430 x2430        0.094847066                       0
   2431 x2431        0.085602213                       0
   2432 x2432        0.089740826                       0
   2433 x2433        0.085023108                       0
   2434 x2434         0.11175452                       0
   2435 x2435        0.099289365                       0
   2436 x2436        0.093197905                       0
   2437 x2437        0.093025341                       0
   2438 x2438        0.084796317                       0
   2439 x2439        0.080195143                       0
   2440 x2440        0.088817563                       0
   2441 x2441        0.090872995                       0
   2442 x2442        0.093527929                       0
   2443 x2443        0.091003021                       0
   2444 x2444        0.087251232                       0
   2445 x2445        0.099782081                       0
   2446 x2446        0.084949193                       0
   2447 x2447        0.083062224                       0
   2448 x2448        0.090612187                       0
   2449 x2449          0.1256163                       0
   2450 x2450         0.11460678                       0
   2451 x2451         0.12057967                       0
   2452 x2452        0.088221144                       0
   2453 x2453        0.085354552                       0
   2454 x2454         0.10469315                       0
   2455 x2455        0.090583264                       0
   2456 x2456         0.09606275                       0
   2457 x2457        0.095360439                       0
   2458 x2458        0.099282857                       0
   2459 x2459        0.096581857                       0
   2460 x2460         0.10451014                       0
   2461 x2461        0.086741805                       0
   2462 x2462        0.082005877                       0
   2463 x2463         0.11581592                       0
   2464 x2464        0.084236296                       0
   2465 x2465        0.095239807                       0
   2466 x2466         0.08431267                       0
   2467 x2467        0.092619438                       0
   2468 x2468        0.095287969                       0
   2469 x2469         0.10603976                       0
   2470 x2470        0.095656358                       0
   2471 x2471        0.099459492                       0
   2472 x2472        0.089365913                       0
   2473 x2473        0.085610723                       0
   2474 x2474         0.10139073                       0
   2475 x2475        0.097250627                       0
   2476 x2476        0.095373503                       0
   2477 x2477        0.086500154                       0
   2478 x2478         0.10531866                       0
   2479 x2479        0.093809019                       0
