Stopped on time - objective value 100.00963735
      4 x5                     1                       9
      9 x10                    1                       5
     15 x16                    1                       5
     22 x23                    1                       9
     26 x27                    1                       3
     34 x35                    1                       9
     38 x39                    1                       3
     46 x47                    1                       9
     50 x51                    1                       3
     56 x57                    1                       3
     63 x64                    1                       5
     69 x70                    1                       5
     75 x76                    1                       5
     80 x81                    1                       3
     86 x87                    1                       3
     90 x91                    1                       1
     99 x100                   1                       5
    104 x105                   1                       3
    111 x112                   1                       5
    116 x117                   1                       3
    120 x121                   1                       1
    128 x129                   1                       3
    132 x133                   1             3.02098e-05
    137 x138                   1             1.82849e-05
    147 x148                   1             4.37684e-06
    152 x153                   1             3.79181e-06
    159 x160                   1             1.37768e-05
    164 x165                   1             2.84304e-06
    173 x174                   1              5.7609e-06
    179 x180                   1             2.13038e-05
    183 x184                   1             1.54125e-05
    192 x193                   1              3.4028e-06
    194 x195                   1             2.13914e-06
    198 x199                   1             2.31058e-06
    204 x205                   1             4.71267e-06
    206 x207                   1             2.00174e-06
    217 x218                   1              7.1755e-06
    224 x225                   1             2.61973e-06
    230 x231                   1             6.75753e-06
    232 x233                   1             8.03668e-06
    241 x242                   1             1.86505e-05
    247 x248                   1             1.30724e-06
    259 x260                   1             9.43297e-06
    264 x265                   1             2.06826e-06
    269 x270                   1             9.25137e-06
    270 x271                   1               8.521e-06
    275 x276                   1             5.59951e-06
    295 x296                   1             3.08543e-06
    301 x302                   1             2.56842e-05
    306 x307                   1             2.29323e-05
    312 x313                   1             5.34603e-06
    318 x319                   1             1.72276e-06
    319 x320                   1               1.083e-06
    324 x325                   1             1.30986e-06
    326 x327                   1             4.41229e-06
    329 x330                   1             4.69096e-06
    342 x343                   1             2.63169e-06
    346 x347                   1             2.90528e-06
    357 x358                   1             1.31401e-06
    361 x362                   1             1.17322e-06
    364 x365                   1             1.49502e-06
    375 x376                   1             1.60647e-06
    380 x381                   1             1.58543e-06
    382 x383                   1             2.11156e-06
    385 x386                   1             1.20989e-06
    391 x392                   1             2.61859e-06
    393 x394                   1             3.42661e-06
    403 x404                   1             9.85543e-06
    404 x405                   1             9.07737e-06
    410 x411                   1             5.96513e-06
    420 x421                   1             1.18784e-05
    438 x439                   1             1.20813e-06
    439 x440                   1             1.11275e-06
    448 x449                   1             2.44805e-06
    451 x452                   1             1.45611e-06
    464 x465                   1             2.90213e-06
    465 x466                   1             2.67302e-06
    474 x475                   1             3.49783e-06
    486 x487                   1             1.17122e-06
    490 x491                   1             1.07118e-06
    492 x493                   1             1.08559e-06
    496 x497                   1             1.44585e-06
    500 x501                   1             1.22617e-06
    502 x503                   1             1.63308e-06
    503 x504                   1             1.26722e-06
    508 x509                   1             4.26853e-06
    514 x515                   1              1.4473e-06
    523 x524                   1             2.30498e-06
    527 x528                   1             1.28277e-05
    530 x531                   1              4.3494e-06
    535 x536                   1             1.63664e-06
    538 x539                   1             1.47681e-06
    539 x540                   1             2.45496e-06
    544 x545                   1             3.07423e-06
    546 x547                   1             1.04236e-06
    550 x551                   1             1.63664e-06
    557 x558                   1              2.5482e-06
    558 x559                   1             3.21585e-06
    562 x563                   1             2.41467e-06
    565 x566                   1             1.84716e-06
    567 x568                   1             3.22939e-06
    571 x572                   1             4.22589e-06
    584 x585                   1             5.55455e-06
    589 x590                   1             5.67599e-06
    594 x595                   1             5.06785e-06
    599 x600                   1             6.45789e-06
    605 x606                   1             6.54476e-06
    615 x616                   1             1.58038e-06
    629 x630                   1             1.05058e-06
    634 x635                   1             1.65572e-06
    640 x641                   1             9.66326e-06
    646 x647                   1             1.45611e-06
    649 x650                   1             1.83763e-06
    654 x655                   1             1.91393e-06
    655 x656                   1             1.37981e-06
    657 x658                   1             1.05552e-06
    659 x660                   1             1.63491e-06
    664 x665                   1             5.50707e-06
    673 x674                   1             1.72079e-06
    677 x678                   1             9.57656e-06
    680 x681                   1             1.43759e-06
    687 x688                   1             1.55531e-05
    688 x689                   1             2.58545e-05
    691 x692                   1             1.43759e-06
    693 x694                   1             2.67613e-06
    700 x701                   1             2.65401e-06
    709 x710                   1             5.53164e-06
    710 x711                   1             6.98098e-06
    718 x719                   1             4.00984e-06
    720 x721                   1             3.52451e-06
    725 x726                   1             7.23892e-06
    730 x731                   1             1.19546e-05
    740 x741                   1             1.27966e-06
    745 x746                   1              7.1216e-06
    751 x752                   1             1.84716e-06
    754 x755                   1             1.59655e-06
    755 x756                   1             2.65401e-06
    762 x763                   1             4.06948e-06
    767 x768                   1             1.05552e-06
    770 x771                   1              1.1188e-06
    772 x773                   1             1.29141e-06
    778 x779                   1             1.84761e-06
    792 x793                   1             6.91653e-06
    793 x794                   1             8.72872e-06
    799 x800                   1             2.21219e-06
    801 x802                   1             1.69228e-06
    806 x807                   1             1.37677e-06
    809 x810                   1             3.72764e-06
    815 x816                   1             4.39197e-06
    821 x822                   1             9.66544e-06
    826 x827                   1             8.62985e-06
    830 x831                   1             1.17366e-05
    836 x837                   1             2.00174e-06
    839 x840                   1             2.72237e-06
    846 x847                   1             2.09294e-06
    847 x848                   1             1.31571e-06
    854 x855                   1             1.20903e-06
    856 x857                   1             1.33288e-06
    859 x860                   1             1.41706e-06
    872 x873                   1             1.66961e-06
    877 x878                   1             1.16331e-06
    883 x884                   1             1.14807e-06
    884 x885                   1             1.08711e-06
    885 x886                   1             1.52906e-06
    890 x891                   1             3.25697e-06
    896 x897                   1             1.43469e-06
    905 x906                   1             4.02214e-06
    906 x907                   1             3.80857e-06
    907 x908                   1             5.35692e-06
    916 x917                   1             1.19845e-06
    917 x918                   1             1.24821e-06
    925 x926                   1             5.60757e-06
    926 x927                   1             5.30982e-06
    937 x938                   1             1.17122e-06
    938 x939                   1             1.47809e-06
    942 x943                   1             1.15588e-06
    943 x944                   1              1.0945e-06
    944 x945                   1             1.53946e-06
    948 x949                   1             1.81417e-05
    983 x984                   1              9.0116e-06
    989 x990                   1             3.01693e-05
   1047 x1048                  1             5.17315e-06
   1050 x1051                  1             1.08742e-05
   1119 x1120                  1             8.89852e-06
   1147 x1148                  1             2.45595e-05
   1220 x1221                  1             1.24216e-05
   1254 x1255                  1              7.3736e-06
   1263 x1264                  1             4.10357e-05
   1266 x1267                  1             1.85302e-05
   1283 x1284                  1             1.06436e-05
   1299 x1300                  1             3.38217e-05
   1304 x1305                  1             3.01979e-05
   1337 x1338                  1             7.03982e-06
   1405 x1406                  1             5.99372e-06
   1409 x1410                  1             3.51672e-06
   1412 x1413                  1             5.35153e-06
   1542 x1543                  1             1.59322e-06
   1555 x1556                  1             1.33878e-05
   1560 x1561                  1             1.19534e-05
   1571 x1572                  1              1.5232e-05
   1575 x1576                  1              1.2773e-05
   1642 x1643                  1             1.28728e-05
   1643 x1644                  1             4.60605e-06
   1645 x1646                  1             5.81288e-06
   1660 x1661                  1             3.33888e-06
   1676 x1677                  1              1.5423e-06
   1744 x1745                  1             1.33602e-06
   1756 x1757                  1             3.03527e-06
   1765 x1766                  1             1.68919e-05
   1783 x1784                  1             5.72742e-06
   1895 x1896                  1             3.35554e-06
   1896 x1897                  1             4.23472e-06
   1909 x1910                  1             4.98202e-06
   1912 x1913                  1             7.47431e-06
   1917 x1918                  1             6.67349e-06
   1929 x1930                  1             8.50393e-06
   1935 x1936                  1             8.61834e-06
   2108 x2109                  1             1.27249e-05
   2149 x2150                  1             2.26598e-06
   2158 x2159                  1             1.26107e-05
   2198 x2199                  1             2.04808e-05
   2199 x2200                  1              3.4046e-05
   2236 x2237                  1               3.524e-06
   2301 x2302                  1             7.28423e-06
   2302 x2303                  1             9.19276e-06
   2317 x2318                  1             5.28027e-06
   2349 x2350                  1             4.64118e-06
   2364 x2365                  1              1.6851e-06
   2373 x2374                  1             9.37793e-06
   2393 x2394                  1              2.4324e-06
   2517 x2518                  1             9.10789e-06
   2518 x2519                  1             1.14942e-05
   2565 x2566                  1             4.56428e-06
   2609 x2610                  1             1.81297e-06
   2610 x2611                  1             1.27277e-05
   2615 x2616                  1              1.1364e-05
   2629 x2630                  1             1.54551e-05
   2649 x2650                  1             2.63595e-06
   2662 x2663                  1             3.58489e-06
   2801 x2802                  1             4.28887e-06
   2872 x2873                  1             5.29647e-06
   2873 x2874                  1             5.01524e-06
   2874 x2875                  1             7.05415e-06
   2934 x2935                  1             7.38421e-06
   2935 x2936                  1             6.99213e-06
   2987 x2988                  1             8.81635e-06
   2989 x2990                  1             7.63792e-06
   3018 x3019                  1             5.72679e-06
   3026 x3027                  1             1.16043e-05
   3057 x3058                  1             6.85433e-06
   3059 x3060                  1             4.30891e-06
   3087 x3088                  1             4.65424e-06
   3088 x3089                  1             9.49281e-06
   3090 x3091                  1             4.03214e-06
   3124 x3125                  1             5.27697e-06
   3162 x3163                  1             1.36118e-05
   3188 x3189                  1             1.61884e-05
   3221 x3222                  1             2.55259e-06
   3225 x3226                  1              2.7138e-06
   3227 x3228                  1             2.35107e-06
   3264 x3265                  1              1.9001e-05
   3313 x3314                  1             4.16614e-06
   3385 x3386                  1             6.21503e-06
   3421 x3422                  1             1.07686e-05
   3512 x3513                  1             8.88777e-06
   3515 x3516                  1              9.4491e-06
   3553 x3554                  1             5.30106e-06
   3568 x3569                  1             5.85216e-06
   3652 x3653                  1             3.23595e-06
   3657 x3658                  1             2.64245e-06
   3700 x3701                  1             5.27467e-06
   3712 x3713                  1             6.90229e-06
   3757 x3758                  1             2.43355e-06
   3758 x3759                  1             2.24143e-06
   3767 x3768                  1             4.93115e-06
   3770 x3771                  1             2.93307e-06
   3796 x3797                  1             5.84582e-06
   3797 x3798                  1             5.38431e-06
   3809 x3810                  1             7.04575e-06
   3843 x3844                  1             2.35921e-06
   3925 x3926                  1             2.35107e-06
   3939 x3940                  1             3.88262e-06
   3954 x3955                  1             4.56779e-06
   4125 x4126                  1             5.13288e-06
   4126 x4127                  1             6.47774e-06
   4139 x4140                  1             7.62087e-06
   4144 x4145                  1             7.50866e-06
   4159 x4160                  1             8.28926e-06
   4165 x4166                  1             8.40078e-06
   4358 x4359                  1             3.33514e-06
   4394 x4395                  1             1.94649e-05
   4417 x4418                  1             2.93307e-06
   4420 x4421                  1             3.70157e-06
   4430 x4431                  1             3.85526e-06
   4432 x4433                  1             4.35478e-06
   4436 x4437                  1             3.03324e-06
   4449 x4450                  1             5.00918e-06
   4466 x4467                  1             2.87725e-06
   4498 x4499                  1             3.13289e-05
   4499 x4500                  1             5.20792e-05
   4632 x4633                  1             1.11425e-05
   4633 x4634                  1             1.40619e-05
   4648 x4649                  1             8.07709e-06
   4680 x4681                  1             7.09949e-06
   4708 x4709                  1             1.45815e-05
   4722 x4723                  1             2.40803e-05
   4776 x4777                  1             2.43355e-06
   4777 x4778                  1             2.24143e-06
   4791 x4792                  1             3.70157e-06
   4816 x4817                  1             1.12656e-06
   4822 x4823                  1             2.25361e-06
   4824 x4825                  1             2.60131e-06
   4836 x4837                  1             3.72168e-06
   4898 x4899                  1             1.39321e-05
   4899 x4900                  1             1.75824e-05
   4946 x4947                  1             6.98185e-06
   5004 x5005                  1             2.77325e-06
   5007 x5008                  1             7.50866e-06
   5024 x5025                  1             8.84684e-06
   5045 x5046                  1             4.03214e-06
   5058 x5059                  1             5.48371e-06
   5125 x5126                  1             2.68485e-06
   5128 x5129                  1             2.85442e-06
   5144 x5145                  1             3.36312e-06
   5210 x5211                  1             6.56057e-06
   5248 x5249                  1             2.88992e-06
   5279 x5280                  1             6.70376e-06
   5282 x5283                  1             7.67168e-06
   5349 x5350                  1             1.12954e-05
   5350 x5351                  1             1.06957e-05
   5415 x5416                  1             3.36885e-05
   5419 x5420                  1             2.03904e-05
   5448 x5449                  1             3.17042e-06
   5456 x5457                  1             6.42428e-06
   5488 x5489                  1             7.63144e-06
   5490 x5491                  1             2.55487e-05
   5554 x5555                  1             8.00178e-06
   5592 x5593                  1             7.53568e-06
   5618 x5619                  1             8.96212e-06
   5656 x5657                  1             2.07981e-05
   5692 x5693                  1             1.05192e-05
   5720 x5721                  1             2.30643e-06
   5753 x5754                  1             1.03167e-05
   5754 x5755                  1             9.50221e-06
   5758 x5759                  1             6.24431e-06
   5793 x5794                  1             3.44072e-06
   5825 x5826                  1              2.7765e-05
   5828 x5829                  1             2.95186e-05
   5830 x5831                  1             1.68051e-05
   5888 x5889                  1             4.92038e-06
   5891 x5892                  1             5.23114e-06
   5923 x5924                  1             2.93473e-06
   5938 x5939                  1             3.23983e-06
   6034 x6035                  1             1.34921e-06
   6048 x6049                  1             2.92013e-06
   6060 x6061                  1             3.82119e-06
   6080 x6081                  1             1.09903e-05
   6081 x6082                  1             1.01227e-05
   6086 x6087                  1             6.65203e-06
   6093 x6094                  1             1.32462e-05
   6145 x6146                  1             3.23632e-06
   6146 x6147                  1             2.98082e-06
   6157 x6158                  1             3.90062e-06
   6188 x6189                  1             1.30609e-06
   6250 x6251                  1              1.1314e-06
   6298 x6299                  1              2.5704e-06
   6303 x6304                  1             1.43049e-05
   6321 x6322                  1             4.85024e-06
   6414 x6415                  1             4.15689e-06
   6429 x6430                  1             4.58904e-06
   6435 x6436                  1             4.65077e-06
   6446 x6447                  1             6.13583e-06
   6449 x6450                  1             6.52335e-06
   6452 x6453                  1             3.71379e-06
   6463 x6464                  1             7.20152e-06
   6469 x6470                  1             7.29841e-06
   6543 x6544                  1             1.84637e-06
   6579 x6580                  1              1.0776e-05
   6657 x6658                  1             1.91894e-06
   6662 x6663                  1             1.06793e-05
   6694 x6695                  1             1.73441e-05
   6695 x6696                  1             2.88317e-05
   6722 x6723                  1             2.98429e-06
   6775 x6776                  1             6.16862e-06
   6776 x6777                  1             7.78485e-06
   6791 x6792                  1             4.47158e-06
   6823 x6824                  1             3.93037e-06
   6832 x6833                  1             8.07249e-06
   6846 x6847                  1             1.33311e-05
   7004 x7005                  1             7.71298e-06
   7005 x7006                  1             9.73385e-06
   7095 x7096                  1             4.15689e-06
   7112 x7113                  1             4.89772e-06
   7127 x7128                  1             1.04485e-05
   7130 x7131                  1             1.11084e-05
   7133 x7134                  1             6.32408e-06
   7146 x7147                  1             1.30881e-05
   7269 x7270                  1             3.63202e-06
   7336 x7337                  1             3.71129e-06
   7339 x7340                  1             4.24714e-06
   7393 x7394                  1             6.25329e-06
   7394 x7395                  1             5.92125e-06
   7436 x7437                  1             3.44889e-05
   7441 x7442                  1             2.08749e-05
   7472 x7473                  1             4.99681e-06
   7479 x7480                  1             4.32892e-06
   7510 x7511                  1             1.57283e-05
   7581 x7582                  1              8.1919e-06
   7644 x7645                  1             9.17506e-06
   7686 x7687                  1             2.12923e-05
   7753 x7754                  1             2.36123e-06
   7788 x7789                  1             1.05618e-05
   7789 x7790                  1             9.72798e-06
   7794 x7795                  1             6.39267e-06
   7828 x7829                  1             3.52247e-06
   7865 x7866                  1             2.93223e-05
   7870 x7871                  1             2.61806e-05
   7904 x7905                  1             6.10329e-06
   7937 x7938                  1             5.03729e-06
   7940 x7941                  1             5.35543e-06
   7974 x7975                  1             3.00446e-06
   7991 x7992                  1              3.3168e-06
   8094 x8095                  1             1.38127e-06
   8108 x8109                  1             2.98951e-06
   8122 x8123                  1             3.91198e-06
   8142 x8143                  1             1.12514e-05
   8143 x8144                  1             1.03632e-05
   8149 x8150                  1             6.81008e-06
   8156 x8157                  1             1.35609e-05
   8182 x8183                  1             3.31321e-06
   8183 x8184                  1             3.05165e-06
   8197 x8198                  1              3.9933e-06
   8231 x8232                  1             1.33712e-06
   8295 x8296                  1             1.15828e-06
   8346 x8347                  1             2.63148e-06
   8351 x8352                  1             1.46447e-05
   8369 x8370                  1             4.96548e-06
   8457 x8458                  1             4.25565e-06
   8474 x8475                  1             4.69807e-06
   8480 x8481                  1             4.76128e-06
   8496 x8497                  1             6.47998e-06
   8501 x8502                  1              5.7857e-06
   8509 x8510                  1             7.37263e-06
   8515 x8516                  1             7.47182e-06
   8592 x8593                  1             1.89024e-06
   8630 x8631                  1              1.1032e-05
   8713 x8714                  1             1.96453e-06
   8718 x8719                  1             1.09331e-05
   8804 x8805                  1             6.31519e-06
   8805 x8806                  1             7.96982e-06
   8820 x8821                  1             4.57782e-06
   8854 x8855                  1             4.02375e-06
   8865 x8866                  1              8.2643e-06
   8881 x8882                  1             1.36479e-05
   9026 x9027                  1             7.89625e-06
   9027 x9028                  1             9.96513e-06
   9121 x9122                  1             4.25565e-06
   9140 x9141                  1             5.01409e-06
   9160 x9161                  1             1.10345e-05
   9165 x9166                  1             9.85226e-06
   9175 x9176                  1             1.33991e-05
   9313 x9314                  1             3.71831e-06
   9384 x9385                  1             3.79947e-06
   9387 x9388                  1             4.34805e-06
   9442 x9443                  1             6.40187e-06
   9443 x9444                  1             6.06194e-06
   9489 x9490                  1             3.18067e-05
   9493 x9494                  1             1.92514e-05
   9524 x9525                  1             4.60821e-06
   9528 x9529                  1             3.99226e-06
   9561 x9562                  1             1.45051e-05
   9590 x9591                  1             2.99333e-06
   9599 x9600                  1             6.06543e-06
   9631 x9632                  1             7.20516e-06
   9634 x9635                  1             2.41216e-05
   9694 x9695                  1             8.46151e-06
   9732 x9733                  1             1.96364e-05
   9800 x9801                  1             9.93161e-06
   9825 x9826                  1             2.17759e-06
   9858 x9859                  1             9.74042e-06
   9859 x9860                  1             8.97144e-06
   9863 x9864                  1             5.89551e-06
   9896 x9897                  1             3.24853e-06
   9931 x9932                  1             2.70419e-05
   9933 x9934                  1             2.41446e-05
   9966 x9967                  1             5.62864e-06
  10003 x10004                 1             4.64554e-06
  10006 x10007                 1             4.93894e-06
  10037 x10038                 1              2.7708e-06
  10052 x10053                 1             3.05886e-06
  10144 x10145                 1             1.27385e-06
  10156 x10157                 1             2.75701e-06
  10168 x10169                 1             3.60775e-06
  10188 x10189                 1             1.03764e-05
  10189 x10190                 1             9.55722e-06
  10194 x10195                 1             6.28046e-06
  10201 x10202                 1             1.25063e-05
  10256 x10257                 1             3.05555e-06
  10257 x10258                 1             2.81432e-06
  10268 x10269                 1             3.68274e-06
  10348 x10349                 1              1.0682e-06
  10394 x10395                 1             2.42683e-06
  10399 x10400                 1             1.35058e-05
  10417 x10418                 1             4.57932e-06
  10498 x10499                 1             3.92469e-06
  10513 x10514                 1              4.3327e-06
  10519 x10520                 1             4.39099e-06
  10535 x10536                 1             5.97603e-06
  10537 x10538                 1             5.33574e-06
  10547 x10548                 1             6.79926e-06
  10553 x10554                 1             6.89073e-06
  10620 x10621                 1             1.74324e-06
  10656 x10657                 1             1.01741e-05
  10734 x10735                 1             1.81175e-06
  10739 x10740                 1             1.00828e-05
  10773 x10774                 1             1.63753e-05
  10774 x10775                 1             2.72212e-05
  10796 x10797                 1             2.81759e-06
  10834 x10835                 1             5.82406e-06
  10835 x10836                 1             7.35001e-06
  10850 x10851                 1             4.22181e-06
  10882 x10883                 1             3.71083e-06
  10889 x10890                 1             7.62158e-06
  10903 x10904                 1             1.25865e-05
  11046 x11047                 1             7.28215e-06
  11047 x11048                 1             9.19014e-06
  11135 x11136                 1             3.92469e-06
  11152 x11153                 1             4.62414e-06
  11172 x11173                 1             1.01764e-05
  11174 x11175                 1             9.08605e-06
  11186 x11187                 1              1.2357e-05
  11337 x11338                 1             3.42914e-06
  11404 x11405                 1             3.50398e-06
  11407 x11408                 1              4.0099e-06
  11450 x11451                 1             5.90399e-06
  11451 x11452                 1             5.59051e-06
  11490 x11491                 1             3.94514e-05
  11491 x11492                 1             3.82796e-05
  11496 x11497                 1             3.41782e-05
  11522 x11523                 1             5.37623e-06
  11527 x11528                 1             4.65763e-06
  11556 x11557                 1             1.69226e-05
  11585 x11586                 1             3.71277e-06
  11590 x11591                 1             7.57258e-06
  11593 x11594                 1             3.21651e-06
  11594 x11595                 1             4.76043e-06
  11622 x11623                 1             2.61683e-05
  11627 x11628                 1             1.89318e-05
  11683 x11684                 1             2.83817e-06
  11687 x11688                 1             5.78874e-06
  11689 x11690                 1             2.45881e-06
  11718 x11719                 1             8.81394e-06
  11751 x11752                 1             3.21791e-06
  11786 x11787                 1             8.30053e-06
  11809 x11810                 1             2.54052e-06
  11841 x11842                 1             1.04667e-05
  11843 x11844                 1             1.20815e-05
  11844 x11845                 1             1.17227e-05
  11848 x11849                 1             1.04667e-05
  11873 x11874                 1             3.78994e-06
  11906 x11907                 1             3.15488e-05
  11910 x11911                 1             2.81686e-05
  11940 x11941                 1             6.56673e-06
  11997 x11998                 1              3.2326e-06
  12012 x12013                 1             3.56866e-06
  12102 x12103                 1             1.48615e-06
  12115 x12116                 1             3.21651e-06
  12127 x12128                 1             4.20903e-06
  12150 x12151                 1             1.24881e-05
  12154 x12155                 1             1.11501e-05
  12161 x12162                 1             1.42084e-05
  12165 x12166                 1             1.19146e-05
  12227 x12228                 1             1.43865e-06
  12292 x12293                 1             1.24624e-06
  12334 x12335                 1             4.30849e-06
  12337 x12338                 1             4.97323e-06
  12338 x12339                 1             4.82551e-06
  12342 x12343                 1             4.30849e-06
  12348 x12349                 1             7.11516e-06
  12362 x12363                 1             5.34253e-06
  12365 x12366                 1             4.08691e-06
  12433 x12434                 1              4.5788e-06
  12448 x12449                 1             5.05481e-06
  12454 x12455                 1             5.12281e-06
  12468 x12469                 1             6.97203e-06
  12472 x12473                 1             6.22502e-06
  12480 x12481                 1             7.93246e-06
  12486 x12487                 1             8.03917e-06
  12581 x12582                 1             2.03378e-06
  12615 x12616                 1             1.18697e-05
  12686 x12687                 1             3.21651e-06
  12689 x12690                 1             3.71277e-06
  12690 x12691                 1             3.60249e-06
  12694 x12695                 1             3.21651e-06
  12700 x12701                 1             5.31184e-06
  12717 x12718                 1             3.05109e-06
  12719 x12720                 1             8.68383e-06
  12722 x12723                 1             1.00236e-05
  12728 x12729                 1             2.04442e-05
  12729 x12730                 1             8.68383e-06
  12731 x12732                 1             1.28521e-05
  12734 x12735                 1             1.43407e-05
  12751 x12752                 1             8.23724e-06
  12789 x12790                 1             6.79472e-06
  12790 x12791                 1               8.575e-06
  12805 x12806                 1             4.92543e-06
  12836 x12837                 1             4.32929e-06
  12845 x12846                 1             8.89183e-06
  12859 x12860                 1             1.46842e-05
  12983 x12984                 1             8.49583e-06
  12984 x12985                 1             1.07218e-05
  13067 x13068                 1             1.69114e-06
  13069 x13070                 1              4.5788e-06
  13086 x13087                 1             5.39482e-06
  13104 x13105                 1             1.18724e-05
  13108 x13109                 1             1.06004e-05
  13118 x13119                 1             1.44165e-05
  13140 x13141                 1             2.45881e-06
  13149 x13150                 1             3.34398e-06
  13245 x13246                 1             4.00066e-06
  13281 x13282                 1             1.76228e-06
  13312 x13313                 1             4.94054e-06
  13313 x13314                 1             4.67821e-06
  13314 x13315                 1              6.5801e-06
  13366 x13367                 1             6.88798e-06
  13367 x13368                 1             6.52225e-06
  13412 x13413                 1              3.2022e-05
  13416 x13417                 1             1.93817e-05
  13446 x13447                 1              4.6394e-06
  13453 x13454                 1             4.01928e-06
  13482 x13483                 1             1.46033e-05
  13511 x13512                 1             3.01359e-06
  13524 x13525                 1             6.10648e-06
  13551 x13552                 1             7.25393e-06
  13557 x13558                 1             2.42849e-05
  13649 x13650                 1             7.60595e-06
  13720 x13721                 1             7.16291e-06
  13742 x13743                 1             8.51878e-06
  13780 x13781                 1             1.97693e-05
  13850 x13851                 1             9.99884e-06
  13874 x13875                 1             3.27052e-06
  13909 x13910                 1             2.72249e-05
  13914 x13915                 1              2.4308e-05
  13946 x13947                 1             5.66673e-06
  13994 x13995                 1             4.67698e-06
  13995 x13996                 1             4.97237e-06
  14025 x14026                 1             2.78956e-06
  14042 x14043                 1             3.07956e-06
  14109 x14110                 1             1.28247e-06
  14121 x14122                 1             3.20392e-06
  14138 x14139                 1               3.537e-06
  14142 x14143                 1             2.96601e-06
  14158 x14159                 1             1.07765e-05
  14163 x14164                 1             9.62191e-06
  14171 x14172                 1             1.22611e-05
  14176 x14177                 1              1.2426e-05
  14180 x14181                 1             1.65497e-05
  14226 x14227                 1             3.07623e-06
  14227 x14228                 1             3.27052e-06
  14242 x14243                 1             3.61052e-06
  14246 x14247                 1             3.02766e-06
  14301 x14302                 1             1.07543e-06
  14347 x14348                 1             2.44325e-06
  14356 x14357                 1             1.35972e-05
  14370 x14371                 1             4.61031e-06
  14455 x14456                 1             3.95126e-06
  14472 x14473                 1             4.36203e-06
  14478 x14479                 1             4.42071e-06
  14492 x14493                 1             6.01648e-06
  14497 x14498                 1             5.37186e-06
  14505 x14506                 1             6.84528e-06
  14511 x14512                 1             6.93737e-06
  14590 x14591                 1             1.75504e-06
  14627 x14628                 1             1.02429e-05
  14705 x14706                 1             1.82401e-06
  14714 x14715                 1              1.0151e-05
  14747 x14748                 1             1.64861e-05
  14748 x14749                 1             2.74055e-05
  14773 x14774                 1             2.83666e-06
  14797 x14798                 1             4.86489e-06
  14800 x14801                 1             5.17215e-06
  14815 x14816                 1              1.6387e-05
  14817 x14818                 1             5.70985e-06
  14820 x14821                 1             4.78808e-06
  14861 x14862                 1             3.73594e-06
  14869 x14870                 1             8.33087e-06
  14885 x14886                 1             2.80619e-05
  14902 x14903                 1             7.27855e-06
  15021 x15022                 1             6.08286e-06
  15024 x15025                 1             6.46704e-06
  15039 x15040                 1             2.04896e-05
  15042 x15043                 1             7.13935e-06
  15047 x15048                 1              7.2354e-06
  15050 x15051                 1             9.63652e-06
  15054 x15055                 1              5.3145e-06
  15129 x15130                 1             1.45936e-06
  15131 x15132                 1             3.95126e-06
  15150 x15151                 1             4.65544e-06
  15168 x15169                 1             1.02453e-05
  15173 x15174                 1             9.14754e-06
  15183 x15184                 1             1.24407e-05
  15310 x15311                 1             3.45235e-06
  15346 x15347                 1             1.52075e-06
  15380 x15381                 1             4.26342e-06
  15381 x15382                 1             4.03704e-06
  15382 x15383                 1             5.67827e-06
  15428 x15429                 1             5.94395e-06
  15429 x15430                 1             5.62835e-06
  15471 x15472                 1             3.55905e-05
  15475 x15476                 1             2.15416e-05
  15502 x15503                 1             4.85009e-06
  15504 x15505                 1             5.00325e-06
  15508 x15509                 1             2.93558e-06
  15538 x15539                 1             1.62306e-05
  15566 x15567                 1             3.34942e-06
  15577 x15578                 1             6.78699e-06
  15604 x15605                 1             8.06231e-06
  15608 x15609                 1             2.69912e-05
  15697 x15698                 1             8.45356e-06
  15763 x15764                 1             7.96114e-06
  15785 x15786                 1             9.46812e-06
  15821 x15822                 1             2.19724e-05
  15886 x15887                 1             1.11131e-05
  15913 x15914                 1             2.43665e-06
  15945 x15946                 1             1.08992e-05
  15946 x15947                 1             1.00387e-05
  15949 x15950                 1             6.59686e-06
  15985 x15986                 1             2.68601e-06
  16000 x16001                 1             3.51484e-06
  16004 x16005                 1              2.8702e-06
  16086 x16087                 1               3.085e-06
  16101 x16102                 1             4.03694e-06
  16117 x16118                 1             1.16108e-05
  16118 x16119                 1             1.06942e-05
  16122 x16123                 1              7.0276e-06
  16131 x16132                 1             1.39941e-05
  16186 x16187                 1             3.41904e-06
  16187 x16188                 1             3.14912e-06
  16200 x16201                 1             4.12085e-06
  16230 x16231                 1             1.37983e-06
  16263 x16264                 1             1.19528e-06
  16309 x16310                 1             2.71553e-06
  16316 x16317                 1             1.51125e-05
  16330 x16331                 1             5.12408e-06
  16427 x16428                 1             3.80459e-06
  16442 x16443                 1             4.97858e-06
  16451 x16452                 1             6.54389e-06
  16459 x16460                 1             6.48226e-06
  16460 x16461                 1              5.9705e-06
  16464 x16465                 1             3.92347e-06
  16473 x16474                 1             7.81282e-06
  16482 x16483                 1             1.02693e-05
  16597 x16598                 1             1.13844e-05
  16671 x16672                 1             2.02728e-06
  16678 x16679                 1             1.12823e-05
  16712 x16713                 1             1.83233e-05
  16713 x16714                 1             3.04595e-05
  16741 x16742                 1             3.15278e-06
  16774 x16775                 1              6.5169e-06
  16775 x16776                 1             8.22439e-06
  16786 x16787                 1             4.72404e-06
  16816 x16817                 1             4.15228e-06
  16829 x16830                 1             8.52827e-06
  16846 x16847                 1             1.40838e-05
  16969 x16970                 1             8.14846e-06
  16970 x16971                 1             1.02834e-05
  17054 x17055                 1             3.80459e-06
  17069 x17070                 1             4.97858e-06
  17074 x17075                 1             4.06548e-06
  17077 x17078                 1             4.65247e-06
  17087 x17088                 1             1.10384e-05
  17088 x17089                 1             1.01669e-05
  17092 x17093                 1             6.68114e-06
  17101 x17102                 1             1.33042e-05
  17108 x17109                 1             1.31299e-05
  17109 x17110                 1             1.24327e-05
  17110 x17111                 1             1.74871e-05
  17119 x17120                 1             2.56041e-06
  17120 x17121                 1             2.35828e-06
  17127 x17128                 1             5.55205e-06
  17129 x17130                 1             3.49025e-06
  17130 x17131                 1             5.18821e-06
  17134 x17135                 1             3.08597e-06
  17139 x17140                 1             2.51999e-06
  17142 x17143                 1             2.88383e-06
  17265 x17266                 1             1.69022e-06
  17297 x17298                 1             4.73854e-06
  17298 x17299                 1             4.48693e-06
  17299 x17300                 1             6.31106e-06
  17351 x17352                 1             6.60635e-06
  17352 x17353                 1             6.25557e-06
  17399 x17400                 1             3.14765e-05
  17404 x17405                 1             1.90516e-05
  17431 x17432                 1             4.56037e-06
  17438 x17439                 1             3.95081e-06
  17465 x17466                 1             1.43545e-05
  17490 x17491                 1             2.96225e-06
  17504 x17505                 1             6.00246e-06
  17529 x17530                 1             7.13037e-06
  17535 x17536                 1             2.38712e-05
  17618 x17619                 1             7.47639e-06
  17685 x17686                 1             7.04089e-06
  17703 x17704                 1             8.37367e-06
  17740 x17741                 1             1.94325e-05
  17806 x17807                 1             9.82851e-06
  17826 x17827                 1             2.15499e-06
  17857 x17858                 1              9.6393e-06
  17858 x17859                 1              8.8783e-06
  17863 x17864                 1             5.83431e-06
  17894 x17895                 1              3.2148e-06
  17928 x17929                 1             2.67612e-05
  17933 x17934                 1             2.38939e-05
  17964 x17965                 1              5.5702e-06
  18007 x18008                 1             4.59731e-06
  18010 x18011                 1             4.88766e-06
  18039 x18040                 1             2.72839e-06
  18057 x18058                 1              3.5703e-06
  18070 x18071                 1             1.02687e-05
  18071 x18072                 1               9.458e-06
  18077 x18078                 1             6.21526e-06
  18088 x18089                 1             1.23765e-05
  18137 x18138                 1             3.02383e-06
  18138 x18139                 1              2.7851e-06
  18155 x18156                 1              3.6445e-06
  18249 x18250                 1             2.40163e-06
  18258 x18259                 1             1.33656e-05
  18268 x18269                 1             4.53178e-06
  18355 x18356                 1             3.36481e-06
  18373 x18374                 1             4.40309e-06
  18379 x18380                 1             5.78747e-06
  18387 x18388                 1             5.73295e-06
  18388 x18389                 1             5.28035e-06
  18394 x18395                 1             3.46995e-06
  18405 x18406                 1             6.90972e-06
  18411 x18412                 1              9.0822e-06
  18502 x18503                 1             1.00685e-05
  18578 x18579                 1             1.79294e-06
  18587 x18588                 1             9.97812e-06
  18618 x18619                 1             1.62053e-05
  18619 x18620                 1             2.69386e-05
  18687 x18688                 1             5.76359e-06
  18688 x18689                 1             7.27371e-06
  18696 x18697                 1             4.17798e-06
  18726 x18727                 1              3.6723e-06
  18735 x18736                 1             7.54246e-06
  18755 x18756                 1             1.24558e-05
  18888 x18889                 1             7.20655e-06
  18889 x18890                 1             9.09474e-06
  18966 x18967                 1             3.88395e-06
  18987 x18988                 1             4.57614e-06
  19002 x19003                 1             1.00707e-05
  19007 x19008                 1             8.99172e-06
  19019 x19020                 1             1.22287e-05
  19166 x19167                 1             3.39354e-06
  19178 x19179                 1             3.24508e-06
  19179 x19180                 1             3.74576e-06
  19197 x19198                 1             4.24643e-06
  19200 x19201                 1             4.41332e-06
  19227 x19228                 1             4.52422e-06
  19228 x19229                 1             5.22224e-06
  19247 x19248                 1             5.92026e-06
  19250 x19251                 1             6.15293e-06
  19251 x19252                 1             7.78165e-06
  19289 x19290                 1             3.49241e-05
  19294 x19295                 1             2.11383e-05
  19323 x19324                 1             5.05986e-06
  19330 x19331                 1             4.38354e-06
  19359 x19360                 1             1.59267e-05
  19386 x19387                 1             3.28671e-06
  19400 x19401                 1             6.65991e-06
  19427 x19428                 1             7.91135e-06
  19433 x19434                 1             2.64858e-05
  19524 x19525                 1             8.29527e-06
  19595 x19596                 1             7.81207e-06
  19615 x19616                 1             9.29083e-06
  19654 x19655                 1              2.1561e-05
  19724 x19725                 1              1.0905e-05
  19749 x19750                 1             2.39102e-06
  19783 x19784                 1             1.06951e-05
  19784 x19785                 1             9.85073e-06
  19789 x19790                 1             6.47334e-06
  19827 x19828                 1             3.56692e-06
  19862 x19863                 1             2.96923e-05
  19867 x19868                 1              2.6511e-05
  19899 x19900                 1              6.1803e-06
  19950 x19951                 1             5.10085e-06
  19953 x19954                 1             5.42301e-06
  19984 x19985                 1             3.04237e-06
  20003 x20004                 1             3.35866e-06
  20106 x20107                 1              1.3987e-06
  20155 x20156                 1             2.66468e-06
  20164 x20165                 1             1.48295e-05
  20176 x20177                 1             5.02814e-06
  20250 x20251                 1             4.30935e-06
  20269 x20270                 1             4.75736e-06
  20273 x20274                 1             4.82136e-06
  20288 x20289                 1             6.56175e-06
  20293 x20294                 1             5.85871e-06
  20303 x20304                 1             7.46566e-06
  20307 x20308                 1              7.5661e-06
  20405 x20406                 1              1.9141e-06
  20486 x20487                 1             1.98932e-06
  20495 x20496                 1              1.1071e-05
  20529 x20530                 1             1.79802e-05
  20530 x20531                 1             2.98892e-05
  20621 x20622                 1             4.07453e-06
  20634 x20635                 1             8.36858e-06
  20652 x20653                 1             1.38201e-05
  20866 x20867                 1             4.30935e-06
  20887 x20888                 1             5.07736e-06
  20903 x20904                 1             1.11738e-05
  20908 x20909                 1             9.97658e-06
  20920 x20921                 1             1.35681e-05
  21080 x21081                 1             3.76523e-06
  21169 x21170                 1             6.48265e-06
  21170 x21171                 1             6.13844e-06
  21216 x21217                 1             3.20362e-05
  21221 x21222                 1             1.93903e-05
  21252 x21253                 1             4.64146e-06
  21259 x21260                 1             4.02106e-06
  21290 x21291                 1             1.46097e-05
  21319 x21320                 1             3.01493e-06
  21333 x21334                 1             6.10919e-06
  21362 x21363                 1             7.25715e-06
  21368 x21369                 1             2.42957e-05
  21465 x21466                 1             7.60933e-06
  21540 x21541                 1             7.16609e-06
  21562 x21563                 1             8.52257e-06
  21603 x21604                 1             1.97781e-05
  21670 x21671                 1             9.30175e-06
  21671 x21672                 1             2.98799e-06
  21676 x21677                 1             6.72948e-06
  21701 x21702                 1             2.19331e-06
  21736 x21737                 1              9.8107e-06
  21737 x21738                 1             9.03617e-06
  21742 x21743                 1             5.93805e-06
  21777 x21778                 1             3.27197e-06
  21814 x21815                 1              2.7237e-05
  21819 x21820                 1             2.43188e-05
  21853 x21854                 1             5.66925e-06
  21901 x21902                 1             4.67906e-06
  21904 x21905                 1             4.97457e-06
  21937 x21938                 1              2.7908e-06
  21958 x21959                 1             3.08093e-06
  22060 x22061                 1             1.28304e-06
  22068 x22069                 1             2.77691e-06
  22086 x22087                 1             3.63378e-06
  22102 x22103                 1             1.04513e-05
  22103 x22104                 1             9.62618e-06
  22109 x22110                 1             6.32578e-06
  22120 x22121                 1             1.25965e-05
  22175 x22176                 1             3.07759e-06
  22176 x22177                 1             2.83463e-06
  22193 x22194                 1             3.70931e-06
  22283 x22284                 1             1.07591e-06
  22289 x22290                 1             3.95301e-06
  22310 x22311                 1             4.36397e-06
  22316 x22317                 1             4.42267e-06
  22328 x22329                 1             6.01915e-06
  22333 x22334                 1             5.37424e-06
  22345 x22346                 1             6.84832e-06
  22351 x22352                 1             6.94045e-06
  22472 x22473                 1             1.02475e-05
  22518 x22519                 1             1.82482e-06
  22527 x22528                 1             1.01555e-05
  22563 x22564                 1             1.64934e-05
  22564 x22565                 1             2.74176e-05
  22640 x22641                 1             5.86608e-06
  22641 x22642                 1             7.40304e-06
  22653 x22654                 1             4.25227e-06
  22660 x22661                 1             7.67658e-06
  22680 x22681                 1             1.26773e-05
  22843 x22844                 1              7.3347e-06
  22844 x22845                 1             9.25645e-06
  22901 x22902                 1             3.95301e-06
  22924 x22925                 1             4.65751e-06
  22940 x22941                 1             1.02498e-05
  22945 x22946                 1             9.15161e-06
  22959 x22960                 1             1.24462e-05
  23120 x23121                 1             3.45388e-06
  23191 x23192                 1             3.52926e-06
  23194 x23195                 1             4.03884e-06
  23229 x23230                 1             5.94659e-06
  23230 x23231                 1             5.63084e-06
  23269 x23270                 1             3.30543e-05
  23274 x23275                 1             2.00065e-05
  23305 x23306                 1             4.78895e-06
  23312 x23313                 1             4.14885e-06
  23343 x23344                 1              1.5074e-05
  23372 x23373                 1             3.11074e-06
  23386 x23387                 1             6.30333e-06
  23415 x23416                 1             7.48777e-06
  23421 x23422                 1             2.50678e-05
  23518 x23519                 1             7.85114e-06
  23593 x23594                 1             7.39381e-06
  23615 x23616                 1              8.7934e-06
  23656 x23657                 1             2.04066e-05
  23730 x23731                 1             1.03212e-05
  23755 x23756                 1             2.26301e-06
  23790 x23791                 1             1.01225e-05
  23791 x23792                 1             9.32332e-06
  23796 x23797                 1             6.12676e-06
  23833 x23834                 1             3.37595e-06
  23870 x23871                 1             2.81026e-05
  23875 x23876                 1             2.50916e-05
  23909 x23910                 1             5.84941e-06
  23958 x23959                 1             4.82775e-06
  23961 x23962                 1             5.13266e-06
  23994 x23995                 1             2.87948e-06
  24015 x24016                 1             3.17883e-06
  24132 x24133                 1             2.86515e-06
  24150 x24151                 1             3.74926e-06
  24167 x24168                 1             1.07834e-05
  24168 x24169                 1             9.93209e-06
  24174 x24175                 1              6.5268e-06
  24185 x24186                 1             1.29968e-05
  24244 x24245                 1             3.17539e-06
  24245 x24246                 1             2.92471e-06
  24262 x24263                 1             3.82719e-06
  24357 x24358                 1              1.1101e-06
  24404 x24405                 1             2.52201e-06
  24413 x24414                 1             1.40356e-05
  24427 x24428                 1             4.75893e-06
  24569 x24570                 1             1.88281e-06
  24578 x24579                 1             1.04783e-05
  24614 x24615                 1             1.70175e-05
  24615 x24616                 1             2.82889e-05
  24692 x24693                 1             6.05249e-06
  24693 x24694                 1              7.6383e-06
  24705 x24706                 1              4.3874e-06
  24739 x24740                 1             3.85638e-06
  24743 x24744                 1             7.92052e-06
  24763 x24764                 1             1.30802e-05
  24923 x24924                 1             7.56778e-06
  24924 x24925                 1             9.55061e-06
  25009 x25010                 1             4.07863e-06
  25032 x25033                 1             4.80552e-06
  25048 x25049                 1             1.05755e-05
  25053 x25054                 1             9.44243e-06
  25067 x25068                 1             1.28417e-05
  25229 x25230                 1             3.56364e-06
  25301 x25302                 1             3.64142e-06
  25302 x25303                 1             4.16718e-06
  25363 x25364                 1             3.29295e-05
  25368 x25369                 1              1.9931e-05
  25397 x25398                 1             4.77087e-06
  25404 x25405                 1             4.13318e-06
  25433 x25434                 1             1.50171e-05
  25460 x25461                 1             3.09899e-06
  25474 x25475                 1             6.27953e-06
  25501 x25502                 1              7.4595e-06
  25507 x25508                 1             2.49731e-05
  25597 x25598                 1             4.28216e-06
  25600 x25601                 1             9.00128e-06
  25669 x25670                 1              7.3659e-06
  25689 x25690                 1              8.7602e-06
  25729 x25730                 1             2.03295e-05
  25801 x25802                 1             1.02822e-05
  25824 x25825                 1             2.25446e-06
  25857 x25858                 1             1.00842e-05
  25858 x25859                 1             9.28812e-06
  25863 x25864                 1             6.10362e-06
  25893 x25894                 1              3.3632e-06
  25928 x25929                 1             2.79965e-05
  25933 x25934                 1             2.49968e-05
  25965 x25966                 1             5.82732e-06
  26014 x26015                 1             4.80952e-06
  26017 x26018                 1             5.11328e-06
  26047 x26048                 1             2.86861e-06
  26066 x26067                 1             3.16683e-06
  26158 x26159                 1             1.31881e-06
  26168 x26169                 1             2.85433e-06
  26184 x26185                 1              3.7351e-06
  26200 x26201                 1             1.07427e-05
  26201 x26202                 1             9.89459e-06
  26207 x26208                 1             6.50216e-06
  26216 x26217                 1             1.29478e-05
  26265 x26266                 1              3.1634e-06
  26266 x26267                 1             2.91366e-06
  26282 x26283                 1             3.81273e-06
  26372 x26373                 1             1.10591e-06
  26411 x26412                 1             4.15107e-06
  26412 x26413                 1             3.82336e-06
  26418 x26419                 1             2.51249e-06
  26429 x26430                 1               6.314e-06
  26443 x26444                 1             7.42824e-06
  26528 x26529                 1             4.06323e-06
  26547 x26548                 1             4.48565e-06
  26553 x26554                 1             4.54599e-06
  26565 x26566                 1             6.18698e-06
  26570 x26571                 1             5.52409e-06
  26580 x26581                 1             7.03927e-06
  26586 x26587                 1             7.13397e-06
  26701 x26702                 1             1.05332e-05
  26738 x26739                 1             7.89062e-06
  26756 x26757                 1             1.30308e-05
  26913 x26914                 1             7.53921e-06
  26914 x26915                 1             9.51455e-06
  26968 x26969                 1             4.06323e-06
  26989 x26990                 1             4.78737e-06
  27005 x27006                 1             1.05356e-05
  27010 x27011                 1             9.40678e-06
  27022 x27023                 1             1.27932e-05
  27177 x27178                 1             3.55019e-06
  27244 x27245                 1             3.62767e-06
  27247 x27248                 1             4.15145e-06
  27300 x27301                 1              6.1124e-06
  27301 x27302                 1             5.78785e-06
  27309 x27310                 1             3.27951e-05
  27314 x27315                 1             1.98497e-05
  27343 x27344                 1              4.7514e-06
  27350 x27351                 1             4.11632e-06
  27379 x27380                 1             1.49558e-05
  27406 x27407                 1             3.08635e-06
  27420 x27421                 1             6.25391e-06
  27447 x27448                 1             7.42906e-06
  27453 x27454                 1             2.48712e-05
  27544 x27545                 1             7.78958e-06
  27615 x27616                 1             7.33584e-06
  27635 x27636                 1             8.72445e-06
  27674 x27675                 1             2.02466e-05
  27744 x27745                 1             1.02402e-05
  27767 x27768                 1             2.24526e-06
  27801 x27802                 1             1.00431e-05
  27802 x27803                 1             9.25022e-06
  27807 x27808                 1             6.07872e-06
  27841 x27842                 1             3.34947e-06
  27876 x27877                 1             2.78822e-05
  27881 x27882                 1             2.48948e-05
  27913 x27914                 1             5.80354e-06
  27958 x27959                 1             4.78989e-06
  27961 x27962                 1             5.09241e-06
  27992 x27993                 1              2.8569e-06
  28011 x28012                 1             3.15391e-06
  28111 x28112                 1             1.31343e-06
  28121 x28122                 1             2.84269e-06
  28139 x28140                 1             3.71986e-06
  28153 x28154                 1             1.06989e-05
  28154 x28155                 1             9.85421e-06
  28160 x28161                 1             6.47562e-06
  28171 x28172                 1             1.28949e-05
  28222 x28223                 1              3.1505e-06
  28223 x28224                 1             2.90177e-06
  28240 x28241                 1             3.79718e-06
  28329 x28330                 1              1.1014e-06
  28375 x28376                 1             2.50224e-06
  28384 x28385                 1             1.39255e-05
  28400 x28401                 1             4.72162e-06
  28491 x28492                 1             4.04665e-06
  28510 x28511                 1             4.46734e-06
  28516 x28517                 1             4.52744e-06
  28528 x28529                 1             6.16174e-06
  28533 x28534                 1             5.50155e-06
  28543 x28544                 1             7.01055e-06
  28549 x28550                 1             7.10486e-06
  28659 x28660                 1             1.04902e-05
  28736 x28737                 1             1.86805e-06
  28745 x28746                 1             1.03961e-05
  28780 x28781                 1             1.68841e-05
  28781 x28782                 1             2.80671e-05
  28836 x28837                 1             4.98235e-06
  28839 x28840                 1               4.589e-06
  28856 x28857                 1             1.67826e-05
  28857 x28858                 1             6.00504e-06
  28904 x28905                 1             3.82614e-06
  28914 x28915                 1             4.04665e-06
  28935 x28936                 1             4.76784e-06
  28951 x28952                 1             1.04926e-05
  28956 x28957                 1             9.36839e-06
  28968 x28969                 1              1.2741e-05
  29125 x29126                 1              3.5357e-06
  29192 x29193                 1             3.61287e-06
  29195 x29196                 1             4.13451e-06
  29247 x29248                 1             6.08746e-06
  29248 x29249                 1             5.76423e-06
  29280 x29281                 1             3.37504e-05
  29285 x29286                 1             2.04279e-05
  29316 x29317                 1             4.88982e-06
  29323 x29324                 1             4.23623e-06
  29354 x29355                 1             1.53915e-05
  29383 x29384                 1             3.17625e-06
  29397 x29398                 1             6.43609e-06
  29426 x29427                 1             7.64548e-06
  29432 x29433                 1             2.55957e-05
  29529 x29530                 1              8.0165e-06
  29604 x29605                 1             7.54954e-06
  29626 x29627                 1              8.9786e-06
  29667 x29668                 1             2.08364e-05
  29741 x29742                 1             1.05385e-05
  29766 x29767                 1             2.31067e-06
  29801 x29802                 1             1.03357e-05
  29802 x29803                 1             9.51969e-06
  29807 x29808                 1             6.25579e-06
  29844 x29845                 1             3.44705e-06
  29882 x29883                 1             2.86945e-05
  29887 x29888                 1               2.562e-05
  29922 x29923                 1             5.97261e-06
  29979 x29980                 1             4.92943e-06
  29982 x29983                 1             5.24076e-06
  30016 x30017                 1             2.94013e-06
  30037 x30038                 1             3.24579e-06
  30145 x30146                 1             1.35169e-06
  30157 x30158                 1              2.9255e-06
  30175 x30176                 1             3.82822e-06
  30191 x30192                 1             1.10105e-05
  30192 x30193                 1             1.01413e-05
  30198 x30199                 1             6.66426e-06
  30209 x30210                 1             1.32706e-05
  30266 x30267                 1             3.24227e-06
  30267 x30268                 1              2.9863e-06
  30284 x30285                 1             3.90779e-06
  30428 x30429                 1             2.57513e-06
  30437 x30438                 1             1.43312e-05
  30451 x30452                 1             4.85916e-06
  30557 x30558                 1             4.16453e-06
  30578 x30579                 1             4.59748e-06
  30582 x30583                 1             4.65933e-06
  30596 x30597                 1             6.34123e-06
  30601 x30602                 1             5.66181e-06
  30613 x30614                 1             7.21477e-06
  30617 x30618                 1             7.31183e-06
  30748 x30749                 1             1.07958e-05
  30831 x30832                 1             1.92247e-06
  30840 x30841                 1              1.0699e-05
  30876 x30877                 1              1.7376e-05
  30877 x30878                 1             2.88847e-05
  30961 x30962                 1             6.17997e-06
  30962 x30963                 1             7.79917e-06
  30973 x30974                 1              4.4798e-06
  31007 x31008                 1              3.9376e-06
  31018 x31019                 1             8.08734e-06
  31038 x31039                 1             1.33557e-05
  31205 x31206                 1             7.72717e-06
  31206 x31207                 1             9.75176e-06
  31296 x31297                16                       0
  31298 x31299                 8                       0
  31300 x31301                 8                       0
  31302 x31303                16                       0
  31304 x31305                 4                       0
  31306 x31307                16                       0
  31308 x31309                 4                       0
  31310 x31311                16                       0
  31312 x31313                 4                       0
  31314 x31315                 4                       0
  31316 x31317                 8                       0
  31318 x31319                 8                       0
  31320 x31321                 8                       0
  31322 x31323                 4                       0
  31324 x31325                 4                       0
  31326 x31327                 1                       0
  31328 x31329                 8                       0
  31330 x31331                 4                       0
  31332 x31333                 8                       0
  31334 x31335                 4                       0
  31336 x31337                 1                       0
  31338 x31339                 4                       0
  31340 x31341                 1                       0
  31345 x31346            12.946                       0
  31350 x31351             7.842                       0
  31356 x31357             4.391                       0
  31363 x31364            10.238                       0
  31367 x31368             2.872                       0
  31375 x31376            15.713                       0
  31379 x31380             1.699                       0
  31387 x31388            11.154                       0
  31391 x31392              3.78                       0
  31397 x31398             3.499                       0
  31404 x31405             4.952                       0
  31410 x31411             7.576                       0
  31416 x31417             5.057                       0
  31421 x31422             2.961                       0
  31427 x31428             3.715                       0
  31431 x31432             0.247                       0
  31440 x31441             4.455                       0
  31445 x31446              2.29                       0
  31452 x31453             4.301                       0
  31457 x31458             3.058                       0
  31469 x31470             3.325                       0
  31473 x31474                 2                       0
  31478 x31479            12.941                       0
  31490 x31491            11.609                       0
  31494 x31495             0.914                       0
  31502 x31503            11.269                       0
  31506 x31507             0.905                       0
  31512 x31513             3.971                       0
  31519 x31520              5.36                       0
  31525 x31526             2.848                       0
  31531 x31532             4.174                       0
  31536 x31537             2.983                       0
  31542 x31543             2.571                       0
  31546 x31547             1.985                       0
  31555 x31556             2.311                       0
  31560 x31561             1.702                       0
  31567 x31568              1.72                       0
  31572 x31573             1.165                       0
  31576 x31577             0.679                       0
  31584 x31585             3.582                       0
  31592 x31593             3.898                       0
  31597 x31598              4.08                       0
  31603 x31604             4.835                       0
  31608 x31609             0.897                       0
  31616 x31617             2.633                       0
  31620 x31621             1.144                       0
  31626 x31627             2.901                       0
  31633 x31634             1.546                       0
  31639 x31640             3.852                       0
  31645 x31646             4.904                       0
  31650 x31651             1.281                       0
  31656 x31657             1.757                       0
  31660 x31661             1.017                       0
  31669 x31670             1.614                       0
  31674 x31675             1.702                       0
  31681 x31682             1.327                       0
  31686 x31687             0.559                       0
  31690 x31691             1.092                       0
  31698 x31699             1.374                       0
  31706 x31707            18.295                       0
  31711 x31712             6.367                       0
  31717 x31718             10.29                       0
  31722 x31723             0.695                       0
  31730 x31731            24.172                       0
  31734 x31735             0.905                       0
  31740 x31741             4.457                       0
  31747 x31748             2.762                       0
  31753 x31754             4.593                       0
  31759 x31760             3.366                       0
  31764 x31765             2.279                       0
  31770 x31771             2.817                       0
  31774 x31775              0.77                       0
  31783 x31784             2.612                       0
  31788 x31789             1.702                       0
  31795 x31796             1.107                       0
  31800 x31801             1.165                       0
  31812 x31813             1.072                       0
  31820 x31821            10.973                       0
  31825 x31826             6.367                       0
  31831 x31832             3.816                       0
  31838 x31839             9.648                       0
  31842 x31843             0.695                       0
  31850 x31851            14.889                       0
  31862 x31863             8.904                       0
  31867 x31868             1.363                       0
  31873 x31874             4.593                       0
  31879 x31880             3.366                       0
  31884 x31885             2.279                       0
  31890 x31891             2.817                       0
  31894 x31895              0.77                       0
  31903 x31904             2.612                       0
  31908 x31909             1.702                       0
  31915 x31916             1.107                       0
  31920 x31921             1.165                       0
  31932 x31933             1.072                       0
  31940 x31941            11.494                       0
  31945 x31946             6.367                       0
  31951 x31952             3.816                       0
  31958 x31959             9.648                       0
  31964 x31965            16.947                       0
  31970 x31971             8.904                       0
  31974 x31975             4.457                       0
  31981 x31982             2.762                       0
  31987 x31988             4.593                       0
  31993 x31994             3.366                       0
  31998 x31999             2.279                       0
  32004 x32005             2.817                       0
  32008 x32009              0.77                       0
  32017 x32018             2.612                       0
  32022 x32023             1.702                       0
  32029 x32030             1.107                       0
  32034 x32035             1.165                       0
  32046 x32047             1.072                       0
  32053 x32054             6.658                       0
  32059 x32060            13.003                       0
  32066 x32067            18.941                       0
  32070 x32071             2.753                       0
  32076 x32077             2.347                       0
  32084 x32085            20.754                       0
  32088 x32089             4.503                       0
  32095 x32096             2.455                       0
  32101 x32102             5.981                       0
  32106 x32107             4.072                       0
  32112 x32113             3.211                       0
  32116 x32117             1.985                       0
  32125 x32126             3.127                       0
  32130 x32131             1.702                       0
  32137 x32138              1.72                       0
  32142 x32143             1.165                       0
  32154 x32155             3.687                       0
  32162 x32163            11.885                       0
  32167 x32168             6.441                       0
  32174 x32175            11.441                       0
  32178 x32179             0.695                       0
  32186 x32187            13.471                       0
  32198 x32199            10.697                       0
  32202 x32203             0.905                       0
  32208 x32209             4.457                       0
  32215 x32216             6.063                       0
  32220 x32221             6.697                       0
  32226 x32227             2.817                       0
  32230 x32231             1.943                       0
  32239 x32240             5.794                       0
  32244 x32245             1.702                       0
  32251 x32252             4.263                       0
  32256 x32257             1.165                       0
  32268 x32269             2.754                       0
  32276 x32277            14.169                       0
  32281 x32282            11.189                       0
  32288 x32289             3.174                       0
  32292 x32293             0.695                       0
  32300 x32301            20.273                       0
  32304 x32305             0.613                       0
  32310 x32311             1.236                       0
  32316 x32317             4.798                       0
  32323 x32324             2.762                       0
  32329 x32330             9.415                       0
  32335 x32336             3.366                       0
  32338 x32339              1.64                       0
  32347 x32348             3.386                       0
  32352 x32353             4.437                       0
  32359 x32360             5.059                       0
  32364 x32365             1.165                       0
  32376 x32377             1.072                       0
  32384 x32385            12.332                       0
  32389 x32390             9.238                       0
  32395 x32396               4.2                       0
  32402 x32403              8.65                       0
  32406 x32407             0.695                       0
  32414 x32415            17.945                       0
  32426 x32427             7.906                       0
  32430 x32431             0.905                       0
  32436 x32437             4.457                       0
  32443 x32444             2.762                       0
  32449 x32450             7.464                       0
  32455 x32456             3.366                       0
  32460 x32461              4.29                       0
  32467 x32468             3.463                       0
  32472 x32473             1.165                       0
  32484 x32485             1.072                       0
  32492 x32493             9.551                       0
  32497 x32498             3.522                       0
  32503 x32504             3.816                       0
  32510 x32511             9.648                       0
  32514 x32515             0.695                       0
  32522 x32523            15.154                       0
  32534 x32535             8.904                       0
  32538 x32539             0.905                       0
  32544 x32545             4.457                       0
  32551 x32552             2.762                       0
  32557 x32558             1.492                       0
  32562 x32563             2.279                       0
  32568 x32569             2.817                       0
  32575 x32576             2.612                       0
  32580 x32581             1.089                       0
  32586 x32587             1.165                       0
  32606 x32607            11.494                       0
  32611 x32612             6.367                       0
  32617 x32618             3.816                       0
  32624 x32625             9.648                       0
  32628 x32629              1.43                       0
  32636 x32637            17.102                       0
  32648 x32649             8.904                       0
  32652 x32653             1.755                       0
  32658 x32659             4.457                       0
  32665 x32666             2.067                       0
  32671 x32672             4.593                       0
  32677 x32678             3.366                       0
  32682 x32683             2.279                       0
  32688 x32689             2.817                       0
  32692 x32693              0.77                       0
  32701 x32702             2.612                       0
  32706 x32707             1.702                       0
  32713 x32714             1.107                       0
  32718 x32719             1.072                       0
  32726 x32727            11.494                       0
  32731 x32732             6.367                       0
  32737 x32738             3.176                       0
  32744 x32745              8.65                       0
  32748 x32749             0.695                       0
  32756 x32757            16.947                       0
  32768 x32769             7.906                       0
  32772 x32773             0.905                       0
  32778 x32779             4.457                       0
  32785 x32786             2.762                       0
  32791 x32792             4.593                       0
  32797 x32798             3.366                       0
  32802 x32803             0.641                       0
  32808 x32809             2.817                       0
  32812 x32813              0.77                       0
  32820 x32821             0.842                       0
  32826 x32827             1.165                       0
  32838 x32839             1.072                       0
  32846 x32847            12.074                       0
  32851 x32852             7.062                       0
  32857 x32858             3.816                       0
  32864 x32865            10.343                       0
  32876 x32877            16.426                       0
  32880 x32881             0.914                       0
  32888 x32889             8.904                       0
  32892 x32893             0.905                       0
  32898 x32899             3.288                       0
  32905 x32906             3.894                       0
  32911 x32912             3.229                       0
  32916 x32917             2.279                       0
  32922 x32923             2.817                       0
  32926 x32927              0.77                       0
  32935 x32936             2.612                       0
  32940 x32941             1.702                       0
  32947 x32948             1.107                       0
  32950 x32951             0.695                       0
  32960 x32961            12.326                       0
  32965 x32966             5.639                       0
  32971 x32972             3.816                       0
  32978 x32979             9.648                       0
  32982 x32983             0.695                       0
  32990 x32991            16.947                       0
  33002 x33003             8.904                       0
  33006 x33007             0.905                       0
  33012 x33013             4.457                       0
  33019 x33020             3.594                       0
  33025 x33026             3.719                       0
  33030 x33031             2.279                       0
  33036 x33037             2.817                       0
  33040 x33041              0.77                       0
  33049 x33050             2.612                       0
  33054 x33055             1.702                       0
  33061 x33062             1.107                       0
  33066 x33067             1.165                       0
  33074 x33075            11.494                       0
  33079 x33080             6.367                       0
  33085 x33086             3.176                       0
  33092 x33093             7.947                       0
  33096 x33097             0.695                       0
  33104 x33105            16.947                       0
  33116 x33117             7.203                       0
  33120 x33121             0.905                       0
  33126 x33127             4.457                       0
  33133 x33134             2.762                       0
  33139 x33140             4.593                       0
  33145 x33146             3.366                       0
  33150 x33151             2.279                       0
  33163 x33164             1.894                       0
  33169 x33170             1.107                       0
  33174 x33175             1.165                       0
  33186 x33187             1.072                       0
  33190 x33191            100000                       0
  33191 x33192                 1                       0
  33192 x33193                 1                       0
  33193 x33194                 1                       0
  33194 x33195                 1                       0
  33195 x33196             99986                       0
  33196 x33197                 1                       0
  33197 x33198                 1                       0
  33198 x33199                 1                       0
  33199 x33200                 1                       0
  33200 x33201                 1                       0
  33201 x33202                 1                       0
  33202 x33203                 1                       0
  33203 x33204                 1                       0
  33204 x33205                 1                       0
  33205 x33206                 1                       0
  33209 x33210                 2                       0
  33210 x33211                 1                       0
  33214 x33215                 1                       0
  33216 x33217                 2                       0
  33220 x33221                 1                       0
  33222 x33223                 2                       0
  33226 x33227                 2                       0
  33232 x33233                 3                       0
  33238 x33239                 1                       0
  33239 x33240                 1                       0
  33240 x33241                 2                       0
  33245 x33246                 3                       0
  33250 x33251                 2                       0
  33251 x33252                 1                       0
  33252 x33253                 1                       0
  33254 x33255                 1                       0
  33256 x33257                 2                       0
  33257 x33258                 1                       0
  33260 x33261                 1                       0
  33263 x33264                 2                       0
  33266 x33267                 1                       0
  33268 x33269                 1                       0
  33275 x33276                 2                       0
  33280 x33281                 2                       0
  33281 x33282                 1                       0
  33284 x33285                 1                       0
  33286 x33287                 1                       0
  33287 x33288                 1                       0
  33292 x33293                 2                       0
  33300 x33301                 1                       0
  33303 x33304                 1                       0
  33312 x33313                 1                       0
  33323 x33324                 1                       0
  33329 x33330                 1                       0
  33336 x33337                 1                       0
  33359 x33360                 1                       0
  33360 x33361                 1                       0
  33361 x33362                 1                       0
  33362 x33363                 1                       0
  33365 x33366                 1                       0
  33387 x33388                 1                       0
  33419 x33420                 1                       0
  33423 x33424                 1                       0
  33428 x33429                 1                       0
  33435 x33436                 1                       0
  33444 x33445                 1                       0
  33458 x33459                 1                       0
  33491 x33492                 1                       0
  33502 x33503                 1                       0
  33508 x33509                 1                       0
  33521 x33522                 1                       0
  33522 x33523                 1                       0
  33540 x33541                 1                       0
  33562 x33563                 1                       0
  33578 x33579                 1                       0
  33588 x33589                 1                       0
  33607 x33608                 1                       0
  33610 x33611                 1                       0
  33611 x33612                 1                       0
  33613 x33614                 1                       0
  33615 x33616                 1                       0
  33621 x33622                 1                       0
  33623 x33624                 1                       0
  33625 x33626                 1                       0
  33627 x33628                 1                       0
  33628 x33629                 1                       0
  33630 x33631                 1                       0
  33631 x33632                 1                       0
  33633 x33634                 1                       0
  33638 x33639                 1                       0
  33639 x33640                 1                       0
  33646 x33647                 1                       0
  33647 x33648                 1                       0
  33649 x33650                 1                       0
  33662 x33663                 1                       0
  33664 x33665                 1                       0
  33674 x33675                 1                       0
  33679 x33680                 1                       0
  33685 x33686                 1                       0
  33687 x33688                 1                       0
  33691 x33692                 1                       0
  33694 x33695                 1                       0
  33696 x33697                 1                       0
  33698 x33699                 1                       0
  33708 x33709                 1                       0
  33715 x33716                 1                       0
  33721 x33722                 1                       0
  33727 x33728                 1                       0
  33729 x33730                 1                       0
  33731 x33732                 1                       0
  33744 x33745                 1                       0
  33745 x33746                 1                       0
  33747 x33748                 1                       0
  33752 x33753                 1                       0
  33754 x33755                 1                       0
  33759 x33760                 1                       0
  33761 x33762                 1                       0
  33762 x33763                 1                       0
  33763 x33764                 1                       0
  33767 x33768                 1                       0
  33769 x33770                 1                       0
  33770 x33771                 1                       0
  33772 x33773                 1                       0
  33784 x33785                 1                       0
  33787 x33788                 1                       0
  33791 x33792                 1                       0
  33792 x33793                 1                       0
  33794 x33795                 1                       0
  33798 x33799                 1                       0
  33799 x33800                 1                       0
  33800 x33801                 1                       0
  33801 x33802                 1                       0
  33809 x33810                 1                       0
  33810 x33811                 1                       0
  33811 x33812                 1                       0
  33812 x33813                 1                       0
  33813 x33814                 1                       0
  33815 x33816                 1                       0
  33820 x33821                 1                       0
  33822 x33823                 1                       0
  33824 x33825                 1                       0
  33829 x33830                 1                       0
  33881 x33882                 1                       0
  33892 x33893                 1                       0
  33934 x33935                 1                       0
  33936 x33937                 1                       0
  33937 x33938                 1                       0
  33939 x33940                 1                       0
  33940 x33941                 1                       0
  33941 x33942                 1                       0
  33942 x33943                 1                       0
  33945 x33946                 1                       0
  33946 x33947                 1                       0
  33949 x33950                 1                       0
  33952 x33953                 1                       0
  33954 x33955                 1                       0
  33983 x33984                 1                       0
  33984 x33985                 1                       0
  33990 x33991                 1                       0
  33994 x33995                 1                       0
  33996 x33997                 1                       0
  33998 x33999                 1                       0
  33999 x34000                 1                       0
  34002 x34003                 1                       0
  34003 x34004                 1                       0
  34004 x34005                 1                       0
  34009 x34010                 1                       0
  34010 x34011                 1                       0
  34011 x34012                 1                       0
  34012 x34013                 1                       0
  34013 x34014                 1                       0
  34014 x34015                 1                       0
  34030 x34031                 1                       0
  34067 x34068                 1                       0
  34071 x34072                 1                       0
  34077 x34078                 1                       0
  34079 x34080                 1                       0
  34080 x34081                 1                       0
  34081 x34082                 1                       0
  34082 x34083                 1                       0
  34083 x34084                 1                       0
  34087 x34088                 1                       0
  34089 x34090                 1                       0
  34554 x34555                 1                       0
  36074 x36075                 1                       0
  37130 x37131                 1                       0
  38157 x38158                 1                       0
  39060 x39061                 1                       0
  40968 x40969                 1                       0
