Stopped on time - objective value 4827.00000000
     14 x(1,15)                 1                      10
     33 x(2,14)                 1                      10
     46 x(3,7)                  1                      10
     77 x(4,18)                 1                      11
     87 x(5,8)                  1                      11
    100 x(6,1)                  1                      11
    125 x(7,6)                  1                      13
    144 x(8,5)                  1                      10
    175 x(9,16)                 1                      11
    199 x(10,20)                1                      11
    207 x(11,8)                 1                      12
    221 x(12,2)                 1                      11
    247 x(13,8)                 1                      10
    268 x(14,9)                 1                      11
    297 x(15,18)                1                      14
    309 x(16,10)                1                      11
    324 x(17,5)                 1                      14
    354 x(18,15)                1                      10
    375 x(19,16)                1                      11
    395 x(20,16)                1                      15
    412 x(21,13)                1                      11
    425 x(22,6)                 1                      13
    458 x(23,19)                1                      15
    478 x(24,19)                1                      17
    484 x(25,5)                 1                      13
    501 x(26,2)                 1                      11
    539 x(27,20)                1                      10
    542 x(28,3)                 1                      10
    577 x(29,18)                1                      11
    598 x(30,19)                1                      10
    607 x(31,8)                 1                      10
    630 x(32,11)                1                      17
    643 x(33,4)                 1                      10
    661 x(34,2)                 1                      11
    692 x(35,13)                1                      10
    708 x(36,9)                 1                      11
    730 x(37,11)                1                      10
    749 x(38,10)                1                      11
    764 x(39,5)                 1                      10
    798 x(40,19)                1                      16
    817 x(41,18)                1                      11
    836 x(42,17)                1                      15
    858 x(43,19)                1                      14
    860 x(44,1)                 1                      10
    884 x(45,5)                 1                      12
    906 x(46,7)                 1                      10
    920 x(47,1)                 1                      13
    947 x(48,8)                 1                      10
    960 x(49,1)                 1                      12
    988 x(50,9)                 1                      10
   1002 x(51,3)                 1                      10
   1038 x(52,19)                1                      11
   1056 x(53,17)                1                      16
   1079 x(54,20)                1                      14
   1096 x(55,17)                1                      10
   1109 x(56,10)                1                      12
   1138 x(57,19)                1                      15
   1156 x(58,17)                1                      11
   1168 x(59,9)                 1                      11
   1190 x(60,11)                1                      14
   1203 x(61,4)                 1                      10
   1221 x(62,2)                 1                      10
   1240 x(63,1)                 1                      18
   1268 x(64,9)                 1                      15
   1286 x(65,7)                 1                      11
   1311 x(66,12)                1                      11
   1338 x(67,19)                1                      10
   1357 x(68,18)                1                      11
   1372 x(69,13)                1                      13
   1388 x(70,9)                 1                      10
   1404 x(71,5)                 1                      14
   1422 x(72,3)                 1                      14
   1455 x(73,16)                1                      18
   1472 x(74,13)                1                      11
   1481 x(75,2)                 1                      14
   1504 x(76,5)                 1                      11
   1526 x(77,7)                 1                      11
   1547 x(78,8)                 1                      16
   1577 x(79,18)                1                      11
   1583 x(80,4)                 1                      10
   1607 x(81,8)                 1                      12
   1623 x(82,4)                 1                      11
   1643 x(83,4)                 1                      13
   1675 x(84,16)                1                      11
   1694 x(85,15)                1                      11
   1701 x(86,2)                 1                      12
   1734 x(87,15)                1                      10
   1743 x(88,4)                 1                      19
   1761 x(89,2)                 1                      13
   1788 x(90,9)                 1                      12
   1802 x(91,3)                 1                      14
   1823 x(92,4)                 1                      14
   1853 x(93,14)                1                      13
   1861 x(94,2)                 1                      15
   1885 x(95,6)                 1                      10
   1900 x(96,1)                 1                      12
   1939 x(97,20)                1                      11
   1955 x(98,16)                1                      10
   1968 x(99,9)                 1                      10
   1989 x(100,10)               1                      11
   2005 x(101,6)                1                      12
   2032 x(102,13)               1                      10
   2051 x(103,12)               1                      11
   2061 x(104,2)                1                      14
   2091 x(105,12)               1                      19
   2103 x(106,4)                1                      12
   2120 x(107,1)                1                      10
   2150 x(108,11)               1                      10
   2171 x(109,12)               1                      10
   2194 x(110,15)               1                      11
   2204 x(111,5)                1                      12
   2238 x(112,19)               1                      10
   2243 x(113,4)                1                      13
   2278 x(114,19)               1                      14
   2290 x(115,11)               1                      11
   2310 x(116,11)               1                      11
   2326 x(117,7)                1                      12
   2346 x(118,7)                1                      15
   2366 x(119,7)                1                      10
   2383 x(120,4)                1                      14
   2416 x(121,17)               1                      11
   2421 x(122,2)                1                      12
   2445 x(123,6)                1                      11
   2471 x(124,12)               1                      12
   2481 x(125,2)                1                      12
   2506 x(126,7)                1                      11
   2532 x(127,13)               1                      14
   2540 x(128,1)                1                      10
   2579 x(129,20)               1                      16
   2595 x(130,16)               1                      12
   2612 x(131,13)               1                      10
   2639 x(132,20)               1                      14
   2646 x(133,7)                1                      11
   2673 x(134,14)               1                      10
   2688 x(135,9)                1                      12
   2705 x(136,6)                1                      15
   2726 x(137,7)                1                      13
   2744 x(138,5)                1                      14
   2761 x(139,2)                1                      12
   2790 x(140,11)               1                      16
   2817 x(141,18)               1                      10
   2829 x(142,10)               1                      14
   2859 x(143,20)               1                      10
   2875 x(144,16)               1                      11
   2898 x(145,19)               1                      11
   2905 x(146,6)                1                      10
   2925 x(147,6)                1                      12
   2941 x(148,2)                1                      14
   2976 x(149,17)               1                      11
   2995 x(150,16)               1                      10
   3017 x(151,18)               1                      11
   3024 x(152,5)                1                      13
   3057 x(153,18)               1                      10
   3063 x(154,4)                1                      16
   3092 x(155,13)               1                      11
   3102 x(156,3)                1                      12
   3121 x(157,2)                1                      12
   3142 x(158,3)                1                      10
   3164 x(159,5)                1                      17
   3199 x(160,20)               1                      14
   3219 x(161,20)               1                      10
   3225 x(162,6)                1                      11
   3248 x(163,9)                1                      11
   3266 x(164,7)                1                      12
   3283 x(165,4)                1                      10
   3305 x(166,6)                1                      11
   3326 x(167,7)                1                      12
   3357 x(168,18)               1                      11
   3361 x(169,2)                1                      11
   3393 x(170,14)               1                      10
   3404 x(171,5)                1                      12
   3424 x(172,5)                1                      10
   3451 x(173,12)               1                      18
   3472 x(174,13)               1                      10
   3481 x(175,2)                1                      12
   3506 x(176,7)                1                      11
   3527 x(177,8)                1                      19
   3544 x(178,5)                1                      11
   3572 x(179,13)               1                      12
   3582 x(180,3)                1                      12
   3616 x(181,17)               1                      15
   3627 x(182,8)                1                      13
   3640 x(183,1)                1                      15
   3670 x(184,11)               1                      12
   3692 x(185,13)               1                      16
   3709 x(186,10)               1                      14
   3732 x(187,13)               1                      15
   3741 x(188,2)                1                      11
   3766 x(189,7)                1                      18
   3791 x(190,12)               1                      10
   3818 x(191,19)               1                      11
   3834 x(192,15)               1                      13
   3849 x(193,10)               1                      11
   3866 x(194,7)                1                      14
   3891 x(195,12)               1                      12
   3919 x(196,20)               1                      11
   3932 x(197,13)               1                      15
   3953 x(198,14)               1                      11
   3963 x(199,4)                1                      11
   3996 x(200,17)               1                      11
   4016 x(201,17)               1                      11
   4034 x(202,15)               1                      12
   4054 x(203,15)               1                      16
   4072 x(204,13)               1                      13
   4096 x(205,17)               1                      12
   4113 x(206,14)               1                      11
   4128 x(207,9)                1                      11
   4147 x(208,8)                1                      14
   4168 x(209,9)                1                      10
   4194 x(210,15)               1                      10
   4204 x(211,5)                1                      11
   4239 x(212,20)               1                      15
   4240 x(213,1)                1                      12
   4272 x(214,13)               1                      13
   4281 x(215,2)                1                      12
   4312 x(216,13)               1                      12
   4330 x(217,11)               1                      11
   4359 x(218,20)               1                      12
   4369 x(219,10)               1                      10
   4397 x(220,18)               1                      14
   4409 x(221,10)               1                      10
   4426 x(222,7)                1                      10
   4440 x(223,1)                1                      12
   4466 x(224,7)                1                      12
   4488 x(225,9)                1                      14
   4507 x(226,8)                1                      10
   4522 x(227,3)                1                      11
   4549 x(228,10)               1                      16
   4573 x(229,14)               1                      10
   4596 x(230,17)               1                      10
   4614 x(231,15)               1                      12
   4624 x(232,5)                1                      12
   4659 x(233,20)               1                      17
   4678 x(234,19)               1                      10
   4680 x(235,1)                1                      11
   4713 x(236,14)               1                      14
   4739 x(237,20)               1                      11
   4749 x(238,10)               1                      13
   4764 x(239,5)                1                      11
   4780 x(240,1)                1                      10
   4807 x(241,8)                1                      14
   4829 x(242,10)               1                      10
   4856 x(243,17)               1                      10
   4860 x(244,1)                1                      12
   4892 x(245,13)               1                      10
   4909 x(246,10)               1                      10
   4930 x(247,11)               1                      12
   4952 x(248,13)               1                      10
   4965 x(249,6)                1                      12
   4997 x(250,18)               1                      11
   5014 x(251,15)               1                      17
   5022 x(252,3)                1                      14
   5041 x(253,2)                1                      14
   5063 x(254,4)                1                      14
   5089 x(255,10)               1                      10
   5105 x(256,6)                1                      10
   5131 x(257,12)               1                      10
   5155 x(258,16)               1                      12
   5163 x(259,4)                1                      16
   5182 x(260,3)                1                      13
   5214 x(261,15)               1                      16
   5234 x(262,15)               1                      12
   5247 x(263,8)                1                      10
   5270 x(264,11)               1                      10
   5288 x(265,9)                1                      11
   5314 x(266,15)               1                      10
   5326 x(267,7)                1                      11
   5354 x(268,15)               1                      13
   5367 x(269,8)                1                      11
   5385 x(270,6)                1                      13
   5409 x(271,10)               1                      12
   5435 x(272,16)               1                      11
   5455 x(273,16)               1                      10
   5460 x(274,1)                1                      15
   5485 x(275,6)                1                      16
   5509 x(276,10)               1                      12
   5520 x(277,1)                1                      12
   5558 x(278,19)               1                      11
   5568 x(279,9)                1                      12
   5593 x(280,14)               1                      10
   5609 x(281,10)               1                      11
   5639 x(282,20)               1                      18
   5659 x(283,20)               1                      13
   5670 x(284,11)               1                      10
   5689 x(285,10)               1                      10
   5716 x(286,17)               1                      28
   5725 x(287,6)                1                      13
   5740 x(288,1)                1                      10
   5771 x(289,12)               1                      12
   5782 x(290,3)                1                      11
   5817 x(291,18)               1                      10
   5827 x(292,8)                1                      12
   5840 x(293,1)                1                      11
   5875 x(294,16)               1                      10
   5892 x(295,13)               1                      10
   5913 x(296,14)               1                      11
   5930 x(297,11)               1                      14
   5942 x(298,3)                1                      19
   5978 x(299,19)               1                      10
   5990 x(300,11)               1                      10
   6000 x(301,1)                1                      12
   6033 x(302,14)               1                      10
   6056 x(303,17)               1                      11
   6076 x(304,17)               1                      14
   6083 x(305,4)                1                      11
   6114 x(306,15)               1                      13
   6135 x(307,16)               1                      10
   6153 x(308,14)               1                      11
   6173 x(309,14)               1                      11
   6186 x(310,7)                1                      10
   6210 x(311,11)               1                      11
   6237 x(312,18)               1                      11
   6256 x(313,17)               1                      16
   6276 x(314,17)               1                      10
   6293 x(315,14)               1                      11
   6315 x(316,16)               1                      12
   6320 x(317,1)                1                      10
   6355 x(318,16)               1                      10
   6375 x(319,16)               1                      12
   6396 x(320,17)               1                      15
   6410 x(321,11)               1                      11
   6435 x(322,16)               1                      11
   6456 x(323,17)               1                      14
   6473 x(324,14)               1                      10
   6483 x(325,4)                1                      10
   6505 x(326,6)                1                      12
   6533 x(327,14)               1                      10
   6542 x(328,3)                1                      13
   6573 x(329,14)               1                      11
   6594 x(330,15)               1                      10
   6601 x(331,2)                1                      16
   6626 x(332,7)                1                      15
   6644 x(333,5)                1                      12
   6667 x(334,8)                1                      11
   6686 x(335,7)                1                      12
   6705 x(336,6)                1                      17
   6739 x(337,20)               1                      10
   6746 x(338,7)                1                      12
   6765 x(339,6)                1                      15
   6782 x(340,3)                1                      14
   6817 x(341,18)               1                      13
   6837 x(342,18)               1                      10
   6844 x(343,5)                1                      12
   6870 x(344,11)               1                      12
   6883 x(345,4)                1                      10
   6910 x(346,11)               1                      10
   6928 x(347,9)                1                      10
   6955 x(348,16)               1                      11
   6978 x(349,19)               1                      10
   6991 x(350,12)               1                      11
   7013 x(351,14)               1                      14
   7025 x(352,6)                1                      10
   7042 x(353,3)                1                      11
   7062 x(354,3)                1                      10
   7092 x(355,13)               1                      10
   7111 x(356,12)               1                      13
   7132 x(357,13)               1                      10
   7150 x(358,11)               1                      10
   7164 x(359,5)                1                      10
   7195 x(360,16)               1                      12
   7211 x(361,12)               1                      11
   7233 x(362,14)               1                      12
   7247 x(363,8)                1                      24
   7262 x(364,3)                1                      15
   7291 x(365,12)               1                      13
   7309 x(366,10)               1                      12
   7328 x(367,9)                1                      12
   7345 x(368,6)                1                      11
   7362 x(369,3)                1                      11
   7395 x(370,16)               1                      13
   7404 x(371,5)                1                      15
   7439 x(372,20)               1                      10
   7451 x(373,12)               1                      10
   7474 x(374,15)               1                      15
   7483 x(375,4)                1                      12
   7506 x(376,7)                1                      10
   7525 x(377,6)                1                      12
   7558 x(378,19)               1                      10
   7565 x(379,6)                1                      12
   7589 x(380,10)               1                      12
   7617 x(381,18)               1                      16
   7639 x(382,20)               1                      11
   7656 x(383,17)               1                      17
   7677 x(384,18)               1                      16
   7688 x(385,9)                1                      11
   7718 x(386,19)               1                      15
   7727 x(387,8)                1                      12
   7746 x(388,7)                1                      19
   7774 x(389,15)               1                      15
   7796 x(390,17)               1                      10
   7817 x(391,18)               1                      10
   7836 x(392,17)               1                      10
   7851 x(393,12)               1                      10
   7873 x(394,14)               1                      10
   7891 x(395,12)               1                      12
   7917 x(396,18)               1                      12
   7923 x(397,4)                1                      10
   7957 x(398,18)               1                      11
   7968 x(399,9)                1                      10
   7991 x(400,12)               1                      11
