Stopped on time - objective value 461.00000000
      0 h                    461                       0
      7 X0.16                  1                      31
      8 X1.0                   1                      23
     16 X2.0                   1                      55
     24 X3.0                   1                      75
     34 X4.0                   1                      82
     60 X5.19                  1                      53
     94 X6.26                  1                       0
    138 X7.40                  1                       0
    149 X8.0                   1                      68
    233 X9.73                  1                       0
    234 X10.0                  1                      74
    329 X11.65                 1                       0
    387 X12.76                 1                       0
    440 X13.80                 1                       0
    442 X14.0                  1                       0
    548 X15.89                 1                       0
    602 X16.92                 1                       0
    651 X17.85                 1                       0
    688 X18.98                 1                       0
