Stopped on time - objective value 1075.00000000
     35 X1177                  1                       2
     55 X5242                  1                       1
     81 X6412                  1                       2
    136 X8967                  1                       2
    217 X17509                 1                       2
    251 X17829                 1                       2
    262 X17975                 1                       2
    279 X18166                 1                       1
    295 X18277                 1                       2
    297 X18616                 1                       2
    298 X18726                 1                       2
    488 X19734                 1                       1
    507 X22123                 1                       2
    546 X23339                 1                       1
    716 X28781                 1                       1
    724 X28947                 1                       1
    769 X32437                 1                       2
    791 X32624                 1                       2
    829 X36754                 1                       2
    955 X44618                 1                       2
    967 X45144                 1                       1
    974 X45228                 1                       1
    993 X45500                 1                       2
   1015 X46228                 1                       2
   1101 X52750                 1                       2
   1114 X53198                 1                       1
   1116 X53205                 1                       1
   1181 X54246                 1                       2
   1190 X54272                 1                       2
   1209 X54577                 1                       1
   1263 X55295                 1                       2
   1303 X58512                 1                       1
   1329 X59376                 1                       2
   1350 X60660                 1                       2
   1382 X62436                 1                       1
   1459 X67048                 1                       1
   1474 X67681                 1                       1
   1538 X70158                 1                       1
   1558 X70950                 1                       1
   1573 X74235                 1                       2
   1574 X74236                 1                       2
   1587 X75151                 1                       2
   1647 X79522                 1                       1
   1668 X82719                 1                       1
   1727 X83202                 1                       2
   1735 X83659                 1                       2
   1749 X85091                 1                       2
   1776 X85601                 1                       1
   1788 X85715                 1                       1
   1827 X86577                 1                       1
   1842 X86618                 1                       1
   2000 X88689                 1                       2
   2058 X89032                 1                       1
   2103 X90434                 1                       2
   2122 X90638                 1                       2
   2139 X91397                 1                       2
   2344 X93712                 1                       1
   2347 X93788                 1                       2
   2374 X93991                 1                       1
   2478 X95183                 1                       1
   2496 X95877                 1                       1
   2497 X96144                 1                       2
   2556 X97373                 1                       2
   2573 X97694                 1                       2
   2611 X98163                 1                       1
   2620 X100017                1                       1
   2628 X100595                1                       2
   2644 X101239                1                       1
   2660 X103862                1                       1
   2756 X106639                1                       2
   2827 X107847                1                       2
   2838 X108134                1                       1
   2864 X108641                1                       2
   2883 X109216                1                       1
   2894 X110026                1                       2
   2929 X110667                1                       1
   3012 X111344                1                       1
   3017 X111367                1                       2
   3073 X112658                1                       1
   3127 X115444                1                       2
   3213 X118600                1                       2
   3321 X122788                1                       2
   3345 X123652                1                       2
   3458 X126887                1                       2
   3472 X128198                1                       1
   3509 X130273                1                       1
   3528 X131302                1                       1
   3538 X131437                1                       1
   3550 X132062                1                       2
   3570 X132625                1                       1
   3583 X133127                1                       2
   3608 X133684                1                       1
   3630 X135131                1                       2
   3639 X136439                1                       2
   3684 X136946                1                       2
   3686 X137434                1                       1
   3715 X138159                1                       1
   3726 X138739                1                       2
   3737 X139163                1                       2
   3762 X140262                1                       2
   3767 X141196                1                       2
   3773 X141259                1                       2
   3780 X141828                1                       1
   3821 X144700                1                       2
   3829 X145453                1                       2
   3850 X146821                1                       2
   3870 X147947                1                       2
   3912 X149277                1                       1
   3925 X150269                1                       1
   3960 X151714                1                       2
   3993 X152834                1                       2
   4045 X161538                1                       1
   4092 X166771                1                       2
   4127 X171376                1                       1
   4213 X182768                1                       2
   4234 X188989                1                       1
   4363 X200883                1                       1
   4379 X203057                1                       1
   4499 X225183                1                       2
   4605 X230362                1                       2
   4670 X230966                1                       2
   4686 X233667                1                       1
   4716 X234897                1                       1
   4743 X239455                1                       1
   4763 X239821                1                       1
   4789 X240688                1                       2
   4836 X242173                1                       2
   4961 X246678                1                       1
   5173 X253249                1                       2
   5211 X256826                1                       1
   5373 X262014                1                       1
   5393 X265499                1                       2
   5425 X271129                1                       2
   5468 X271978                1                       2
   5529 X272885                1                       1
   5576 X273435                1                       1
   5577 X273660                1                       2
   5588 X275362                1                       1
   5628 X278944                1                       1
   5674 X279842                1                       1
   5682 X280142                1                       2
   5829 X291493                1                       1
   5849 X297886                1                       1
   5876 X302736                1                       1
   5935 X317322                1                       1
   5943 X323299                1                       2
   5966 X324208                1                       1
   5979 X326805                1                       2
   6019 X327727                1                       2
   6040 X329726                1                       2
   6071 X335340                1                       2
   6154 X345768                1                       1
   6212 X348681                1                       2
   6272 X350065                1                       1
   6309 X352325                1                       2
   6332 X353948                1                       2
   6386 X354527                1                       1
   6390 X355052                1                       1
   6442 X356689                1                       1
   6621 X365879                1                       2
   6655 X370033                1                       1
   6709 X370335                1                       1
   6729 X370472                1                       2
   6737 X371329                1                       1
   6802 X373386                1                       2
   6890 X386847                1                       1
   6940 X399706                1                       2
   6969 X402619                1                       1
   7008 X407943                1                       2
   7036 X410779                1                       1
   7108 X418846                1                       2
   7185 X424615                1                       1
   7289 X433779                1                       2
   7378 X441828                1                       1
   7414 X447382                1                       2
   7456 X451907                1                       1
   7527 X453776                1                       2
   7565 X456419                1                       1
   7607 X457135                1                       2
   7659 X457891                1                       2
   7722 X461341                1                       2
   7840 X467610                1                       2
   7855 X475943                1                       1
   7885 X485983                1                       1
   7957 X492918                1                       2
   7979 X495165                1                       2
   8067 X499603                1                       1
   8292 X502652                1                       1
   8375 X502765                1                       1
   8409 X511971                1                       1
   8435 X518455                1                       2
   8442 X525124                1                       2
   8506 X530251                1                       1
   8578 X538124                1                       1
   8602 X544984                1                       1
   8650 X546666                1                       2
   8695 X549083                1                       2
   8720 X549925                1                       1
   8755 X552121                1                       1
   8831 X555879                1                       2
   8846 X556099                1                       1
   8872 X556849                1                       2
   8996 X560545                1                       1
   9012 X567208                1                       1
   9020 X576118                1                       2
   9028 X576792                1                       1
   9082 X592529                1                       1
   9111 X598832                1                       2
   9198 X614396                1                       1
   9237 X617105                1                       1
   9353 X625143                1                       2
   9511 X635478                1                       1
   9515 X635676                1                       1
   9602 X636285                1                       1
   9636 X638613                1                       2
   9660 X645581                1                       1
   9720 X667192                1                       2
   9855 X679860                1                       1
   9926 X683683                1                       2
   9971 X686808                1                       1
   9983 X692017                1                       1
  10023 X700743                1                       1
  10026 X701471                1                       2
  10067 X705341                1                       1
  10089 X706696                1                       1
  10108 X707220                1                       2
  10122 X707842                1                       2
  10136 X710160                1                       2
  10171 X712335                1                       1
  10189 X715256                1                       2
  10219 X721516                1                       2
  10241 X722972                1                       2
  10283 X723671                1                       2
  10360 X724388                1                       2
  10368 X724477                1                       2
  10399 X726714                1                       2
  10413 X727222                1                       2
  10454 X728318                1                       1
  10469 X728335                1                       2
  10505 X728383                1                       2
  10551 X728429                1                       2
  10591 X731729                1                       2
  10629 X736132                1                       1
  10731 X740386                1                       1
  10751 X740871                1                       2
  10839 X741854                1                       2
  10885 X742240                1                       1
  11045 X748472                1                       1
  11052 X750093                1                       1
  11102 X752598                1                       1
  11129 X754248                1                       1
  11137 X754442                1                       2
  11184 X754942                1                       2
  11237 X757094                1                       2
  11305 X759461                1                       1
  11322 X759691                1                       1
  11451 X763088                1                       1
  11496 X763626                1                       1
  11519 X764787                1                       1
  11562 X767358                1                       2
  11683 X769985                1                       2
  11722 X770056                1                       1
  11740 X770450                1                       2
  11747 X770466                1                       1
  11786 X771316                1                       1
  11845 X773635                1                       1
  11851 X773966                1                       2
  11858 X774376                1                       2
  11887 X775316                1                       2
  11889 X775322                1                       1
  11910 X778691                1                       1
  11912 X779653                1                       1
  11914 X779799                1                       2
  11937 X782572                1                       2
  11963 X784030                1                       1
  11982 X784334                1                       1
  11985 X784449                1                       2
  12022 X785735                1                       2
  12068 X787261                1                       1
  12109 X788614                1                       2
  12118 X790599                1                       2
  12143 X790996                1                       2
  12207 X793189                1                       1
  12214 X793481                1                       2
  12246 X794045                1                       1
  12270 X794492                1                       1
  12292 X795670                1                       2
  12397 X796391                1                       1
  12400 X796530                1                       1
  12447 X797789                1                       1
  12476 X798438                1                       1
  12504 X799586                1                       2
  12520 X799996                1                       1
  12526 X800153                1                       1
  12544 X801407                1                       1
  12582 X802537                1                       1
  12593 X803429                1                       2
  12667 X805913                1                       2
  12743 X812701                1                       2
  12770 X813222                1                       1
  12785 X813527                1                       2
  12824 X813867                1                       2
  12840 X814126                1                       2
  12887 X814758                1                       2
  12899 X815430                1                       2
  12915 X815582                1                       1
  12916 X815645                1                       2
  12934 X816168                1                       2
  12990 X816835                1                       2
  13007 X816862                1                       2
  13009 X816864                1                       2
  13014 X816869                1                       1
  13035 X817948                1                       1
  13048 X818769                1                       2
  13095 X821036                1                       2
  13137 X822288                1                       2
  13165 X822456                1                       2
  13190 X823478                1                       1
  13206 X823687                1                       1
  13213 X824174                1                       1
  13237 X824533                1                       2
  13248 X825441                1                       1
  13273 X826312                1                       2
  13281 X826856                1                       2
  13292 X826972                1                       2
  13322 X828440                1                       1
  13333 X828789                1                       2
  13351 X829265                1                       2
  13387 X829757                1                       1
  13389 X829766                1                       2
  13472 X830683                1                       2
  13502 X830813                1                       1
  13515 X830928                1                       2
  13538 X831107                1                       2
  13549 X831118                1                       2
  13557 X831373                1                       2
  13671 X832050                1                       1
  13693 X832692                1                       1
  13749 X833028                1                       2
  13756 X833360                1                       2
  13764 X833619                1                       1
  13790 X834505                1                       1
  13807 X834562                1                       1
  13816 X834779                1                       2
  13860 X836042                1                       1
  13870 X836254                1                       2
  13881 X836577                1                       1
  13895 X836591                1                       2
  13912 X837545                1                       2
  13935 X838042                1                       2
  13982 X839326                1                       1
  13998 X839450                1                       2
  14067 X840597                1                       2
  14091 X840867                1                       1
  14102 X840989                1                       1
  14111 X841341                1                       2
  14153 X842012                1                       2
  14163 X842289                1                       1
  14164 X842393                1                       2
  14176 X842634                1                       2
  14203 X843454                1                       1
  14255 X845089                1                       1
  14319 X852700                1                       1
  14320 X853007                1                       1
  14326 X854188                1                       1
  14331 X855039                1                       1
  14377 X863188                1                       2
  14381 X864061                1                       2
  14398 X864220                1                       1
  14404 X864226                1                       1
  14420 X864242                1                       1
  14470 X864808                1                       2
  14539 X865818                1                       2
  14547 X865993                1                       2
  14612 X866085                1                       2
  14638 X866125                1                       2
  14729 X867376                1                       2
  14810 X867781                1                       1
  14866 X868126                1                       1
  14895 X869183                1                       2
  14921 X870946                1                       1
  14945 X883665                1                       1
  14999 X886420                1                       2
  15020 X890935                1                       2
  15056 X892072                1                       2
  15081 X892746                1                       2
  15084 X893160                1                       2
  15085 X893202                1                       2
  15097 X893225                1                       2
  15121 X899780                1                       2
  15125 X901394                1                       2
  15218 X940238                1                       2
  15265 X940903                1                       2
  15303 X941341                1                       2
  15321 X941644                1                       2
  15329 X942014                1                       2
  15337 X942168                1                       2
  15361 X942812                1                       2
  15382 X943090                1                       2
  15395 X943726                1                       1
  15403 X944031                1                       2
  15418 X944298                1                       2
  15438 X944427                1                       1
  15440 X944478                1                       1
  15445 X944555                1                       1
  15469 X944646                1                       2
  15481 X944736                1                       2
  15482 X944742                1                       1
  15493 X944804                1                       2
  15500 X944845                1                       1
  15526 X945120                1                       2
  15546 X945514                1                       1
  15547 X945666                1                       2
  15572 X946135                1                       2
  15586 X946184                1                       2
  15596 X946286                1                       2
  15610 X946368                1                       2
  15615 X946475                1                       1
  15623 X946486                1                       1
  15626 X946489                1                       1
  15629 X946778                1                       2
  15691 X950368                1                       2
  15697 X950410                1                       2
  15713 X952084                1                       1
  15752 X952608                1                       1
  15766 X952705                1                       1
  15794 X952850                1                       1
  15829 X954591                1                       2
  15847 X954919                1                       2
  15865 X955098                1                       1
  15871 X955246                1                       1
  15920 X958729                1                       2
  15931 X958869                1                       2
  15934 X958884                1                       1
  15991 X959828                1                       1
  15993 X959830                1                       1
  15995 X959836                1                       1
  15998 X959893                1                       1
  16017 X960096                1                       1
  16034 X960367                1                       2
  16075 X961892                1                       1
  16088 X961985                1                       1
  16096 X962134                1                       2
  16149 X963124                1                       2
  16175 X963457                1                       1
  16185 X963597                1                       1
  16198 X963621                1                       1
  16244 X963800                1                       2
  16263 X964041                1                       1
  16269 X964067                1                       2
  16308 X964522                1                       2
  16341 X964737                1                       2
  16362 X965032                1                       2
  16383 X965099                1                       2
  16388 X966698                1                       1
  16398 X967441                1                       1
  16446 X968475                1                       1
  16538 X970567                1                       1
  16547 X971228                1                       2
  16570 X978036                1                       1
  16580 X978531                1                       2
  16610 X978753                1                       2
  16698 X981240                1                       2
  16731 X981478                1                       1
  16741 X981579                1                       1
  16775 X982056                1                       2
  16782 X982113                1                       2
  16800 X982666                1                       1
  16820 X983179                1                       2
  16856 X984010                1                       1
  16874 X984344                1                       1
  16907 X984859                1                       1
  16914 X985276                1                       1
  16937 X986249                1                       1
  16956 X987169                1                       1
  16974 X987520                1                       1
  16975 X987555                1                       2
  17047 X988957                1                       2
  17082 X989649                1                       1
  17103 X991517                1                       1
  17247 X993110                1                       1
  17263 X993476                1                       1
  17338 X994172                1                       1
  17355 X995069                1                       2
  17408 X998025                1                       2
  17420 X999168                1                       2
  17436 X999712                1                       2
  17468 X1002077               1                       1
  17478 X1002635               1                       2
  17494 X1003877               1                       1
  17500 X1003958               1                       1
  17514 X1004121               1                       1
  17532 X1004765               1                       1
  17537 X1005137               1                       1
  17562 X1005587               1                       1
  17591 X1006242               1                       2
  17595 X1006352               1                       1
  17603 X1006436               1                       1
  17640 X1007219               1                       2
  17652 X1008269               1                       2
  17695 X1009282               1                       1
  17757 X1009669               1                       1
  17788 X1010307               1                       1
  17802 X1010718               1                       1
  17809 X1011008               1                       1
  17839 X1011559               1                       1
  17844 X1011711               1                       2
  17858 X1012536               1                       2
  17877 X1013245               1                       2
  17899 X1013965               1                       2
  17903 X1014190               1                       1
  17943 X1014487               1                       2
  17966 X1015740               1                       2
  17981 X1016041               1                       1
  18001 X1016137               1                       2
  18005 X1016145               1                       1
  18073 X1020018               1                       1
  18078 X1020501               1                       1
  18168 X1026148               1                       2
  18239 X1028037               1                       1
  18281 X1029390               1                       2
  18320 X1030306               1                       2
  18325 X1030452               1                       2
  18349 X1030860               1                       1
  18354 X1031573               1                       2
  18385 X1034232               1                       1
  18399 X1035105               1                       1
  18427 X1036145               1                       1
  18457 X1037162               1                       2
  18463 X1037351               1                       2
  18518 X1040594               1                       2
  18560 X1041603               1                       1
  18581 X1042017               1                       2
  18617 X1043091               1                       1
  18618 X1043103               1                       1
  18622 X1043184               1                       2
  18632 X1043274               1                       1
  18657 X1043483               1                       2
  18693 X1044140               1                       1
  18706 X1044741               1                       1
  18708 X1044827               1                       1
  18721 X1045044               1                       1
  18748 X1045622               1                       2
  18778 X1045998               1                       2
  18801 X1046540               1                       1
  18805 X1047088               1                       1
  18815 X1047517               1                       2
  18817 X1047573               1                       1
  18848 X1047860               1                       2
  18880 X1047963               1                       2
  18886 X1048162               1                       1
  18903 X1048426               1                       2
  18918 X1048861               1                       2
  18927 X1048984               1                       2
  18949 X1049904               1                       1
  18990 X1051041               1                       1
  19018 X1051459               1                       2
  19059 X1051652               1                       2
  19102 X1051851               1                       1
  19121 X1052059               1                       2
  19136 X1052203               1                       2
  19158 X1052460               1                       2
  19212 X1053587               1                       1
  19222 X1053617               1                       1
  19226 X1053691               1                       2
  19236 X1053881               1                       1
  19248 X1054133               1                       1
  19274 X1054232               1                       1
  19281 X1054273               1                       2
  19297 X1054379               1                       2
  19312 X1054564               1                       1
  19322 X1054653               1                       1
  19324 X1054655               1                       1
  19331 X1054662               1                       1
  19333 X1054664               1                       1
  19351 X1054740               1                       1
  19353 X1054800               1                       2
  19356 X1054803               1                       2
  19366 X1054813               1                       1
  19398 X1055118               1                       2
  19403 X1055123               1                       2
  19436 X1055516               1                       2
  19458 X1055565               1                       2
  19476 X1055722               1                       1
  19495 X1055975               1                       1
  19515 X1056221               1                       2
  19519 X1056244               1                       1
  19524 X1056434               1                       2
  19529 X1056470               1                       1
  19559 X1056908               1                       2
  19572 X1057048               1                       1
  19587 X1058279               1                       1
  19623 X1058856               1                       2
  19624 X1058870               1                       2
  19681 X1061611               1                       2
  19683 X1061795               1                       2
  19695 X1062167               1                       1
  19715 X1062851               1                       2
  19723 X1062999               1                       2
  19727 X1063011               1                       2
  19757 X1064889               1                       2
  19805 X1066064               1                       1
  19842 X1067022               1                       1
  19867 X1067624               1                       2
  19881 X1067796               1                       2
  19898 X1067922               1                       2
  19904 X1067935               1                       1
  19928 X1068366               1                       2
  19941 X1068858               1                       1
  19960 X1068896               1                       2
  19980 X1069087               1                       2
  20022 X1069764               1                       1
  20068 X1069988               1                       2
  20090 X1070215               1                       1
  20092 X1070409               1                       2
  20109 X1070499               1                       2
  20114 X1070728               1                       1
  20129 X1070978               1                       2
  20187 X1071876               1                       2
  20210 X1072300               1                       2
  20240 X1072733               1                       2
  20247 X1072741               1                       2
  20254 X1072922               1                       2
  20278 X1073231               1                       2
  20285 X1073248               1                       2
  20302 X1073375               1                       2
  20306 X1073398               1                       2
  20340 X1073530               1                       2
  20351 X1073713               1                       2
  20367 X1073820               1                       1
  20370 X1073857               1                       2
  20396 X1073996               1                       1
  20407 X1074214               1                       2
  20430 X1074521               1                       2
  20452 X1074638               1                       2
  20466 X1074656               1                       2
  20492 X1074757               1                       2
  20507 X1074842               1                       2
  20515 X1074854               1                       2
  20522 X1074880               1                       1
  20530 X1074981               1                       2
  20551 X1075218               1                       1
  20555 X1075228               1                       2
  20632 X1078029               1                       2
  20647 X1079440               1                       2
  20693 X1082012               1                       1
  20723 X1082295               1                       1
  20754 X1082411               1                       2
  20782 X1082703               1                       2
  20786 X1082707               1                       1
  20799 X1082720               1                       1
  20813 X1082734               1                       1
  20823 X1082744               1                       1
  20840 X1082771               1                       1
  20843 X1082779               1                       2
  20870 X1082917               1                       2
  20890 X1083045               1                       2
  20906 X1083115               1                       1
  20926 X1083310               1                       2
  20936 X1083608               1                       1
  20950 X1083673               1                       1
  20966 X1083824               1                       1
  20980 X1083895               1                       2
  21003 X1084023               1                       1
  21034 X1084952               1                       2
  21072 X1085624               1                       1
  21098 X1085825               1                       2
  21111 X1085925               1                       2
  21136 X1086040               1                       1
  21148 X1086063               1                       2
  21169 X1086161               1                       2
  21196 X1086252               1                       2
  21215 X1086390               1                       2
  21235 X1086620               1                       2
  21247 X1087014               1                       2
  21261 X1088050               1                       1
  21278 X1088176               1                       1
  21284 X1088197               1                       1
  21297 X1088227               1                       2
  21338 X1088376               1                       2
  21353 X1088449               1                       1
  21354 X1088450               1                       2
  21365 X1088475               1                       2
  21373 X1088524               1                       1
  21382 X1088842               1                       1
  21402 X1089430               1                       1
  21423 X1090014               1                       2
  21429 X1090022               1                       2
  21475 X1090898               1                       1
  21483 X1090944               1                       2
  21497 X1091015               1                       1
  21508 X1091128               1                       2
  21511 X1091196               1                       1
  21520 X1091228               1                       2
  21543 X1091509               1                       1
  21566 X1091803               1                       1
  21572 X1091811               1                       1
  21581 X1091822               1                       1
  21590 X1091883               1                       1
  21610 X1092131               1                       1
  21624 X1092201               1                       1
  21653 X1092330               1                       1
  21654 X1092338               1                       1
  21658 X1092344               1                       2
  21676 X1092414               1                       1
