Optimal - objective value 245824.72423553
     40 x40                    1               1199.3996
    198 x198                   1                  2241.6
    294 x294                   1                  2241.6
    315 x315                   1                       0
    501 x501                   1                  2241.6
    624 x624                   1                  2241.6
    707 x707                   1                  2241.6
    814 x814                   1                  2241.6
    872 x872                   1                       0
    986 x986                   1                916.1998
   1121 x1121                  1                  2241.6
   1190 x1190                  1                       0
   1360 x1360                  1               1117.7996
   1439 x1439                  1                  2241.6
   1493 x1493                  1                       0
   1606 x1606                  1                       0
   1772 x1772                  1                  2241.6
   1794 x1794                  1                       0
   1905 x1905                  1                       0
   2011 x2011                  1                       0
   2188 x2188                  1               1199.3996
   2215 x2215                  1                       0
   2377 x2377                  1                  2241.6
   2417 x2417                  1                       0
   2622 x2622                  1               1199.3996
   2630 x2630                  1                       0
   2764 x2764                  1                       0
   2856 x2856                  1                       0
   3020 x3020                  1               1199.3996
   3059 x3059                  1                       0
   3192 x3192                  1                  2241.6
   3342 x3342                  1               1199.3996
   3393 x3393                  1                       0
   3512 x3512                  1                  2241.6
   3646 x3646                  1                  2241.6
   3700 x3700                  1                       0
   3869 x3869                  1               1199.3996
   3986 x3986                  1                  2241.6
   4048 x4048                  1               1053.0854
   4149 x4149                  1                  2241.6
   4303 x4303                  1                       0
   4361 x4361                  1               653.39996
   4496 x4496                  1               1512.7714
   4558 x4558                  1               17658.531
   4639 x4639                  1               833.39996
   4778 x4778                  1                       0
   4859 x4859                  1               970.79979
   5018 x5018                  1               321.59998
   5053 x5053                  1               2128.3713
   5208 x5208                  1                       0
   5300 x5300                  1               11259.687
   5367 x5367                  1               2128.3713
   5512 x5512                  1               17658.531
   5582 x5582                  1               1193.3997
   5721 x5721                  1                       0
   5797 x5797                  1               1193.3997
   5977 x5977                  1               2128.2854
   5996 x5996                  1               970.79979
   6147 x6147                  1                       0
   6232 x6232                  1               2128.3713
   6318 x6318                  1               2128.3713
   6431 x6431                  1               1193.3997
   6530 x6530                  1               2128.3713
   6643 x6643                  1               1193.3997
   6784 x6784                  1               28445.613
   6880 x6880                  1               1057.1997
   6992 x6992                  1                       0
   7139 x7139                  1                       0
   7234 x7234                  1                       0
   7314 x7314                  1               12866.656
   7420 x7420                  1               16452.954
   7515 x7515                  1                       0
   7632 x7632                  1               12327.771
   7669 x7669                  1               1193.3997
   7861 x7861                  1                       0
   7876 x7876                  1               1193.3997
   8065 x8065                  1                       0
   8151 x8151                  1                       0
   8268 x8268                  1               16366.644
   8339 x8339                  1               1057.1997
   8468 x8468                  1                       0
   8564 x8564                  1                       0
   8640 x8640                  1               1193.3997
   8718 x8718                  1               1193.3997
   8910 x8910                  1                       0
   8952 x8952                  1               2128.3713
   9038 x9038                  1               2128.3713
   9183 x9183                  1                       0
   9322 x9322                  1                       0
   9418 x9418                  1                       0
   9486 x9486                  1               1193.3997
   9579 x9579                  1               2128.3713
   9709 x9709                  1                       0
   9840 x9840                  1                       0
   9909 x9909                  1               833.39996
  10070 x10070                 1               13931.489
  10176 x10176                 1               11392.799
  10223 x10223                 1               2128.3713
  10297 x10297                 1               1193.3997
  10493 x10493                 1                       0
  10545 x10545                 1                       0
  10651 x10651                 1                       0
  10775 x10775                 1                       0
  10876 x10876                 1                       0
  10926 x10926                 1               2128.3713
  11025 x11025             11004                       0
  11026 x11026              7037                       0
  11027 x11027             20318                       0
  11028 x11028              4764                       0
  11029 x11029             33274                       0
  11030 x11030         26681.428                       0
  11031 x11031             21998                       0
  11032 x11032             10660                       0
  11033 x11033             30699                       0
  11034 x11034          22188.33                       0
  11035 x11035              8732                       0
  11036 x11036             35914                       0
  11037 x11037             10663                       0
  11038 x11038             40188                       0
  11039 x11039             19562                       0
  11040 x11040             40216                       0
  11041 x11041             21004                       0
  11042 x11042             27690                       0
  11043 x11043              7023                       0
  11044 x11044             37455                       0
  11045 x11045             32005                       0
  11046 x11046             36215                       0
  11047 x11047             39975                       0
  11048 x11048             40255                       0
  11049 x11049              3600                       0
  11050 x11050         27084.799                       0
  11051 x11051         23644.376                       0
  11052 x11052             10575                       0
  11053 x11053         23099.799                       0
  11054 x11054             21231                       0
  11055 x11055              8602                       0
  11056 x11056             11904                       0
  11057 x11057              9244                       0
  11058 x11058             27402                       0
  11059 x11059              9524                       0
  11060 x11060             33126                       0
  11061 x11061             11275                       0
  11062 x11062              8421                       0
  11063 x11063             13472                       0
  11064 x11064             18501                       0
  11065 x11065             11707                       0
  11066 x11066             19536                       0
  11067 x11067             30915                       0
  11068 x11068             22973                       0
  11069 x11069              7867                       0
  11070 x11070             29095                       0
  11071 x11071             37895                       0
  11072 x11072             12890                       0
  11073 x11073              7043                       0
  11074 x11074             10621                       0
  11075 x11075             23549                       0
  11076 x11076             32564                       0
  11077 x11077              5968                       0
  11078 x11078              8251                       0
  11079 x11079             38077                       0
  11080 x11080              6036                       0
  11081 x11081              6605                       0
  11082 x11082             35344                       0
  11083 x11083             33095                       0
  11084 x11084             12078                       0
  11085 x11085             14339                       0
  11086 x11086              6612                       0
  11087 x11087             15692                       0
  11088 x11088         22396.799                       0
  11089 x11089             31610                       0
