Optimal - objective value -305.19816718
     17 XFA10012           12000             -1.1933e-17
     35 XFA10024       8353.7451           2.8189256e-18
     51 XFA10034           12000                       0
     55 XFA10038       8333.7451           -6.505213e-19
    114 XFA10073       29.577689          -8.3483567e-18
    116 XFA10075       162.97111           5.5294311e-18
    132 XFA10085       4.4999667           1.7390908e-06
    133 XFA10086       27758.782           4.1165801e-18
    151 XFA10098       25894.737           1.9447876e-18
    154 XFA1009B       34520.474          -3.1645151e-18
    157 XFA1009E       3842.1102           6.9388939e-18
    160 XFA100A1       15979.397           4.1165801e-18
    197 XFA20012       37894.737          -7.9214521e-18
    209 XFA2001E        27824.72          -4.0284887e-18
    215 XFA20024       8461.7277           4.3368087e-19
    229 XFA20032       15360.487           2.9104052e-18
    231 XFA20034       15841.719                       0
    233 XFA20036       34520.474          -1.9989978e-18
    235 XFA20038       8478.2723           4.3368087e-19
    271 XFA2005C       1419.2172          -6.9388939e-18
    295 XFA20074        557.8626           9.8492991e-18
    351 XFA200AC          0.0012          -2.8189256e-18
    361 XFA30002       573.74741          -6.9388939e-18
    393 XFA30022       2973.5258          -6.9524464e-18
    425 XFA30042       993.52578          -6.9388939e-18
    426 XFA30043       38.795756            3.469447e-18
    427 XFA30044          0.0012          -1.3010426e-18
    469 XFA3006E       26886.325           2.7742023e-17
    493 XFA30086       37894.737          -1.4833241e-17
    496 XFA30089       4660.6235          -6.9524464e-18
    499 XFA3008C       15841.719          -1.3064636e-17
    502 XFA3008F        43743.07            -4.67901e-18
    522 XFA300A3            8470          -1.7347235e-18
    537 XFA300B2            8470          -1.7347235e-18
    550 XIB1000B           12000          -6.9388939e-18
    551 XIB1000C       8333.7451            3.469447e-18
    574 XIB10023           10000                       0
    576 XIB10025            2000                       0
    579 XIB10028       8353.7451                       0
    583 XIB1002C       4.4999667          -5.5511151e-17
    595 XIB10038       2.4370784          -6.9388939e-18
    597 XIB1003A       53651.081                       0
    598 XIB1003B       162.97111          -6.9388939e-18
    611 XIB10048       54341.982          -6.9388939e-18
    616 XIB1004D       29.577689                       0
    624 XIB20001       3.2229601          -6.9388939e-18
    625 XIB20002       16.544528                       0
    634 XIB2000B       65719.457          -6.9388939e-18
    635 XIB2000C       8461.7277                       0
    662 XIB20027       65719.457          -6.9388939e-18
    663 XIB20028       8461.7277                       0
    681 XIB2003A        557.8626                       0
    687 XIB20040       867.58018                       0
    689 XIB20042       551.63701           6.9388939e-18
    701 XIB2004E          0.0012           6.9388939e-18
    718 XIB3000B       3547.2732          -6.9388939e-18
    720 XIB3000D       573.74741           6.9388939e-18
    726 XIB30013       7.5578486          -6.9388939e-18
    727 XIB30014       38.796956          -1.0408341e-17
    730 XIB30017       985.96794                       0
    742 XIB30023       2973.5258                       0
    747 XIB30028       35.342489            3.469447e-18
    764 XIB30039            1485                       0
    765 XIB3003A       63296.062          -6.9388939e-18
    779 XIB30048       64245.413                       0
    783 XIB3004C            8470          -6.9388939e-18
    791 XIB30054            8470          -6.9388939e-18
    792 XIN10001             540              0.25207991
    793 XIN10002            2000                 0.04698
    794 XIN10003            1500                 0.04698
    795 XIN10004            2000             0.031831087
    796 XIN10005            2000                 0.02887
    797 XIN10006             180               2.6609831
    798 XIN10007             360             0.032601087
    799 XIN10008            1000                 0.04767
    800 XIN10009             360               2.9487234
    801 XIN1000A            4000                 0.04789
    802 XIN1000B            2000             0.032741087
    803 XIN1000C             450              0.25209991
    804 XIN1000D            2000                 0.04697
    805 XIN1000E            4000                 0.04698
    806 XIN1000F            4000                 0.04698
    807 XIN20001       534.60003                       0
    808 XIN20002       369.05124                       0
    812 XIN20006       2002.4371                       0
    818 XIN2000C       1960.2325                       0
    825 XIN20013            1980                       0
    831 XIN20019       178.20002          -4.4408921e-16
    833 XIN2001B           356.4           6.9388939e-18
    836 XIN2001E       416.25259                       0
    840 XIN20022       356.40002                       0
    845 XIN20027       2106.4519                       0
    851 XIN2002D        1933.644                       0
    859 XIN20035       445.50002                       0
    860 XIN20036       475.95203          -1.3877788e-17
    863 XIN20039              20          -2.4286129e-17
    867 XIN2003D            2000           6.9388939e-18
    869 XIN2003F            3960                       0
    874 XIN20044            4000                       0
    883 XIN30001       534.60001                       0
    884 XIN30002       926.91384                       0
    888 XIN30006       2002.4371                       0
    894 XIN3000C            1980                       0
    901 XIN30013            1980            3.469447e-18
    907 XIN30019       178.20001          -4.4408921e-16
    909 XIN3001B           356.4                       0
    912 XIN3001E       416.25259                       0
    916 XIN30022       356.40001                       0
    921 XIN30027       2974.0321          -6.9388939e-18
    927 XIN3002D       1933.6452          -6.9388939e-18
    935 XIN30035       445.50001                       0
    936 XIN30036       495.64908           6.9388939e-18
    939 XIN30039       3.4544672           1.3877788e-17
    945 XIN3003F            3960                       0
    950 XIN30044            4000                       0
    959 XIN40001           534.6             -0.25207991
    960 XIN40002            1980                -0.04698
    961 XIN40003            1485                -0.04698
    962 XIN40004            1980            -0.031831087
    963 XIN40005            1980                -0.02887
    964 XIN40006           178.2              -2.6609831
    965 XIN40007           356.4            -0.032601087
    966 XIN40008             990                -0.04767
    967 XIN40009           356.4              -2.9487234
    968 XIN4000A            3960                -0.04789
    969 XIN4000B            1980            -0.032741087
    970 XIN4000C           445.5             -0.25209991
    971 XIN4000D            1980                -0.04697
    972 XIN4000E            3960                -0.04698
    973 XIN4000F            3960                -0.04698
    974 XMK10001       2.7688446           -3.469447e-18
    975 XMK10002        9.015284          -6.9388939e-18
    976 XMK10003       18.030741           -3.469447e-18
    978 XMK10005       217.11654          -7.6978354e-18
    979 XMK10006       706.92452           2.2768246e-18
    980 XMK10007       1413.8621          -6.2883726e-18
    982 XMK10009      0.17146939           5.5511151e-17
    983 XMK1000A   6.3375987e-06          -2.7755576e-17
    984 XMK1000B      0.55828455                       0
    985 XMK1000C       1.1165731          -4.4408921e-16
    986 XMK1000D      0.38136405                       0
    987 XMK1000E       1.2416948           4.4408921e-16
    988 XMK1000F       2.4834063          -4.4408921e-16
    989 XMK10010   6.3375987e-06                       0
    990 XMK10011       9.3471024          -2.7755576e-17
    991 XMK10012       7.4209546            3.469447e-18
    993 XMK10014       24.162405          -5.2041704e-18
    994 XMK10015       48.325264          -1.0408341e-17
    996 XMK10017         252.511                -0.00182
    997 XMK10018          39.794            3.469447e-18
   1008 XMK10023         192.731            3.469447e-18
   1012 XMK10027       286.95501            3.469447e-18
   1016 XMK1002B          59.961                -0.00046
   1025 XMK20009   5.5109606e-06           2.7755576e-17
   1026 XMK2000A   5.5109606e-06          -8.3266727e-17
   1027 XMK2000B   5.5109606e-06                       0
   1028 XMK2000C   5.5109606e-06          -4.4408921e-16
   1029 XMK2000D   5.5109606e-06           2.7755576e-17
   1030 XMK2000E   5.5109606e-06                       0
   1031 XMK2000F   5.5109606e-06                       0
   1032 XMK20010   5.5109606e-06                       0
   1033 XMK20011   5.5109606e-06                       0
   1051 XMK20023          221.64                -0.00118
   1055 XMK20027       329.99701                -0.00099
   1068 XMK30009   4.7921441e-06           2.7755576e-17
   1069 XMK3000A   4.7921441e-06           2.7755576e-17
   1070 XMK3000B   4.7921441e-06                       0
   1071 XMK3000C   4.7921441e-06          -4.4408921e-16
   1072 XMK3000D   4.7921441e-06                       0
   1073 XMK3000E   4.7921441e-06           8.8817842e-16
   1074 XMK3000F   4.7921441e-06                       0
   1075 XMK30010   4.7921441e-06          -2.7755576e-17
   1076 XMK30011   4.7921441e-06          -2.7755576e-17
   1211 XMX20015       3.2229601          -6.9388939e-18
   1212 XMX20016       16.544528           5.6378513e-18
   1269 XMX2004F       1996.7768          -6.9388939e-18
   1277 XMX20057   0.00019565217          -1.0408341e-17
   1278 XMX20058    0.0010043478          -1.7347235e-18
   1309 XMX3001F       573.74741                       0
   1327 XMX30031       985.96794          -6.9388939e-18
   1333 XMX30037       7.5578486           -3.469447e-18
   1334 XMX30038       38.796956           8.6736174e-19
   1370 XOB10004              20                       0
   1375 XOB10009           12000           6.9388939e-18
   1376 XOB1000A       8333.7451                       0
   1383 XOB10011           12000                       0
   1386 XOB10014       8333.7451                       0
   1390 XOB10018       9.8999358          -5.5511151e-17
   1391 XOB10019       1.7999794                       0
   1394 XOB1001C       3.5999794                       0
   1398 XOB10020       4.4999794          -5.5511151e-17
   1403 XOB10025            1500                       0
   1404 XOB10026        53282.03          -6.9388939e-18
   1405 XOB10027       746.71852                       0
   1410 XOB1002C       1893.5481                       0
   1413 XOB1002F              40                       0
   1418 XOB10034        53866.03                       0
   1419 XOB10035       39.767489                       0
   1423 XOB10039       33.177689                       0
   1424 XOB1003A       66.356005          -6.9388939e-18
   1439 XOB20009       65719.457           6.9388939e-18
   1440 XOB2000A       8461.7277            3.469447e-18
   1448 XOB20012            2000                       0
   1449 XOB20013        63722.68                       0
   1450 XOB20014       8478.2723            3.469447e-18
   1454 XOB20018   1.6532882e-05                       0
   1455 XOB20019   1.1021921e-05                       0
   1458 XOB2001C   1.1021921e-05          -4.4408921e-16
   1462 XOB20020   1.1021921e-05           5.5511151e-17
   1476 XOB2002E       551.63701          -6.9388939e-18
   1482 XOB20034       1977.0798           6.9388939e-18
   1494 XOB20040          0.0012                       0
   1503 XOB30009       3547.2732                       0
   1511 XOB30011       993.52578           6.9388939e-18
   1514 XOB30014       38.796956                       0
   1518 XOB30018   1.4376432e-05                       0
   1519 XOB30019   9.5842882e-06                       0
   1522 XOB3001C   9.5842882e-06          -4.4408921e-16
   1526 XOB30020   9.5842882e-06                       0
   1530 XOB30024       22.437078           6.9388939e-18
   1532 XOB30026       64222.975                       0
   1542 XOB30030              40           6.9388939e-18
   1546 XOB30034       64741.062                       0
   1550 XOB30038            8470                       0
   1558 XOB30040            8470                       0
   1654 XSC30006       35.342489                       0
   1655 XSC30007       3547.2732                       0
   1694 ZGB10001               1                       0
   1695 ZGB10002               1                       0
   1696 ZGB10003               1                       0
   1697 ZGB10004               1                       0
   1698 ZGB10005               1                       0
   1699 ZGB10006               1                       0
   1700 ZGB10007               1                       0
   1701 ZGB10008               1           8.3266727e-14
   1702 ZGB10009               1                       0
   1703 ZGB1000A               1                       0
   1724 ZGB1008F               1                       0
   1732 ZGB10097               1                       0
   1738 ZGB1009D               1                       0
   1744 ZGB100A3               1                       0
   1745 ZGB100A4               1                       0
   1749 ZGB100A8               1                       0
   1758 ZGB2000B               1                       0
   1761 ZGB2000E               1                       0
   1764 ZGB20011               1                       0
   1771 ZGB20018               1                       0
   1776 ZGB2001D               1                       0
   1777 ZGB2001E               1                       0
   1781 ZGB20022               1                       0
   1787 ZGB20028               1                       0
   1794 ZGB2002F               1                       0
   1798 ZGB20033               1                       0
   1800 ZGB20035               1                       0
   1805 ZGB2003A               1                       0
   1810 ZGB2003F               1                       0
   1817 ZGB200B4               1                       0
   1819 ZGB200B6               1                       0
   1820 ZGB200B7               1                       0
   1822 ZGB30043               1                       0
   1824 ZGB30045               1                       0
   1828 ZGB30049               1                       0
   1835 ZGB30050               1                       0
   1840 ZGB30055               1                       0
   1841 ZGB30056               1                       0
   1845 ZGB3005A               1                       0
   1851 ZGB30060               1                       0
   1857 ZGB30066               1                       0
   1860 ZGB30069               1                       0
   1864 ZGB3006D               1                       0
   1869 ZGB30072               1                       0
   1877 ZGB3007A               1                       0
   1881 ZGB300BC               1                       0
   1883 ZGB300BE               1                       0
   1885 ZGB300C0               1                       0
