Stopped on time - objective value -8.00000000
      4 x#4                                  1                      -1
      5 x#5                                  1                      -1
      7 x#7                                  1                      -1
      9 x#9                                  1                      -1
     12 x#12                                 1                      -1
     16 x#16                                 1                      -1
     26 x#26                                 1                      -1
     30 x#30                                 1                      -1
    200 y#26#0#6                             1                       0
    201 u#26#6                               1                       0
    240 y#9#0#9                              1                       0
    241 u#9#9                                1                       0
    356 y#30#1#14                            1                       0
    357 u#30#1                               1                       0
    430 y#30#1#12                            1                       0
    468 y#12#18#0                            1                       0
    469 u#12#18                              1                       0
    542 y#12#18#10                           1                       0
    750 y#5#14#7                             1                       0
    751 u#5#7                                1                       0
    840 y#26#14#6                            1                       0
    939 y#7#11#16                            1                       0
    940 u#7#11                               1                       0
   1013 y#7#11#3                             1                       0
   1080 y#7#12#11                            1                       0
   1438 y#16#5#2                             1                       0
   1439 u#16#2                               1                       0
   1489 y#9#5#9                              1                       0
   1529 y#12#17#18                           1                       0
   1562 y#4#4#0                              1                       0
   1563 u#4#4                                1                       0
   1632 y#4#4#10                             1                       0
   1673 y#4#4#15                             1                       0
   1743 y#4#4#13                             1                       0
   1876 y#26#8#6                             1                       0
   1933 y#9#9#19                             1                       0
   2014 y#16#3#2                             1                       0
   2118 y#9#16#9                             1                       0
   2146 slack#0#14                           1                       0
   2153 slack#14#5                           1                       0
   2154 slack#14#16                          1                       0
   2157 slack#14#17                          1                       0
   2161 slack#12#8                           1                       0
   2162 slack#12#13                          1                       0
   2163 slack#5#19                           1                       0
   2164 slack#5#10                           1                       0
   2165 slack#5#8                            1                       0
   2173 slack#13#10                          1                       0
   2174 slack#13#15                          1                       0
   2176 slack#8#13                           1                       0
   2178 slack#3#15                           1                       0
   2180 slack#3#17                           1                       0
   2181 slack#10#19                          1                       0
