Stopped on time - objective value 418940502.24000013
      0 C0000001    4.189405e+08                       0
     87 C0000088               1               6338341.1
    301 C0000302               1                13039052
    325 C0000326               1                18485997
    494 C0000495               1                33772320
    560 C0000561               1                18564580
    796 C0000797               1                10534848
    995 C0000996               1                18122988
   1149 C0001150               1                21518362
   1404 C0001405               1                21184920
   1423 C0001424               1                10263176
   1468 C0001469               1                24001189
   1484 C0001485               1               7515920.6
   1516 C0001517               1                11382340
   1721 C0001722               1                12672257
   2490 C0002491               1               4750835.5
   2631 C0002632               1               5818724.2
   3655 C0003656               1                20408973
   3905 C0003906               1                27288013
   3934 C0003935               1                11494677
   4223 C0004224               1                10396662
   4249 C0004250               1               5218036.8
   4762 C0004763               1               6285925.4
   5125 C0005126               1                23349410
   5492 C0005493               1               4884321.6
   5698 C0005699               1                18109334
   5824 C0005825               1                11174639
   6037 C0006038               1                18885108
   6319 C0006320               1               6018953.3
   6504 C0006505               1                17460599
