Optimal - objective value -66729.00000000
      0 C0001                 37                       0
      1 C0002                  1                   -1127
      2 C0003                  1                   -1025
      3 C0004                  1                    -805
      4 C0005                  1                   -1000
      5 C0006                  1                    -626
      6 C0007                  1                    -997
      7 C0008                  1                    -914
      8 C0009                  1                  340367
      9 C0010                  1                   -1704
     10 C0011                  1                   -1790
     11 C0012                  1                    -754
     12 C0013                  1                   -1157
     13 C0014                  1                   -1560
     14 C0015                  1                   -1473
     15 C0016                  1                   -1358
     16 C0017                  1                    -850
     17 C0018                  1                   -1113
     18 C0019                  1                    -642
     19 C0020                  1                   -1285
     20 C0021                  1                    -923
     21 C0022                  1                    -684
     22 C0023                  1                   -1538
     23 C0024                  1                   -1363
     24 C0025                  1                   -1631
     25 C0026                  1                   -1152
     26 C0027                  1                    -882
     27 C0028                  1                   -1085
     28 C0029                  1                   -1389
     29 C0030                  1                   -1289
     30 C0031                  1                   -1105
     31 C0032                  1                   -1309
     32 C0033                  1                   -1231
     33 C0034                  1                    -789
     34 C0035                  1                   -1328
     35 C0036                  1                   -1332
     36 C0037                  1                    -886
     37 C0038                  1                   -1132
     38 C0039                  1                   -1541
     39 C0040                  1                   -1470
     40 C0041                  1                   -1328
     41 C0042                  1                   -1382
     42 C0043                  1                   -1652
     43 C0044                  1                   -1191
     44 C0045                  1                   -1544
     45 C0046                  1                   -1246
     46 C0047                  1                   -1180
     47 C0048                  1                   -1638
     48 C0049                  1                   -1398
     49 C0050                  1                   -1514
     50 C0051                  1                    -933
     51 C0052                  1                   -1226
     52 C0053                  1                   -1049
     53 C0054                  1                   -1037
     54 C0055                  1                   -1563
     55 C0056                  1                   -1394
     56 C0057                  1                   -1699
     57 C0058                  1                   -1485
     58 C0059                  1                    -600
     59 C0060                  1                   -1252
     60 C0061                  1                   -1740
     61 C0062                  1                    -795
     62 C0063                  1                   -1285
     63 C0064                  1                   -1306
     64 C0065                  1                    -983
     65 C0066                  1                   -1378
     66 C0067                  1                   -1192
     67 C0068                  1                   -1220
     68 C0069                  1                   -1664
     69 C0070                  1                    -646
     70 C0071                  1                   -1124
     71 C0072                  1                    -609
     72 C0073                  1                    -812
     73 C0074                  1                    -743
     74 C0075                  1                   -1099
     75 C0076                  1                   -1038
     76 C0077                  1                    -870
     77 C0078                  1                    -928
     78 C0079                  1                    -926
     79 C0080                  1                    -549
     80 C0081                  1                   -1294
     81 C0082                  1                   -1027
     82 C0083                  1                   -1376
     83 C0084                  1                    -850
     84 C0085                  1                    -970
     85 C0086                  1                    -719
     86 C0087                  1                   -1057
     87 C0088                  1                    -909
     88 C0089                  1                   -1051
     89 C0090                  1                   -1119
     90 C0091                  1                   -1042
     91 C0092                  1                   -1278
     92 C0093                  1                   -1266
     93 C0094                  1                   -1374
     94 C0095                  1                   -1122
     95 C0096                  1                   -1437
     96 C0097                  1                   -1595
     97 C0098                  1                   -1422
     98 C0099                  1                    -540
     99 C0100                  1                    -858
    100 C0101                  1                    -963
    151 C0152                  5                     100
    152 C0153                  5                     100
    153 C0154                  3                     100
    154 C0155                  1                     100
    155 C0156                  2                     100
    156 C0157                  3                     100
    157 C0158                  3                     100
    158 C0159                  8                  -18900
    159 C0160                  8                     100
    160 C0161                  8                     100
    162 C0163                  4                     100
    163 C0164                  7                     100
    164 C0165                  7                     100
    165 C0166                  6                     100
    166 C0167                  1                     100
    167 C0168                  4                     100
    168 C0169                  1                     100
    169 C0170                  4                     100
    170 C0171                  4                     100
    171 C0172                  1                     100
    172 C0173                  7                     100
    173 C0174                  6                     100
    174 C0175                  7                     100
    175 C0176                  5                     100
    176 C0177                  2                     100
    177 C0178                  2                     100
    178 C0179                  4                     100
    179 C0180                  5                     100
    180 C0181                  2                     100
    181 C0182                  5                     100
    182 C0183                  6                     100
    183 C0184                  1                     100
    184 C0185                  8                     100
    185 C0186                  7                     100
    186 C0187                  1                     100
    187 C0188                  2                     100
    188 C0189                  6                     100
    189 C0190                  6                     100
    190 C0191                  6                     100
    191 C0192                  6                     100
    192 C0193                  7                     100
    193 C0194                  3                     100
    194 C0195                  7                     100
    195 C0196                  7                     100
    196 C0197                  5                     100
    197 C0198                  8                     100
    198 C0199                  6                     100
    199 C0200                  7                     100
    200 C0201                  4                     100
    201 C0202                  7                     100
    202 C0203                  3                     100
    203 C0204                  3                     100
    204 C0205                  8                     100
    205 C0206                  8                     100
    206 C0207                  8                     100
    207 C0208                  8                     100
    209 C0210                  4                     100
    210 C0211                  8                     100
    211 C0212                  1                     100
    212 C0213                  4                     100
    213 C0214                  7                     100
    214 C0215                  2                     100
    215 C0216                  6                     100
    216 C0217                  5                     100
    217 C0218                  3                     100
    218 C0219                  7                     100
    220 C0221                  4                     100
    222 C0223                  2                     100
    223 C0224                  2                     100
    224 C0225                  5                     100
    225 C0226                  4                     100
    226 C0227                  1                     100
    227 C0228                  3                     100
    228 C0229                  3                     100
    229 C0230                  1                     100
    230 C0231                  5                     100
    231 C0232                  5                     100
    232 C0233                  5                     100
    233 C0234                  3                     100
    234 C0235                  4                     100
    235 C0236                  2                     100
    236 C0237                  1                     100
    237 C0238                  1                     100
    238 C0239                  4                     100
    239 C0240                  6                     100
    240 C0241                  1                     100
    241 C0242                  4                     100
    242 C0243                  4                     100
    243 C0244                  4                     100
    244 C0245                  2                     100
    245 C0246                  6                     100
    246 C0247                  8                     100
    247 C0248                  6                     100
    248 C0249                  1                     100
    249 C0250                  3                     100
    250 C0251                  1                     100
