Optimal - objective value 12850.86073738
      0 CL0001            3.1215          -2.8421709e-14
      1 CL0002         2.5316456          -2.8421709e-14
      2 CL0003            2.8524                       0
      3 CL0004              3.25           1.7763568e-15
      4 CL0005              3.25          -3.5527137e-15
      5 CL0006               1.4          -2.8421709e-14
      6 CL0007               1.4          -3.2446268e-14
      7 CL0008               1.4          -2.6645353e-14
      8 CL0009               1.4          -1.7763568e-14
      9 CL0010               2.9          -5.3290705e-15
     10 CL0011               1.1          -4.9737992e-14
     11 CL0012               1.1          -1.4210855e-14
     12 CL0013               1.1          -1.7763568e-14
     13 CL0014         4.0975575           7.1054274e-15
     14 CL0015         7.7875575          -1.0658141e-14
     46 CL0047               2.4           7.1054274e-15
     47 CL0048               4.8                       0
     48 CL0049             6.435           8.8817842e-15
     49 CL0050         7.7375202          -1.4210855e-14
     50 CL0051              0.98          -2.1316282e-14
     51 CL0052              0.98           1.7763568e-14
     52 CL0053              0.98          -3.5527137e-15
     53 CL0054              0.98           8.8817842e-16
     54 CL0055              0.98           1.1532442e-14
     55 CL0056            0.8621                       0
     56 CL0057                 1           3.5527137e-15
     57 CL0058                 1          -3.5527137e-14
     58 CL0059                 1                       0
     59 CL0060                 1           1.4210855e-14
     61 CL0062            1.8867           1.7763568e-14
     62 CL0063            1.8867           2.8421709e-14
     63 CL0064            1.8867           1.4210855e-14
     64 CL0065            1.8867          -8.8817842e-15
     66 CL0067             1.635           2.4868996e-14
     67 CL0068         3.0781372           1.4210855e-14
     68 CL0069         3.0781372                       0
     69 CL0070         3.0781372          -3.5527137e-15
     70 CL0071               1.5           4.2632564e-14
     71 CL0072         0.7569188                       0
     72 CL0073               1.5          -2.1316282e-14
     73 CL0074               1.5          -8.8817842e-15
     74 CL0075               1.5           2.8421709e-14
     75 CL0076        0.22077922                       0
     76 CL0077        0.22077922                       0
     77 CL0078        0.22077922                       0
     78 CL0079        0.22077922          -2.8421709e-14
     79 CL0080              0.85           1.5543122e-14
    116 CL0117         2.2018349           2.1316282e-14
    117 CL0118         4.4036697                       0
    118 CL0119         5.9036697           2.8421709e-14
    119 CL0120         7.0986424           2.6645353e-15
    120 CL0121              1.13           2.8421709e-14
    121 CL0122              1.13           3.5527137e-14
    122 CL0123              1.13           5.6843419e-14
    123 CL0124              1.13          -2.8421709e-14
    124 CL0125              1.13                       0
    125 CL0126              0.56           2.8421709e-14
    126 CL0127        0.91743119          -1.4210855e-14
    127 CL0128        0.91743119          -1.1546319e-14
    128 CL0129        0.91743119          -4.4408921e-14
    129 CL0130        0.91743119           -1.110223e-14
    131 CL0132               1.5          -1.0658141e-14
    132 CL0133               1.5           3.0198066e-14
    133 CL0134               1.5           7.1054274e-15
    134 CL0135               1.5           1.3322676e-14
    136 CL0137               1.5           1.0658141e-14
    137 CL0138         2.8239791           4.9737992e-14
    138 CL0139         2.8239791           3.1974423e-14
    139 CL0140         2.8239791                       0
    140 CL0141              2.07           2.8421709e-14
    141 CL0142         1.9339853           4.3520743e-14
    150 CL0151        0.26153846          -7.1054274e-14
    151 CL0152        0.26153846          -2.8421709e-14
    152 CL0153        0.26153846          -6.3948846e-14
    176 CL0177        0.13601469          -1.3322676e-14
    177 CL0178              2.07          -2.8421709e-14
    178 CL0179          2.554878           -3.375078e-14
    179 CL0180          2.554878          -3.5527137e-15
    180 CL0181               1.5          -1.0658141e-14
    181 CL0182               1.5           1.5099033e-14
    182 CL0183               1.5          -1.7763568e-14
    183 CL0184               1.5          -6.6613381e-15
    184 CL0185         2.7384146           2.1316282e-14
    185 CL0186         1.0384615           1.4210855e-14
    186 CL0187         1.0384615           5.6843419e-14
    187 CL0188         1.0384615          -7.1054274e-15
    188 CL0189         4.9970213          -1.7763568e-15
    189 CL0190         9.4970213          -1.5987212e-14
    215 CL0216                 4           1.4210855e-14
    220 CL0221          3.424068           7.1054274e-15
    221 CL0222         4.2425987          -3.5527137e-15
    230 CL0231                 4           1.4210855e-14
    236 CL0237         2.1874013                       0
    237 CL0238         5.4792653                       0
    246 CL0247                 4           7.1054274e-15
    252 CL0253         2.8827347          -7.1054274e-15
    253 CL0254          4.783932          -3.5527137e-15
    262 CL0263                 4          -1.4210855e-14
    268 CL0269         7.6666667          -3.5527137e-15
    277 CL0278          0.506792          -1.4210855e-14
    278 CL0279          3.493208                       0
    283 CL0284         2.9038422          -7.1054274e-15
    284 CL0285         4.7628245           3.5527137e-15
    285 CL0286          2.848545           1.4210855e-14
    286 CL0287         2.4769367                       0
    287 CL0288          2.679012          -1.4210855e-14
    288 CL0289            2.9295                       0
    289 CL0290            3.8745          -7.1054274e-15
    360 CL0361         3.5138752          -6.0396133e-14
    361 CL0362         1.8086088           1.0658141e-14
    362 CL0363         1.2710215          -7.1054274e-15
    363 CL0364       0.051329695           1.2434498e-14
    365 CL0366       0.056124779          -2.4868996e-14
    366 CL0367           1.01831          -8.8817842e-15
    367 CL0368         2.2989785            1.687539e-14
    368 CL0369         4.0035484           1.2434498e-14
    369 CL0370          4.054878           2.6645353e-15
    380 CL0381         1.7207792                       0
    381 CL0382         1.7207792                       0
    382 CL0383         1.7207792                       0
    383 CL0384         1.7207792                       0
    384 CL0385         3.5884146                       0
    390 CL0391         1.2554488          -2.8421709e-14
    391 CL0392         1.5672903          -7.1054274e-15
    392 CL0393         3.1287908          -1.2434498e-14
    393 CL0394         7.4735273          -1.7763568e-15
    394 CL0395         12.034109           8.8817842e-15
    400 CL0401       0.044551221           6.0396133e-14
    401 CL0402         1.9345446           1.2434498e-14
    402 CL0403         2.5748789          -8.8817842e-15
    403 CL0404         3.4271638           8.8817842e-15
    404 CL0405          4.561555           3.5527137e-15
    410 CL0411              1.13           5.6843419e-14
    411 CL0412              1.13                       0
    412 CL0413              1.13                       0
    413 CL0414              1.13           2.8421709e-14
    414 CL0415              1.13                       0
    420 CL0421              0.56           2.1316282e-14
    421 CL0422        0.91743119           9.7699626e-15
    422 CL0423        0.91743119           2.6645353e-15
    423 CL0424        0.91743119           5.7731597e-15
    424 CL0425        0.91743119           6.6613381e-15
    436 CL0437               1.3           1.4210855e-14
    437 CL0438               1.3          -8.8817842e-15
    438 CL0439               1.3          -1.2434498e-14
    439 CL0440        0.95018268          -8.8817842e-16
    444 CL0445        0.34981732           3.5527137e-15
    451 CL0452               1.5           2.8421709e-14
    452 CL0453         2.8239791          -2.8421709e-14
    453 CL0454         2.8239791          -3.5527137e-15
    454 CL0455         2.8239791           1.5099033e-14
    600 CL0601            0.2517           7.1054274e-15
    631 CL0632            0.2517          -1.9539925e-14
    632 CL0633            0.2517          -3.0198066e-14
    633 CL0634            0.2517          -1.1546319e-14
    634 CL0635            0.2517           3.5527137e-15
    710 CL0711           4.93197          -7.1054274e-15
    711 CL0712                 4          -5.3290705e-15
    712 CL0713          4.506792           3.5527137e-15
    713 CL0714          3.493208          -5.3290705e-15
    715 CL0716           1.71563           1.0658141e-14
    725 CL0726            1.3524          -3.5527137e-15
    750 CL0751           0.49637                       0
    755 CL0756             1.738                       0
    756 CL0757              5.05                       0
    757 CL0758             8.362           7.1054274e-15
    758 CL0759         15.354441           7.1054274e-15
    759 CL0760         4.7628245           3.5527137e-15
    765 CL0766          1.189698           7.1054274e-15
    766 CL0767              1.38           7.1054274e-15
    780 CL0781          1.966545          -2.0428104e-14
    781 CL0782         1.5949367          -1.7763568e-14
    782 CL0783          1.797012          -1.7763568e-15
    783 CL0784            2.0475          -1.0214052e-14
    784 CL0785            2.0475          -3.9968029e-15
    785 CL0786             0.882          -1.2434498e-14
    786 CL0787             0.882          -2.3092639e-14
    787 CL0788             0.882          -1.2434498e-14
    788 CL0789             0.882          -6.2172489e-15
    789 CL0790             1.827                       0
    896 CL0897             0.912                       0
    897 CL0898             1.824                       0
    898 CL0899            2.4453                       0
    899 CL0900         2.9402577                       0
    900 CL0901            0.3724                       0
    901 CL0902            0.3724          -1.4210855e-14
    902 CL0903            0.3724          -2.8421709e-14
    903 CL0904            0.3724          -1.4210855e-14
    904 CL0905            0.3724          -1.4210855e-14
    905 CL0906          0.327598          -3.5527137e-15
    906 CL0907              0.38          -1.4210855e-14
    907 CL0908              0.38          -2.8421709e-14
    908 CL0909              0.38          -1.4210855e-14
    909 CL0910              0.38          -1.4210855e-14
    911 CL0912          0.716946                       0
    912 CL0913          0.716946           7.1054274e-15
    913 CL0914          0.716946                       0
    914 CL0915          0.716946                       0
    916 CL0917            0.6213                       0
    917 CL0918         1.1696921           7.1054274e-15
    918 CL0919         1.1696921                       0
    919 CL0920         1.1696921                       0
    931 CL0932         1.4972477                       0
    932 CL0933         2.9944954          -3.5527137e-15
    933 CL0934         4.0144954           3.5527137e-15
    934 CL0935         4.8270768          -1.7763568e-15
    935 CL0936            0.7684           7.1054274e-15
    936 CL0937            0.7684                       0
    937 CL0938            0.7684                       0
    938 CL0939            0.7684          -3.5527137e-15
    939 CL0940            0.7684          -3.5527137e-15
    940 CL0941            0.3808           7.1054274e-15
    941 CL0942        0.62385321          -7.1054274e-15
    942 CL0943        0.62385321                       0
    943 CL0944        0.62385321                       0
    944 CL0945        0.62385321          -3.5527137e-15
    946 CL0947              1.02                       0
    947 CL0948              1.02          -3.5527137e-15
    948 CL0949              1.02           3.5527137e-15
    949 CL0950              1.02          -1.7763568e-15
    951 CL0952              1.02                       0
    952 CL0953         1.9203058          -3.5527137e-15
    953 CL0954         1.9203058           3.5527137e-15
    954 CL0955         1.9203058          -1.7763568e-15
    955 CL0956            0.7434          -2.8421709e-14
    956 CL0957        0.51586511                       0
    957 CL0958            1.0125                       0
    958 CL0959         1.1337195           1.4210855e-14
    959 CL0960         1.1337195                       0
    960 CL0961        0.44785714          -2.8421709e-14
    961 CL0962        0.44785714                       0
    962 CL0963        0.44785714                       0
    963 CL0964        0.44785714                       0
    964 CL0965        0.96510366                       0
    965 CL0966             0.291                       0
    966 CL0967             0.291           2.8421709e-14
    967 CL0968             0.291                       0
    968 CL0969         1.2492553           1.4210855e-14
    969 CL0970         2.3742553                       0
    997 CL0998               1.5                       0
   1000 CL1001         2.9975575                       0
   1001 CL1002              3.69                       0
   1020 CL1021        0.48487805                       0
   1025 CL1026         1.2384146                       0
   1028 CL1029         3.6970213                       0
   1029 CL1030               4.5                       0
   1054 CL1055               2.4                       0
   1055 CL1056               2.4                       0
   1056 CL1057             1.635                       0
   1057 CL1058         1.3025202                       0
   1066 CL1067            1.8867                       0
   1070 CL1071             1.635                       0
   1071 CL1072         1.4431372                       0
   1082 CL1083         2.2018349                       0
   1083 CL1084         2.2018349                       0
   1084 CL1085               1.5                       0
   1085 CL1086         1.1949727                       0
   1090 CL1091        0.35743119                       0
   1094 CL1095               1.5                       0
   1098 CL1099               1.5                       0
   1099 CL1100         1.3239791                       0
   1137 CL1138                 1          -3.5527137e-15
   1140 CL1141        0.50081417          -7.1054274e-15
   1141 CL1142              0.27          -3.5527137e-15
   1168 CL1169        0.49918583                       0
   1169 CL1170              0.73                       0
   1216 CL1217        0.67674797           4.4408921e-16
   1221 CL1222        0.17439024                       0
   1244 CL1245        0.32325203          -1.7763568e-15
   1249 CL1250        0.82560976           1.7763568e-15
   1252 CL1253        0.26765955          -1.7763568e-15
   1280 CL1281        0.73234045           7.1054274e-15
   1281 CL1282                 1                       0
   1364 CL1365          0.478125           5.3290705e-15
   1365 CL1366        0.68592486                       0
   1374 CL1375         0.3208125           2.3092639e-14
   1378 CL1379          0.478125           8.8817842e-15
   1379 CL1380        0.59803927           1.7763568e-15
   1390 CL1391                 1          -7.8159701e-14
   1391 CL1392                 1          -7.1054274e-15
   1392 CL1393          0.521875           7.1054274e-15
   1393 CL1394        0.31407514          -3.5527137e-15
   1402 CL1403         0.6791875          -2.1316282e-14
   1406 CL1407          0.521875          -4.9737992e-14
   1407 CL1408        0.40196073          -7.1054274e-15
   1454 CL1455        0.28513761          -6.6613381e-16
   1477 CL1478        0.30502732           8.8817842e-16
   1482 CL1483        0.71486239           -2.220446e-15
   1491 CL1492        0.17602095          -2.6645353e-15
   1502 CL1503        0.53211009          -1.4210855e-14
   1503 CL1504        0.53211009                       0
   1504 CL1505                 1                       0
   1505 CL1506        0.69497268           1.7763568e-15
   1514 CL1515                 1          -5.3290705e-15
   1518 CL1519                 1           8.8817842e-15
   1519 CL1520        0.82397905          -5.3290705e-15
   1530 CL1531        0.46788991          -4.6185278e-14
   1531 CL1532        0.46788991          -3.5527137e-15
   1557 CL1558                 1              0.22446615
   1560 CL1561                 1          -8.3703455e-09
   1561 CL1562                 1          -3.5908828e-09
   1580 CL1581                 1               7.5391906
   1585 CL1586                 1               3.5577476
   1588 CL1589                 1          -8.3703435e-09
   1589 CL1590                 1              -3.2551165
   1614 CL1615                 1              -75.606127
   1615 CL1616                 1              -23.232236
   1616 CL1617                 1           8.3703391e-09
   1617 CL1618                 1           3.5908769e-09
   1626 CL1627                 1          -2.3198957e-08
   1630 CL1631                 1          -2.3198943e-08
   1631 CL1632                 1          -1.4731814e-08
   1642 CL1643                 1              -34.334194
   1643 CL1644                 1              -21.802946
   1644 CL1645                 1              -9.4677622
   1645 CL1646                 1                       0
   1650 CL1651                 1               7.3133643
   1654 CL1655                 1               -3.045503
   1658 CL1659                 1              -5.4424151
   1659 CL1660                 1          -4.4195421e-09
   1672 CL1673         1.4089008                       0
   1680 CL1681          1.641792                       0
   1681 CL1682             5.135          -3.5527137e-15
   1683 CL1684             2.212                       0
   1684 CL1685             2.212                       0
   1685 CL1686             2.212                       0
   1686 CL1687             4.582          -3.5527137e-15
   1691 CL1692         18.219294                       0
   1693 CL1694            1.3524                       0
   1694 CL1695            1.3524           7.1054274e-15
   1695 CL1696            1.3524                       0
   1696 CL1697            1.3524          -3.5527137e-15
   1699 CL1700              1.38                       0
   1700 CL1701              1.38                       0
   1701 CL1702              1.38                       0
   1703 CL1704          2.603646                       0
   1704 CL1705          2.603646                       0
   1705 CL1706          2.603646                       0
   1706 CL1707          2.603646                       0
   1708 CL1709            2.2563                       0
   1709 CL1710         4.2478293                       0
   1710 CL1711         4.2478293                       0
   1711 CL1712         4.2478293                       0
   1722 CL1723             0.693                       0
   1723 CL1724             0.693                       0
   1724 CL1725             0.693                       0
   1725 CL1726         2.5814612                       0
   1726 CL1727         4.9061612                       0
   1773 CL1774               0.2                       0
   1774 CL1775               0.2                       0
   1775 CL1776               0.2                       0
   1776 CL1777               0.2                       0
   1782 CL1783         12850.861                       0
   1784 CL1785          161.9694                       0
   1785 CL1786         263.49666                       0
   1786 CL1787         403.32847                       0
   1787 CL1788         594.73224                       0
   1788 CL1789         569.80383                       0
   1789 CL1790         693.40198                       0
   1790 CL1791           1048.83                       0
   1791 CL1792         1604.1413            1.110223e-16
   1792 CL1793         1558.4966            1.110223e-16
   1793 CL1794         145.58411                       0
   1794 CL1795         160.85087                       0
   1795 CL1796          186.4932                       0
   1796 CL1797         237.05902                       0
   1797 CL1798         324.63338                       0
   1798 CL1799         252.91512                       0
   1799 CL1800         378.55384                       0
   1800 CL1801         513.41501                       0
   1801 CL1802         692.39437                       0
   1802 CL1803         1795.1765                       0
   1804 CL1805                28                       0
   1805 CL1806                28                       0
   1806 CL1807                28                       0
   1807 CL1808                28                       0
