Optimal - objective value 0.00000000
  41665 C41666                 1                       0
  41666 C41667                 1                       0
  41667 C41668                 1                       0
  41668 C41669                 1                       0
  41669 C41670                 1                       0
  41670 C41671                 1                       0
  41671 C41672                 1                       0
  41672 C41673                 1                       0
  41673 C41674                 1                       0
  41674 C41675                 1                       0
  41675 C41676                 1                       0
  41676 C41677                 1                       0
  41677 C41678                 1                       0
  41678 C41679                 1                       0
  41679 C41680                 1                       0
Optimal - objective value 0.00000000
  41665 C41666                 1                       0
  41666 C41667                 1                       0
  41667 C41668                 1                       0
  41668 C41669                 1                       0
  41669 C41670                 1                       0
  41670 C41671                 1                       0
  41671 C41672                 1                       0
  41672 C41673                 1                       0
  41673 C41674                 1                       0
  41674 C41675                 1                       0
  41675 C41676                 1                       0
  41676 C41677                 1                       0
  41677 C41678                 1                       0
  41678 C41679                 1                       0
  41679 C41680                 1                       0
