Optimal - objective value 8.00000000
      0 C0001                  1                       0
     26 C0027                  1                       0
     45 C0046                  1                       0
     62 C0063                  1                       0
     81 C0082                  1                       0
    100 C0101                  1                       0
    121 C0122                  1                       0
    146 C0147                  1                       0
    161 C0162                  1                       0
    187 C0188                  1                       0
    206 C0207                  1                       0
    226 C0227                  1                       0
    244 C0245                  1                       0
    264 C0265                  1                       0
    284 C0285                  1                       0
    304 C0305                  1                       0
    322 C0323                  1                       0
    345 C0346                  1                       0
    363 C0364                  1                       0
    383 C0384                  1                       0
    403 C0404                  1                       0
    425 C0426                  1                       0
    447 C0448                  1                       0
    467 C0468                  1                       0
    487 C0488                  1                       0
    507 C0508                  1                       0
    522 C0523                  1                       0
    543 C0544                  1                       0
    567 C0568                  1                       0
    586 C0587                  1                       0
    607 C0608                  1                       0
    627 C0628                  1                       0
    640 C0641                  1                       0
    660 C0661                  1                       0
    680 C0681                  1                       0
    702 C0703                  1                       0
    723 C0724                  1                       0
    743 C0744                  1                       0
    762 C0763                  1                       0
    782 C0783                  1                       0
    805 C0806                  1                       0
    820 C0821                  1                       0
    843 C0844                  1                       0
    862 C0863                  1                       0
    882 C0883                  1                       0
    902 C0903                  1                       0
    922 C0923                  1                       0
    940 C0941                  1                       1
    941 C0942                  1                       1
    942 C0943                  1                       1
    943 C0944                  1                       1
    944 C0945                  1                       1
    945 C0946                  1                       1
    946 C0947                  1                       1
    947 C0948                  1                       1
Optimal - objective value 8.00000000
      0 C0001                  1                       0
     21 C0022                  1                       0
     45 C0046                  1                       0
     62 C0063                  1                       0
     80 C0081                  1                       0
    100 C0101                  1                       0
    121 C0122                  1                       0
    146 C0147                  1                       0
    161 C0162                  1                       0
    184 C0185                  1                       0
    207 C0208                  1                       0
    223 C0224                  1                       0
    243 C0244                  1                       0
    264 C0265                  1                       0
    283 C0284                  1                       0
    303 C0304                  1                       0
    322 C0323                  1                       0
    344 C0345                  1                       0
    364 C0365                  1                       0
    385 C0386                  1                       0
    402 C0403                  1                       0
    425 C0426                  1                       0
    446 C0447                  1                       0
    467 C0468                  1                       0
    487 C0488                  1                       0
    507 C0508                  1                       0
    522 C0523                  1                       0
    546 C0547                  1                       0
    566 C0567                  1                       0
    587 C0588                  1                       0
    606 C0607                  1                       0
    627 C0628                  1                       0
    641 C0642                  1                       0
    661 C0662                  1                       0
    682 C0683                  1                       0
    702 C0703                  1                       0
    722 C0723                  1                       0
    744 C0745                  1                       0
    762 C0763                  1                       0
    781 C0782                  1                       0
    805 C0806                  1                       0
    820 C0821                  1                       0
    845 C0846                  1                       0
    863 C0864                  1                       0
    884 C0885                  1                       0
    905 C0906                  1                       0
    924 C0925                  1                       0
    940 C0941                  1                       1
    941 C0942                  1                       1
    942 C0943                  1                       1
    943 C0944                  1                       1
    944 C0945                  1                       1
    945 C0946                  1                       1
    946 C0947                  1                       1
    947 C0948                  1                       1
