Stopped on time - objective value -237.76888889
     30 C0031                  1                      -1
    333 C0334                  1                      -1
    487 C0488                  1                      -1
    857 C0858                  1                      -1
   4514 C4515                  1                      -1
   4570 C4571                  1                      -1
   4794 C4795                  1                      -1
   5037 C5038                  1                      -1
   5410 C5411                  1                      -1
   5677 C5678                  1                      -1
   5919 C5920                  1                      -1
   5998 C5999                  1                      -1
   6269 C6270                  1                      -1
   6456 C6457                  1                      -1
   6769 C6770                  1                      -1
   7684 C7685                  1                      -1
   7971 C7972                  1                      -1
   8137 C8138                  1                      -1
   8354 C8355                  1                      -1
   8530 C8531                  1                      -1
   8678 C8679                  1                      -1
   8910 C8911                  1                      -1
   9029 C9030                  1                      -1
   9150 C9151                  1                      -1
   9446 C9447                  1                      -1
   9631 C9632                  1                      -1
   9885 C9886                  1                      -1
   9959 C9960                  1                      -1
  10383 C10384                 1                      -1
  11666 C11667                 1                      -1
  11812 C11813                 1                      -1
  12075 C12076                 1                      -1
  12130 C12131                 1                      -1
  12354 C12355                 1                      -1
  12567 C12568                 1                      -1
  12779 C12780                 1                      -1
  12943 C12944                 1                      -1
  13996 C13997                 1                      -1
  14151 C14152                 1                      -1
  14330 C14331                 1                      -1
  14542 C14543                 1                      -1
  14749 C14750                 1                      -1
  15085 C15086                 1                      -1
  15319 C15320                 1                      -1
  15541 C15542                 1                      -1
  15644 C15645                 1                      -1
  16000 C16001                 1                      -1
  16046 C16047                 1                      -1
  16316 C16317                 1                      -1
  16546 C16547                 1                      -1
  16698 C16699                 1                      -1
  16760 C16761                 1                      -1
  17105 C17106                 1                      -1
  17208 C17209                 1                      -1
  17548 C17549                 1                      -1
  17770 C17771                 1                      -1
  17940 C17941                 1                      -1
  18145 C18146                 1                      -1
  18330 C18331                 1                      -1
  18582 C18583                 1                      -1
  18810 C18811                 1                      -1
  19190 C19191                 1                      -1
  19420 C19421                 1                      -1
  19499 C19500                 1                      -1
  19704 C19705                 1                      -1
  19840 C19841                 1                      -1
  20019 C20020                 1                      -1
  20285 C20286                 1                      -1
  20515 C20516                 1                      -1
  20567 C20568                 1                      -1
  20879 C20880                 1                      -1
  20973 C20974                 1                      -1
  21322 C21323                 1                      -1
  21501 C21502                 1                      -1
  21663 C21664                 1                      -1
  21900 C21901                 1                      -1
  22107 C22108                 1                      -1
  22330 C22331                 1                      -1
  22472 C22473                 1                      -1
  22558 C22559                 1                      -1
  22860 C22861                 1                      -1
  22996 C22997                 1                      -1
  23153 C23154                 1                      -1
  23333 C23334                 1                      -1
  23542 C23543                 1                      -1
  23742 C23743                 1                      -1
  23965 C23966                 1                      -1
  24040 C24041                 1                      -1
  24959 C24960                 1                      -1
  25266 C25267                 1                      -1
  25368 C25369                 1                      -1
  25479 C25480                 1                      -1
  25738 C25739                 1                      -1
  26082 C26083                 1                      -1
  26267 C26268                 1                      -1
  26510 C26511                 1                      -1
  26636 C26637                 1                      -1
  26791 C26792                 1                      -1
  26986 C26987                 1                      -1
  27155 C27156                 1                      -1
  27385 C27386                 1                      -1
  27541 C27542                 1                      -1
  27649 C27650                 1                      -1
  27929 C27930                 1                      -1
  28696 C28697                 1                      -1
  28739 C28740                 1                      -1
  32408 C32409                 1                      -1
  33276 C33277                 1                      -1
  34935 C34936                 1                      -1
  35730 C35731                 1                      -1
  36390 C36391                 1                      -1
  36675 C36676                 1                      -1
  37102 C37103                 1                      -1
  37228 C37229                 1                      -1
  37323 C37324                 1                      -1
  37566 C37567                 1                      -1
  37798 C37799                 1                      -1
  40173 C40174                 1                      -1
  40848 C40849                 1                      -1
  42498 C42499                 1                      -1
  43329 C43330                 1                      -1
  43776 C43777                 1                      -1
  43839 C43840                 1                      -1
  44965 C44966                 1                      -1
  46074 C46075                 1                      -1
  46160 C46161                 1                      -1
  49343 C49344                 1                      -1
  50108 C50109                 1                      -1
  51431 C51432                 1                      -1
  51715 C51716                 1                      -1
  52183 C52184                 1                      -1
  53494 C53495                 1                      -1
  54041 C54042                 1                      -1
  55298 C55299                 1                      -1
  55787 C55788                 1                      -1
  56069 C56070                 1                      -1
  56330 C56331                 1                      -1
  56601 C56602                 1                      -1
  56905 C56906                 1                      -1
  57063 C57064                 1                      -1
  57251 C57252                 1                      -1
  57491 C57492                 1                      -1
  57747 C57748                 1                      -1
  58042 C58043                 1                      -1
  58239 C58240                 1                      -1
  58424 C58425                 1                      -1
  58697 C58698                 1                      -1
  59036 C59037                 1                      -1
  59233 C59234                 1                      -1
  59609 C59610                 1                      -1
  60774 C60775                 1                      -1
  60990 C60991                 1                      -1
  61206 C61207                 1                      -1
  61382 C61383                 1                      -1
  61658 C61659                 1                      -1
  61956 C61957                 1                      -1
  62177 C62178                 1                      -1
  62408 C62409                 1                      -1
  62584 C62585                 1                      -1
  62854 C62855                 1                      -1
  62974 C62975                 1                      -1
  63309 C63310                 1                      -1
  63566 C63567                 1                      -1
  63830 C63831                 1                      -1
  65436 C65437                 1                      -1
  65662 C65663                 1                      -1
  65804 C65805                 1                      -1
  66253 C66254                 1                      -1
  66483 C66484                 1                      -1
  66659 C66660                 1                      -1
  66769 C66770                 1                      -1
  67039 C67040                 1                      -1
  68497 C68498                 1                      -1
  68807 C68808                 1                      -1
  68936 C68937                 1                      -1
  69185 C69186                 1                      -1
  69589 C69590                 1                      -1
  69873 C69874                 1                      -1
  70184 C70185                 1                      -1
  70474 C70475                 1                      -1
  70599 C70600                 1                      -1
  70814 C70815                 1                      -1
  70991 C70992                 1                      -1
  71406 C71407                 1                      -1
  71481 C71482                 1                      -1
  71810 C71811                 1                      -1
  72145 C72146                 1                      -1
  72204 C72205                 1                      -1
  72494 C72495                 1                      -1
  72771 C72772                 1                      -1
  72911 C72912                 1                      -1
  73165 C73166                 1                      -1
  73509 C73510                 1                      -1
  73737 C73738                 1                      -1
  73851 C73852                 1                      -1
  74194 C74195                 1                      -1
  74409 C74410                 1                      -1
  74748 C74749                 1                      -1
  74808 C74809                 1                      -1
  75139 C75140                 1                      -1
  75282 C75283                 1                      -1
  75693 C75694                 1                      -1
  75904 C75905                 1                      -1
  76164 C76165                 1                      -1
  76270 C76271                 1                      -1
  76627 C76628                 1                      -1
  76699 C76700                 1                      -1
  77039 C77040                 1                      -1
  77166 C77167                 1                      -1
  77479 C77480                 1                      -1
  77790 C77791                 1                      -1
  77896 C77897                 1                      -1
  78325 C78326                 1                      -1
  78400 C78401                 1                      -1
  78656 C78657                 1                      -1
  78937 C78938                 1                      -1
  79229 C79230                 1                      -1
  79394 C79395                 1                      -1
  79644 C79645                 1                      -1
  79997 C79998                 1                      -1
  80239 C80240                 1                      -1
  80308 C80309                 1                      -1
  80723 C80724                 1                      -1
  80927 C80928                 1                      -1
  81153 C81154                 1                      -1
  81251 C81252                 1                      -1
  81583 C81584                 1                      -1
  81740 C81741                 1                      -1
  82097 C82098                 1                      -1
  82201 C82202                 1                      -1
  82687 C82688                 1                      -1
  82913 C82914                 1                      -1
  83209 C83210                 1                      -1
  83463 C83464                 1                      -1
  83709 C83710                 1                      -1
  83868 C83869                 1                      -1
  84138 C84139                 1                      -1
  84321 C84322                 1                      -1
  84538 C84539                 1            0.0022222222
  84539 C84540                 1            0.0066666667
  84544 C84545                 1            0.0022222222
  84545 C84546                 1            0.0066666667
  84546 C84547                 1            0.0066666667
  84547 C84548                 1            0.0066666667
  84549 C84550                 1            0.0022222222
  84551 C84552                 1             0.011111111
  84552 C84553                 1             0.011111111
  84553 C84554                 1            0.0022222222
  84554 C84555                 1            0.0022222222
  84555 C84556                 1            0.0022222222
  84556 C84557                 1            0.0022222222
  84561 C84562                 1            0.0066666667
  84562 C84563                 1             0.011111111
  84564 C84565                 1             0.011111111
  84566 C84567                 1            0.0022222222
  84567 C84568                 1             0.011111111
  84568 C84569                 1             0.011111111
  84569 C84570                 1            0.0066666667
  84570 C84571                 1            0.0066666667
  84571 C84572                 1            0.0066666667
  84572 C84573                 1             0.011111111
  84573 C84574                 1             0.011111111
  84574 C84575                 1            0.0066666667
  84575 C84576                 1             0.011111111
  84576 C84577                 1            0.0066666667
  84577 C84578                 1             0.011111111
  84579 C84580                 1            0.0066666667
  84580 C84581                 1            0.0066666667
  84581 C84582                 1             0.011111111
  84582 C84583                 1             0.011111111
  84583 C84584                 1                       0
  84587 C84588                 1                       0
  84602 C84603                 1                       0
  84604 C84605                 1                       0
  84608 C84609                 1                       0
  84611 C84612                 1                       0
  84617 C84618                 1                       0
  84623 C84624                 1                       0
  84626 C84627                 1                       0
  84629 C84630                 1                       0
  84632 C84633                 1                       0
  84635 C84636                 1                       0
  84638 C84639                 1                       0
  84653 C84654                 1                       0
  84656 C84657                 1                       0
  84662 C84663                 1                       0
  84668 C84669                 1                       0
  84671 C84672                 1                       0
  84674 C84675                 1                       0
  84677 C84678                 1                       0
  84680 C84681                 1                       0
  84683 C84684                 1                       0
  84686 C84687                 1                       0
  84689 C84690                 1                       0
  84692 C84693                 1                       0
  84695 C84696                 1                       0
  84698 C84699                 1                       0
  84701 C84702                 1                       0
  84707 C84708                 1                       0
  84710 C84711                 1                       0
  84713 C84714                 1                       0
  84716 C84717                 1                       0
