Optimal - objective value -13.00000000
      8 C0009                  1                       0
     26 C0027                  1                       0
     28 C0029                  1                       0
     51 C0052                  1                       0
     57 C0058                  1                       0
     75 C0076                  1                       0
     86 C0087                  1                       0
     95 C0096                  1                       0
    102 C0103                  1                       0
    112 C0113                  1                       0
    131 C0132                  1                       0
    152 C0153                  1                       0
    163 C0164                  1                       0
    179 C0180                  1                       0
    183 C0184                  1                       0
    189 C0190                  1                       0
    202 C0203                  1                       0
    220 C0221                  1                       0
    232 C0233                  1                       0
    239 C0240                  1                       0
    263 C0264                  1                       0
    269 C0270                  1                       0
    284 C0285                  1                       0
    293 C0294                  1                       0
    304 C0305                  1                       0
    321 C0322                  1                       0
    324 C0325                  1                       0
    340 C0341                  1                       0
    356 C0357                  1                       0
    371 C0372                  1                      -5
    381 C0382                  1                       0
    387 C0388                  1                       0
    395 C0396                  1                       0
    412 C0413                  1                       0
    427 C0428                  1                       0
    445 C0446                  1                      -5
    461 C0462                  1                       0
    462 C0463                  1                       0
    481 C0482                  1                       0
    486 C0487                  1                       0
    497 C0498                  1                       0
    507 C0508                  1                       0
    523 C0524                  1                       0
    544 C0545                  1                       0
    548 C0549                  1                       0
    570 C0571                  1                       0
    574 C0575                  1                       0
    582 C0583                  1                       0
    601 C0602                  1                       0
    604 C0605                  1                       0
    625 C0626                  1                       0
    631 C0632                  1                      -3
    652 C0653                  1                       0
    662 C0663                  1                       0
    678 C0679                  1                       0
    684 C0685                  1                       0
Optimal - objective value -13.00000000
      8 C0009                  1                       0
     26 C0027                  1                       0
     28 C0029                  1                       0
     51 C0052                  1                       0
     57 C0058                  1                       0
     75 C0076                  1                       0
     86 C0087                  1                       0
     95 C0096                  1                       0
    102 C0103                  1                       0
    112 C0113                  1                       0
    131 C0132                  1                       0
    152 C0153                  1                       0
    163 C0164                  1                       0
    179 C0180                  1                       0
    183 C0184                  1                       0
    189 C0190                  1                       0
    202 C0203                  1                       0
    220 C0221                  1                       0
    232 C0233                  1                       0
    239 C0240                  1                       0
    263 C0264                  1                       0
    269 C0270                  1                       0
    284 C0285                  1                       0
    293 C0294                  1                       0
    304 C0305                  1                       0
    321 C0322                  1                       0
    324 C0325                  1                       0
    340 C0341                  1                       0
    356 C0357                  1                       0
    371 C0372                  1                      -5
    381 C0382                  1                       0
    387 C0388                  1                       0
    395 C0396                  1                       0
    412 C0413                  1                       0
    427 C0428                  1                       0
    445 C0446                  1                      -5
    461 C0462                  1                       0
    462 C0463                  1                       0
    481 C0482                  1                       0
    486 C0487                  1                       0
    497 C0498                  1                       0
    507 C0508                  1                       0
    523 C0524                  1                       0
    544 C0545                  1                       0
    548 C0549                  1                       0
    570 C0571                  1                       0
    574 C0575                  1                       0
    582 C0583                  1                       0
    601 C0602                  1                       0
    604 C0605                  1                       0
    625 C0626                  1                       0
    631 C0632                  1                      -3
    652 C0653                  1                       0
    662 C0663                  1                       0
    678 C0679                  1                       0
    684 C0685                  1                       0
