Optimal - objective value 50.00000000
      0 C0001                  1                       0
     68 C0069                  1                       0
    120 C0121                  1                       0
    160 C0161                  1                       0
    217 C0218                  1                       0
    293 C0294                  1                       0
    309 C0310                  1                       0
    348 C0349                  1                       0
    438 C0439                  1                       0
    489 C0490                  1                       0
    512 C0513                  1                       0
    573 C0574                  1                       0
    592 C0593                  1                       0
    638 C0639                  1                       0
    693 C0694                  1                       0
    768 C0769                  1                       0
    826 C0827                  1                       0
    835 C0836                  1                       0
    898 C0899                  1                       0
    937 C0938                  1                       0
   1015 C1016                  1                       0
   1036 C1037                  1                       0
   1082 C1083                  1                       0
   1158 C1159                  1                       0
   1195 C1196                  1                       0
   1263 C1264                  1                       0
   1284 C1285                  1                       0
   1349 C1350                  1                       0
   1402 C1403                  1                       0
   1463 C1464                  1                       0
   1491 C1492                  1                       0
   1531 C1532                  1                       0
   1612 C1613                  1                       0
   1635 C1636                  1                       0
   1686 C1687                  1                       0
   1731 C1732                  1                       0
   1765 C1766                  1                       0
   1841 C1842                  1                       0
   1892 C1893                  1                       0
   1940 C1941                  1                       0
   1986 C1987                  1                       0
   2046 C2047                  1                       0
   2083 C2084                  1                       0
   2156 C2157                  1                       0
   2165 C2166                  1                       0
   2227 C2228                  1                       0
   2256 C2257                  1                       0
   2341 C2342                  1                       0
   2394 C2395                  1                       0
   2442 C2443                  1                       0
   2474 C2475                  1                       0
   2507 C2508                  1                       0
   2564 C2565                  1                       0
   2601 C2602                  1                       0
   2682 C2683                  1                       0
   2722 C2723                  1                       0
   2750 C2751                  1                       0
   2813 C2814                  1                       0
   2882 C2883                  1                       0
   2924 C2925                  1                       0
   2963 C2964                  1                       0
   3018 C3019                  1                       0
   3051 C3052                  1                       0
   3124 C3125                  1                       0
   3175 C3176                  1                       0
   3230 C3231                  1                       0
   3243 C3244                  1                       0
   3301 C3302                  1                       0
   3340 C3341                  1                       0
   3409 C3410                  1                       0
   3454 C3455                  1                       0
   3522 C3523                  1                       0
   3539 C3540                  1                       0
   3591 C3592                  1                       0
   3662 C3663                  1                       0
   3675 C3676                  1                       1
   3676 C3677                  1                       1
   3677 C3678                  1                       1
   3678 C3679                  1                       1
   3679 C3680                  1                       1
   3680 C3681                  1                       1
   3681 C3682                  1                       1
   3682 C3683                  1                       1
   3683 C3684                  1                       1
   3684 C3685                  1                       1
   3685 C3686                  1                       1
   3686 C3687                  1                       1
   3687 C3688                  1                       1
   3688 C3689                  1                       1
   3689 C3690                  1                       1
   3690 C3691                  1                       1
   3691 C3692                  1                       1
   3692 C3693                  1                       1
   3693 C3694                  1                       1
   3694 C3695                  1                       1
   3695 C3696                  1                       1
   3696 C3697                  1                       1
   3697 C3698                  1                       1
   3698 C3699                  1                       1
   3699 C3700                  1                       1
   3700 C3701                  1                       1
   3701 C3702                  1                       1
   3702 C3703                  1                       1
   3703 C3704                  1                       1
   3704 C3705                  1                       1
   3705 C3706                  1                       1
   3706 C3707                  1                       1
   3707 C3708                  1                       1
   3708 C3709                  1                       1
   3709 C3710                  1                       1
   3710 C3711                  1                       1
   3711 C3712                  1                       1
   3712 C3713                  1                       1
   3713 C3714                  1                       1
   3714 C3715                  1                       1
   3715 C3716                  1                       1
   3716 C3717                  1                       1
   3717 C3718                  1                       1
   3718 C3719                  1                       1
   3719 C3720                  1                       1
   3720 C3721                  1                       1
   3721 C3722                  1                       1
   3722 C3723                  1                       1
   3723 C3724                  1                       1
   3724 C3725                  1                       1
Optimal - objective value 50.00000000
      0 C0001                  1                       0
     68 C0069                  1                       0
    120 C0121                  1                       0
    160 C0161                  1                       0
    217 C0218                  1                       0
    293 C0294                  1                       0
    309 C0310                  1                       0
    348 C0349                  1                       0
    438 C0439                  1                       0
    489 C0490                  1                       0
    512 C0513                  1                       0
    573 C0574                  1                       0
    592 C0593                  1                       0
    638 C0639                  1                       0
    693 C0694                  1                       0
    768 C0769                  1                       0
    826 C0827                  1                       0
    835 C0836                  1                       0
    898 C0899                  1                       0
    937 C0938                  1                       0
   1015 C1016                  1                       0
   1036 C1037                  1                       0
   1082 C1083                  1                       0
   1158 C1159                  1                       0
   1195 C1196                  1                       0
   1263 C1264                  1                       0
   1284 C1285                  1                       0
   1349 C1350                  1                       0
   1402 C1403                  1                       0
   1463 C1464                  1                       0
   1491 C1492                  1                       0
   1531 C1532                  1                       0
   1612 C1613                  1                       0
   1635 C1636                  1                       0
   1686 C1687                  1                       0
   1731 C1732                  1                       0
   1765 C1766                  1                       0
   1841 C1842                  1                       0
   1892 C1893                  1                       0
   1940 C1941                  1                       0
   1986 C1987                  1                       0
   2046 C2047                  1                       0
   2083 C2084                  1                       0
   2156 C2157                  1                       0
   2165 C2166                  1                       0
   2227 C2228                  1                       0
   2256 C2257                  1                       0
   2341 C2342                  1                       0
   2394 C2395                  1                       0
   2442 C2443                  1                       0
   2474 C2475                  1                       0
   2507 C2508                  1                       0
   2564 C2565                  1                       0
   2601 C2602                  1                       0
   2682 C2683                  1                       0
   2722 C2723                  1                       0
   2750 C2751                  1                       0
   2813 C2814                  1                       0
   2882 C2883                  1                       0
   2924 C2925                  1                       0
   2963 C2964                  1                       0
   3018 C3019                  1                       0
   3051 C3052                  1                       0
   3124 C3125                  1                       0
   3175 C3176                  1                       0
   3230 C3231                  1                       0
   3243 C3244                  1                       0
   3301 C3302                  1                       0
   3340 C3341                  1                       0
   3409 C3410                  1                       0
   3454 C3455                  1                       0
   3522 C3523                  1                       0
   3539 C3540                  1                       0
   3591 C3592                  1                       0
   3662 C3663                  1                       0
   3675 C3676                  1                       1
   3676 C3677                  1                       1
   3677 C3678                  1                       1
   3678 C3679                  1                       1
   3679 C3680                  1                       1
   3680 C3681                  1                       1
   3681 C3682                  1                       1
   3682 C3683                  1                       1
   3683 C3684                  1                       1
   3684 C3685                  1                       1
   3685 C3686                  1                       1
   3686 C3687                  1                       1
   3687 C3688                  1                       1
   3688 C3689                  1                       1
   3689 C3690                  1                       1
   3690 C3691                  1                       1
   3691 C3692                  1                       1
   3692 C3693                  1                       1
   3693 C3694                  1                       1
   3694 C3695                  1                       1
   3695 C3696                  1                       1
   3696 C3697                  1                       1
   3697 C3698                  1                       1
   3698 C3699                  1                       1
   3699 C3700                  1                       1
   3700 C3701                  1                       1
   3701 C3702                  1                       1
   3702 C3703                  1                       1
   3703 C3704                  1                       1
   3704 C3705                  1                       1
   3705 C3706                  1                       1
   3706 C3707                  1                       1
   3707 C3708                  1                       1
   3708 C3709                  1                       1
   3709 C3710                  1                       1
   3710 C3711                  1                       1
   3711 C3712                  1                       1
   3712 C3713                  1                       1
   3713 C3714                  1                       1
   3714 C3715                  1                       1
   3715 C3716                  1                       1
   3716 C3717                  1                       1
   3717 C3718                  1                       1
   3718 C3719                  1                       1
   3719 C3720                  1                       1
   3720 C3721                  1                       1
   3721 C3722                  1                       1
   3722 C3723                  1                       1
   3723 C3724                  1                       1
   3724 C3725                  1                       1
