Optimal - objective value 8.00000000
      5 C0006                  1                       0
     49 C0050                  1                       0
     77 C0078                  1                       0
    122 C0123                  1                       0
    146 C0147                  1                       0
    221 C0222                  1                       0
    268 C0269                  1                       0
    293 C0294                  1                       0
    341 C0342                  1                       0
    365 C0366                  1                       0
    437 C0438                  1                       0
    486 C0487                  1                       0
    509 C0510                  1                       0
    559 C0560                  1                       0
    589 C0590                  1                       0
    626 C0627                  1                       0
    650 C0651                  1                       0
    661 C0662                  1                       0
    696 C0697                  1                       0
    733 C0734                  1                       0
    772 C0773                  1                       0
    805 C0806                  1                       0
    845 C0846                  1                       0
    877 C0878                  1                       0
    949 C0950                  1                       0
    990 C0991                  1                       0
   1021 C1022                  1                       0
   1063 C1064                  1                       0
   1082 C1083                  1                       0
   1101 C1102                  1                       0
   1128 C1129                  1                       0
   1173 C1174                  1                       0
   1204 C1205                  1                       0
   1245 C1246                  1                       0
   1277 C1278                  1                       0
   1317 C1318                  1                       0
   1389 C1390                  1                       0
   1422 C1423                  1                       0
   1461 C1462                  1                       0
   1495 C1496                  1                       0
   1517 C1518                  1                       0
   1536 C1537                  1                       0
   1564 C1565                  1                       0
   1589 C1590                  1                       0
   1608 C1609                  1                       0
   1637 C1638                  1                       0
   1661 C1662                  1                       0
   1680 C1681                  1                       0
   1733 C1734                  1                       0
   1752 C1753                  1                       0
   1782 C1783                  1                       0
   1805 C1806                  1                       0
   1824 C1825                  1                       0
   1855 C1856                  1                       0
   1909 C1910                  1                       0
   1925 C1926                  1                       0
   1981 C1982                  1                       0
   2053 C2054                  1                       0
   2070 C2071                  1                       0
   2125 C2126                  1                       0
   2143 C2144                  1                       0
   2205 C2206                  1                       0
   2277 C2278                  1                       0
   2286 C2287                  1                       0
   2349 C2350                  1                       0
   2359 C2360                  1                       0
   2430 C2431                  1                       0
   2503 C2504                  1                       0
   2575 C2576                  1                       0
   2582 C2583                  1                       0
   2594 C2595                  1                       1
   2597 C2598                  1                       1
   2605 C2606                  1                       1
   2613 C2614                  1                       1
   2616 C2617                  1                       0
   2629 C2630                  1                       1
   2637 C2638                  1                       1
   2640 C2641                  1                       0
   2641 C2642                  1                       0
   2642 C2643                  1                       0
   2644 C2645                  1                       0
   2645 C2646                  1                       0
   2646 C2647                  1                       1
   2647 C2648                  1                       1
   2654 C2655                  1                       0
   2662 C2663                  1                       0
