Stopped on time - objective value 28113.00000000
      5 C0006                  1                     330
     19 C0020                  1                     790
     34 C0035                  1                     675
     55 C0056                  1                    1004
     77 C0078                  1                    1130
     92 C0093                  1                    1500
    119 C0120                  1                    1240
    124 C0125                  1                    1836
    141 C0142                  1                    1144
    158 C0159                  1                     771
    171 C0172                  1                     534
    191 C0192                  1                     520
    214 C0215                  1                     975
    217 C0218                  1                     970
    224 C0225                  1                    1005
    247 C0248                  1                     474
    248 C0249                  1                     717
    273 C0274                  1                     810
    299 C0300                  1                    1144
    314 C0315                  1                    1170
    325 C0326                  1                     828
    344 C0345                  1                    1620
    353 C0354                  1                    1346
    365 C0366                  1                     790
    384 C0385                  1                     801
    393 C0394                  1                     960
    429 C0430                  1                     610
    459 C0460                  1                    1044
    470 C0471                  1                    1545
    479 C0480                  1                    1052
    488 C0489                  1                    1533
    500 C0501                  1                     675
    505 C0506                  1                     720
    531 C0532                  1                     830
    559 C0560                  1                     830
    574 C0575                  1                    1125
    577 C0578                  1                     520
    611 C0612                  1                     780
    618 C0619                  1                    1236
    700 C0701                  1                    -252
    768 C0769                  1                    -900
    948 C0949                  1                   -1004
   1074 C1075                  1                    -440
   1141 C1142                  1                    -687
   1337 C1338                  1                    -817
   1387 C1388                  1                    -509
   1563 C1564                  1                    -773
   1675 C1676                  1                    -651
   1726 C1727                  1                   -1066
   1943 C1944                  1                    -744
   1968 C1969                  1                    -667
   2090 C2091                  1                    -961
   2185 C2186                  1                       0
   2190 C2191                  1                       0
   2194 C2195                  1                       0
   2199 C2200                  1                       0
   2200 C2201                  1                       0
   2204 C2205                  1                       0
   2209 C2210                  1                       0
   2212 C2213                  1                       0
   2216 C2217                  1                       0
   2223 C2224                  1                       0
   2224 C2225                  1                       0
   2231 C2232                  1                       0
   2233 C2234                  1                       0
Stopped on time - objective value 29367.00000000
      2 C0003                  1                     495
     19 C0020                  1                     790
     47 C0048                  1                     520
     49 C0050                  1                    1004
     66 C0067                  1                    1440
     75 C0076                  1                    1130
    106 C0107                  1                    2019
    115 C0116                  1                    1240
    137 C0138                  1                    1144
    151 C0152                  1                     478
    155 C0156                  1                     514
    190 C0191                  1                     780
    215 C0216                  1                     650
    216 C0217                  1                    1455
    225 C0226                  1                     670
    245 C0246                  1                     474
    256 C0257                  1                    1242
    265 C0266                  1                    1044
    303 C0304                  1                    1144
    317 C0318                  1                     780
    334 C0335                  1                    1080
    348 C0349                  1                    1620
    361 C0362                  1                     790
    381 C0382                  1                     830
    384 C0385                  1                     801
    413 C0414                  1                     534
    428 C0429                  1                     915
    444 C0445                  1                    1836
    470 C0471                  1                    1545
    479 C0480                  1                    1052
    481 C0482                  1                     450
    493 C0494                  1                    1022
    496 C0497                  1                     675
    535 C0536                  1                     830
    546 C0547                  1                    1215
    571 C0572                  1                     750
    589 C0590                  1                    1000
    612 C0613                  1                    1170
    619 C0620                  1                     824
    696 C0697                  1                    -340
    782 C0783                  1                    -660
    938 C0939                  1                    -597
   1072 C1073                  1                    -440
   1210 C1211                  1                    -687
   1321 C1322                  1                    -727
   1424 C1425                  1                    -661
   1505 C1506                  1                    -739
   1609 C1610                  1                    -989
   1752 C1753                  1                    -934
   1899 C1900                  1                    -696
   2038 C2039                  1                    -600
   2127 C2128                  1                    -515
   2185 C2186                  1                       0
   2189 C2190                  1                       0
   2193 C2194                  1                       0
   2199 C2200                  1                       0
   2200 C2201                  1                       0
   2204 C2205                  1                       0
   2211 C2212                  1                       0
   2214 C2215                  1                       0
   2218 C2219                  1                       0
   2223 C2224                  1                       0
   2224 C2225                  1                       0
   2229 C2230                  1                       0
   2234 C2235                  1                       0
