Stopped on time - objective value 52.67148328
     22 C0023         0.01884254                       0
     84 C0085       0.0072658645                       0
     88 C0089         0.00738403                       0
    296 C0297        0.061461316                       0
    441 C0442        0.025141795                       0
    721 C0722        0.069073981                       0
   1313 C1314        0.030230112                       0
   1316 C1317        0.027098564                       0
   1368 C1369         0.32612447                       0
   1413 C1414       0.0083905831                       0
   2168 C2169           0.012144                       0
   2371 C2372       0.0084267394                       0
   2648 C2649        0.026341506                       0
   3089 C3090       0.0080189287                       0
   3702 C3703        0.033366126                       0
   4545 C4546        0.017554544                       0
   4901 C4902        0.061461316                       0
   5173 C5174        0.025141795                       0
   6128 C6129         0.20203129                       0
   6659 C6660        0.025817899                       0
   6814 C6815         0.03835421                       0
   7369 C7370         0.32612447                       0
   7525 C7526        0.014100225                       0
   7866 C7867        0.016482405                       0
   7996 C7997       0.0078784971                       0
   8282 C8283        0.038270099                       0
   8800 C8801        0.019876156                       0
   9173 C9174        0.025817899                       0
   9640 C9641         0.32612447                       0
   9951 C9952        0.061461316                       0
  10233 C10234        0.32612447                       0
  10505 C10506       0.043197338                       0
  11186 C11187       0.015899817                       0
  11518 C11519         0.0262385                       0
  12024 C12025       0.018263978                       0
  12220 C12221       0.019769772                       0
  12398 C12399        0.01884254                       0
  12446 C12447       0.018263978                       0
  12489 C12490       0.061461316                       0
  13045 C13046       0.054973756                       0
  13301 C13302        0.02931397                       0
  14310 C14311       0.047782613                       0
  14375 C14376       0.030230112                       0
  14400 C14401       0.015899817                       0
  14403 C14404      0.0071018822                       0
  14936 C14937       0.018431382                       0
  15123 C15124        0.24122527                       0
  15473 C15474       0.015286622                       0
  16070 C16071      0.0080189287                       0
  16411 C16412       0.026008579                       0
  16489 C16490       0.069073981                       0
  16929 C16930       0.017554544                       0
  16969 C16970       0.053267744                       0
  17504 C17505       0.025765753                       0
  17679 C17680      0.0078288584                       0
  17891 C17892       0.061461316                       0
  18088 C18089       0.017554544                       0
  18235 C18236       0.023192118                       0
  18368 C18369       0.013346377                       0
  18565 C18566       0.025267707                       0
  18938 C18939      0.0087772722                       0
  19202 C19203        0.10244011                       0
  19215 C19216         0.0262385                       0
  19246 C19247       0.018263978                       0
  19268 C19269       0.017554544                       0
  19732 C19733       0.032370617                       0
  19777 C19778        0.30635469                       0
  19907 C19908      0.0078784971                       0
  20068 C20069       0.011152859                       0
  20129 C20130        0.10244011                       0
  20428 C20429        0.20203129                       0
  20450 C20451        0.03511981                       0
  20639 C20640       0.030230112                       0
  20781 C20782       0.061461316                       0
  21087 C21088       0.025817899                       0
  21911 C21912        0.24122527                       0
  21969 C21970       0.041333223                       0
  22680 C22681       0.028054806                       0
  22682 C22683       0.018431382                       0
  23178 C23179       0.026008579                       0
  23593 C23594      0.0072658645                       0
  23609 C23610       0.014765378                       0
  23622 C23623       0.015286622                       0
  24131 C24132       0.022540453                       0
  25234 C25235       0.010558885                       0
  25773 C25774        0.20203129                       0
  26158 C26159       0.025141795                       0
  26730 C26731      0.0084267394                       0
  26735 C26736       0.012413929                       0
  27243 C27244       0.053267744                       0
  27247 C27248      0.0090395149                       0
  27336 C27337       0.019769772                       0
  27976 C27977       0.014341167                       0
  29503 C29504      0.0074366033                       0
  30727 C30728      0.0084267394                       0
  31202 C31203       0.061461316                       0
  31443 C31444      0.0087772722                       0
  31465 C31466       0.018431382                       0
  32126 C32127       0.057162316                       0
  32667 C32668      0.0093797037                       0
  32795 C32796       0.061461316                       0
  33455 C33456       0.021017268                       0
  33751 C33752       0.019876156                       0
  33888 C33889       0.031168217                       0
  33894 C33895      0.0087772722                       0
  34094 C34095      0.0078288584                       0
  35203 C35204       0.010334202                       0
  35274 C35275       0.025267707                       0
  35366 C35367       0.018431382                       0
  35512 C35513       0.014100225                       0
  35546 C35547         0.0152684                       0
  36505 C36506       0.025817899                       0
  36664 C36665       0.010558885                       0
  37193 C37194       0.010954629                       0
  37213 C37214       0.014765378                       0
  37455 C37456      0.0084267394                       0
  37456 C37457       0.010334202                       0
  37674 C37675        0.32612447                       0
  37740 C37741       0.017554544                       0
  37828 C37829        0.12825802                       0
  38068 C38069       0.016173956                       0
  38305 C38306        0.32612447                       0
  39060 C39061       0.012413929                       0
  39079 C39080       0.043197338                       0
  39674 C39675       0.027850155                       0
  39993 C39994       0.010954629                       0
  40430 C40431      0.0084267394                       0
  40472 C40473       0.027098564                       0
  40580 C40581       0.017554544                       0
  40780 C40781       0.028768507                       0
  40917 C40918        0.10142425                       0
  40952 C40953       0.042114885                       0
  41140 C41141       0.011152859                       0
  41602 C41603       0.014089361                       0
  41619 C41620        0.01453027                       0
  41892 C41893       0.020684049                       0
  42863 C42864       0.018431382                       0
  43111 C43112       0.016406524                       0
  43573 C43574       0.014089361                       0
  43647 C43648        0.03835421                       0
  44088 C44089        0.10244011                       0
  44408 C44409      0.0084267394                       0
  44746 C44747       0.016813931                       0
  45567 C45568      0.0087772722                       0
  45626 C45627        0.32612447                       0
  45895 C45896        0.32612447                       0
  46444 C46445       0.017554544                       0
  46935 C46936        0.22045787                       0
  46964 C46965        0.10244011                       0
  47181 C47182       0.024223654                       0
  47532 C47533       0.018431382                       0
  47661 C47662        0.21345671                       0
  47930 C47931       0.061461316                       0
  48604 C48605        0.01843863                       0
  48883 C48884       0.015286622                       0
  48921 C48922       0.020684049                       0
  49819 C49820       0.017554544                       0
  50176 C50177       0.061461316                       0
  50245 C50246       0.035981119                       0
  50513 C50514       0.017554544                       0
  50547 C50548       0.015286622                       0
  50715 C50716      0.0021900342                       0
  51001 C51002       0.013747707                       0
  51266 C51267       0.069073981                       0
  51376 C51377        0.30635469                       0
  51643 C51644       0.061461316                       0
  51704 C51705      0.0088021484                       0
  51785 C51786       0.017554544                       0
  51787 C51788       0.030230112                       0
  52421 C52422      0.0084267394                       0
  52990 C52991       0.047782613                       0
  53404 C53405        0.10142425                       0
  53501 C53502       0.025267707                       0
  53818 C53819       0.043197338                       0
  54409 C54410       0.010828814                       0
  54414 C54415       0.019769772                       0
  54419 C54420       0.027850155                       0
  54768 C54769       0.043197338                       0
  54793 C54794       0.033366126                       0
  55445 C55446       0.061461316                       0
  55481 C55482       0.035981119                       0
  55623 C55624      0.0072658645                       0
  55995 C55996        0.00738403                       0
  56055 C56056      0.0087772722                       0
  56274 C56275       0.057162316                       0
  56603 C56604       0.064377273                       0
  56844 C56845       0.030230112                       0
  57418 C57419       0.030230112                       0
  57910 C57911       0.024223654                       0
  58159 C58160       0.028768507                       0
  58218 C58219       0.022540453                       0
  58838 C58839       0.021017268                       0
  59091 C59092       0.041333223                       0
  59774 C59775      0.0087772722                       0
  59901 C59902       0.027098564                       0
  60257 C60258       0.057162316                       0
  60894 C60895        0.01843863                       0
  60955 C60956      0.0032344004                       0
  61044 C61045      0.0084267394                       0
  61369 C61370      0.0083905831                       0
  62062 C62063       0.018431382                       0
  62283 C62284       0.016482405                       0
  62642 C62643       0.064377273                       0
  62762 C62763      0.0090395149                       0
  63340 C63341      0.0088021484                       0
  63819 C63820        0.03835421                       0
  63921 C63922        0.01843863                       0
  63956 C63957       0.016813931                       0
  65189 C65190        0.01843863                       0
  65302 C65303       0.019769772                       0
  65546 C65547        0.10142425                       0
  65588 C65589        0.24122527                       0
  66134 C66135        0.01453027                       0
  66474 C66475       0.035981119                       0
  66952 C66953       0.015286622                       0
  67231 C67232       0.016173956                       0
  67447 C67448        0.03835421                       0
  67625 C67626      0.0084267394                       0
  67880 C67881        0.03835421                       0
  68110 C68111      0.0084267394                       0
  68863 C68864        0.03835421                       0
  68963 C68964      0.0084267394                       0
  68980 C68981       0.057162316                       0
  69198 C69199       0.061461316                       0
  69407 C69408       0.018263978                       0
  69853 C69854       0.013346377                       0
  70557 C70558      0.0071018822                       0
  70711 C70712       0.014341167                       0
  70856 C70857      0.0071018822                       0
  71053 C71054        0.01521459                       0
  71066 C71067       0.020181521                       0
  71234 C71235       0.018263978                       0
  71445 C71446        0.30635469                       0
  72381 C72382       0.010828814                       0
  72652 C72653      0.0093797037                       0
  72739 C72740        0.14461583                       0
  72792 C72793       0.032370617                       0
  72849 C72850      0.0084267394                       0
  72950 C72951         0.0152684                       0
  73055 C73056       0.017554544                       0
  73099 C73100       0.014765378                       0
  74150 C74151       0.033366126                       0
  74314 C74315      0.0074366033                       0
  74479 C74480          0.012144                       0
  75042 C75043       0.028054806                       0
  75487 C75488        0.32612447                       0
  75713 C75714        0.13765399                       0
  75715 C75716       0.016406524                       0
  77112 C77113        0.01521459                       0
  77224 C77225       0.015899817                       0
  78002 C78003        0.30768584                       0
  78061 C78062       0.011569799                       0
  78482 C78483       0.016828246                       0
  78900 C78901        0.02931397                       0
  79479 C79480       0.018596559                       0
  79528 C79529       0.013747707                       0
  80467 C80468       0.041333223                       0
  80605 C80606        0.11905743                       0
  81065 C81066       0.016828246                       0
  82847 C82848       0.024223654                       0
  82970 C82971      0.0071018822                       0
  83901 C83902        0.32612447                       0
  83905 C83906      0.0084267394                       0
  84037 C84038       0.016828246                       0
  84242 C84243       0.034067359                       0
  84977 C84978      0.0071018822                       0
  85444 C85445       0.018263978                       0
  85523 C85524       0.054973756                       0
  85671 C85672       0.020181521                       0
  86233 C86234       0.033366126                       0
  86295 C86296       0.011152859                       0
  86360 C86361        0.24364998                       0
  87307 C87308      0.0084267394                       0
  87339 C87340       0.018263978                       0
  87727 C87728                 1            0.0010005003
  87731 C87732                 1            0.0010005003
  88362 C88363                 1              0.10120164
  88954 C88955                 1             0.041687169
  88957 C88958                 1               2.2664419
  89009 C89010                 1             0.036948385
  89054 C89055                 1            0.0010005003
  89809 C89810                 1            0.0010005003
  90012 C90013                 1             0.058690762
  90289 C90290                 1            0.0010005003
  91342 C91343                 1            0.0010005003
  92185 C92186                 1             0.036948385
  92541 C92542                 1              0.00135521
  92813 C92814                 1            0.0010005003
  93768 C93769                 1            0.0010005003
  94299 C94300                 1               3.6425931
  94454 C94455                 1            0.0033870969
  95009 C95010                 1            0.0010005003
  95165 C95166                 1            0.0010005003
  95506 C95507                 1            0.0010005003
  95636 C95637                 1            0.0010005003
  95922 C95923                 1             0.041687169
  96812 C96813                 1            0.0010005003
  97589 C97590                 1               3.9754526
  97871 C97872                 1               3.5130444
  98143 C98144                 1            0.0010005003
  98824 C98825                 1            0.0010005003
  99661 C99662                 1               2.2664419
 100034 C100035                1            0.0010005003
 100082 C100083                1            0.0010005003
 100125 C100126                1              0.00135521
 101944 C101945                1            0.0011968569
 102009 C102010                1              0.01798614
 102034 C102035                1              0.16547945
 102569 C102570                1              0.16146225
 102756 C102757                1            0.0010005003
 103106 C103107                1             0.041687169
 103703 C103704                1            0.0010005003
 104044 C104045                1            0.0010005003
 104122 C104123                1             0.075359913
 104562 C104563                1             0.030206339
 104602 C104603                1             0.041687169
 105137 C105138                1             0.024599504
 105312 C105313                1            0.0010005003
 105524 C105525                1            0.0024316264
 105721 C105722                1             0.041687169
 105868 C105869                1            0.0010005003
 106197 C106198                1              0.10120164
 106833 C106834                1               3.5130444
 106846 C106847                1            0.0010005003
 106877 C106878                1            0.0010005003
 106899 C106900                1            0.0010005003
 107407 C107408                1            0.0010005003
 107697 C107698                1            0.0010005003
 107758 C107759                1            0.0010005003
 108057 C108058                1            0.0013917711
 108079 C108080                1            0.0010005003
 108268 C108269                1            0.0010005003
 108410 C108411                1            0.0010005003
 109539 C109540                1            0.0010005003
 109597 C109598                1            0.0014102509
 110308 C110309                1            0.0010005003
 111219 C111220                1            0.0033046197
 111247 C111248                1            0.0010005003
 112858 C112859                1            0.0010005003
 113397 C113398                1            0.0010005003
 113782 C113783                1              0.10120164
 114354 C114355                1              0.00135521
 114866 C114867                1             0.089525938
 114870 C114871                1            0.0010005003
 114959 C114960                1            0.0010005003
 115599 C115600                1            0.0010005003
 118349 C118350                1             0.058690762
 118824 C118825                1            0.0010005003
 119065 C119066                1            0.0010005003
 119087 C119088                1               0.3635283
 119748 C119749                1            0.0010005003
 120289 C120290                1            0.0011968569
 120417 C120418                1               2.6919914
 121077 C121078                1            0.0010005003
 121373 C121374                1            0.0010005003
 121510 C121511                1            0.0013917711
 122893 C122894                1            0.0010005003
 122985 C122986                1            0.0010005003
 124122 C124123                1               2.6919914
 124828 C124829                1            0.0010005003
 125070 C125071                1            0.0010005003
 125071 C125072                1            0.0010005003
 125354 C125355                1            0.0010005003
 125681 C125682                1            0.0010005003
 125918 C125919                1              0.03675082
 126673 C126674                1            0.0010005003
 126692 C126693                1            0.0010005003
 127287 C127288                1            0.0010005003
 127606 C127607                1            0.0010005003
 128043 C128044                1            0.0010005003
 128192 C128193                1            0.0010005003
 128528 C128529                1              0.01360729
 128563 C128564                1              0.16547945
 128751 C128752                1               2.6919914
 129501 C129502                1            0.0010005003
 130472 C130473                1            0.0010005003
 130720 C130721                1            0.0010005003
 131182 C131183                1            0.0010005003
 131256 C131257                1            0.0057167044
 131697 C131698                1            0.0010005003
 132017 C132018                1              0.10120164
 132355 C132356                1            0.0010005003
 133234 C133235                1            0.0010005003
 134051 C134052                1               3.5130444
 134542 C134543                1            0.0010005003
 134571 C134572                1             0.013972089
 135138 C135139                1              0.10120164
 135267 C135268                1            0.0010005003
 136209 C136210                1               1.3513228
 136488 C136489                1            0.0010005003
 137423 C137424                1             0.033364756
 137848 C137849                1             0.003288961
 138116 C138117                1            0.0013917711
 138150 C138151                1             0.098668307
 138318 C138319                1            0.0010005003
 138604 C138605                1            0.0010005003
 138869 C138870                1            0.0010005003
 138979 C138980                1            0.0010005003
 139246 C139247                1               1.8718533
 139387 C139388                1            0.0010005003
 139389 C139390                1             0.001224024
 140023 C140024                1               1.3553726
 140592 C140593                1            0.0095895431
 141006 C141007                1            0.0010005003
 141419 C141420                1            0.0010005003
 142014 C142015                1            0.0010005003
 142367 C142368                1            0.0013917711
 142392 C142393                1            0.0010005003
 143044 C143045                1               3.5130444
 143080 C143081                1            0.0010005003
 143652 C143653                1               1.6185012
 143871 C143872                1              0.01798614
 144200 C144201                1            0.0010005003
 144441 C144442                1            0.0010005003
 145015 C145016                1             0.041687169
 145507 C145508                1            0.0010005003
 145756 C145757                1            0.0010005003
 145815 C145816                1            0.0010005003
 146687 C146688                1            0.0010005003
 147496 C147497                1            0.0010005003
 147852 C147853                1             0.010562017
 148489 C148490                1              0.16547945
 148550 C148551                1            0.0010005003
 148639 C148640                1             0.015375463
 149656 C149657                1            0.0010005003
 150235 C150236                1              0.16547945
 150932 C150933                1            0.0010005003
 151411 C151412                1             0.041687169
 152779 C152780                1            0.0010005003
 152892 C152893                1               3.9754526
 153136 C153137                1              0.00135521
 153178 C153179                1            0.0013917711
 153724 C153725                1            0.0010005003
 154064 C154065                1             0.001431847
 155035 C155036                1            0.0079933623
 155213 C155214                1            0.0010005003
 155468 C155469                1            0.0013917711
 155698 C155699                1             0.036948385
 156451 C156452                1            0.0042078412
 156551 C156552                1             0.058690762
 156568 C156569                1            0.0010005003
 156786 C156787                1              0.03675082
 156995 C156996                1            0.0013917711
 157441 C157442                1            0.0010005003
 158145 C158146                1              0.00135521
 158443 C158444                1            0.0010005003
 158652 C158653                1            0.0010005003
 159030 C159031                1            0.0010005003
 159966 C159967                1            0.0010005003
 160237 C160238                1            0.0010005003
 160324 C160325                1             0.041687169
 160377 C160378                1            0.0010005003
 160434 C160435                1            0.0010005003
 160535 C160536                1            0.0010005003
 160640 C160641                1              0.39968512
 160684 C160685                1            0.0013917711
 161735 C161736                1            0.0010005003
 161899 C161900                1            0.0010005003
 163070 C163071                1               1.2287398
 163296 C163297                1            0.0010005003
 164694 C164695                1            0.0010005003
 165583 C165584                1              0.07014998
 166062 C166063                1            0.0010005003
 166480 C166481                1            0.0010005003
 167059 C167060                1             0.030206339
 168046 C168047                1            0.0010005003
 168184 C168185                1             0.041687169
 168644 C168645                1               2.2664419
 170426 C170427                1               1.0662258
 170549 C170550                1            0.0010005003
 171480 C171481                1            0.0010005003
 171484 C171485                1            0.0013917711
 171820 C171821                1            0.0033046197
 172555 C172556                1            0.0010005003
 173022 C173023                1            0.0010005003
 173101 C173102                1            0.0010005003
 173810 C173811                1             0.098668307
 173936 C173937                1             0.003288961
 174914 C174915                1            0.0057167044
