Stopped on time - objective value 9.00000000
      1 C0002                  1                       0
     14 C0015                  1                       0
     27 C0028                  1                       0
     40 C0041                  1                       0
     61 C0062                  1                       0
     74 C0075                  1                       0
     86 C0087                  1                       0
     97 C0098                  1                       0
    110 C0111                  1                       0
    123 C0124                  1                       0
    142 C0143                  1                       0
    152 C0153                  1                       0
    167 C0168                  1                       0
    175 C0176                  1                       0
    188 C0189                  1                       0
    201 C0202                  1                       0
    216 C0217                  1                       0
    228 C0229                  1                       0
    242 C0243                  1                       0
    249 C0250                  1                       0
    269 C0270                  1                       0
    282 C0283                  1                       0
    294 C0295                  1                       0
    308 C0309                  1                       0
    320 C0321                  1                       0
    333 C0334                  1                       0
    345 C0346                  1                       0
    354 C0355                  1                       0
    373 C0374                  1                       0
    379 C0380                  1                       0
    397 C0398                  1                       0
    412 C0413                  1                       0
    423 C0424                  1                       0
    430 C0431                  1                       0
    448 C0449                  1                       0
    456 C0457                  1                       1
    464 C0465                  1                       1
    469 C0470                  1                       1
    472 C0473                  1                       1
    473 C0474                  1                       1
    480 C0481                  1                       1
    481 C0482                  1                       1
    483 C0484                  1                       1
    486 C0487                  1                       1
Stopped on time - objective value 9.00000000
      1 C0002                  1                       0
     14 C0015                  1                       0
     27 C0028                  1                       0
     40 C0041                  1                       0
     61 C0062                  1                       0
     74 C0075                  1                       0
     86 C0087                  1                       0
     97 C0098                  1                       0
    110 C0111                  1                       0
    123 C0124                  1                       0
    142 C0143                  1                       0
    152 C0153                  1                       0
    167 C0168                  1                       0
    175 C0176                  1                       0
    188 C0189                  1                       0
    201 C0202                  1                       0
    216 C0217                  1                       0
    228 C0229                  1                       0
    242 C0243                  1                       0
    249 C0250                  1                       0
    269 C0270                  1                       0
    282 C0283                  1                       0
    294 C0295                  1                       0
    308 C0309                  1                       0
    320 C0321                  1                       0
    333 C0334                  1                       0
    345 C0346                  1                       0
    354 C0355                  1                       0
    373 C0374                  1                       0
    379 C0380                  1                       0
    397 C0398                  1                       0
    412 C0413                  1                       0
    423 C0424                  1                       0
    430 C0431                  1                       0
    448 C0449                  1                       0
    456 C0457                  1                       1
    464 C0465                  1                       1
    469 C0470                  1                       1
    472 C0473                  1                       1
    473 C0474                  1                       1
    480 C0481                  1                       1
    481 C0482                  1                       1
    483 C0484                  1                       1
    486 C0487                  1                       1
