Stopped on time - objective value -237.76888889
    307 C0308                  1                      -1
    709 C0710                  1                      -1
    747 C0748                  1                      -1
   4539 C4540                  1                      -1
   4868 C4869                  1                      -1
   5073 C5074                  1                      -1
   5340 C5341                  1                      -1
   5678 C5679                  1                      -1
   5748 C5749                  1                      -1
   5959 C5960                  1                      -1
   6230 C6231                  1                      -1
   6356 C6357                  1                      -1
   7075 C7076                  1                      -1
   7200 C7201                  1                      -1
   7525 C7526                  1                      -1
   7781 C7782                  1                      -1
   7969 C7970                  1                      -1
   8047 C8048                  1                      -1
   8281 C8282                  1                      -1
   8504 C8505                  1                      -1
   8676 C8677                  1                      -1
   8792 C8793                  1                      -1
   9065 C9066                  1                      -1
   9171 C9172                  1                      -1
   9351 C9352                  1                      -1
   9612 C9613                  1                      -1
  10081 C10082                 1                      -1
  10231 C10232                 1                      -1
  10494 C10495                 1                      -1
  10656 C10657                 1                      -1
  10800 C10801                 1                      -1
  11603 C11604                 1                      -1
  11862 C11863                 1                      -1
  11929 C11930                 1                      -1
  12201 C12202                 1                      -1
  12415 C12416                 1                      -1
  12532 C12533                 1                      -1
  12731 C12732                 1                      -1
  12999 C13000                 1                      -1
  13113 C13114                 1                      -1
  13351 C13352                 1                      -1
  13542 C13543                 1                      -1
  13577 C13578                 1                      -1
  13906 C13907                 1                      -1
  13955 C13956                 1                      -1
  14208 C14209                 1                      -1
  14429 C14430                 1                      -1
  14536 C14537                 1                      -1
  14722 C14723                 1                      -1
  15442 C15443                 1                      -1
  15590 C15591                 1                      -1
  15666 C15667                 1                      -1
  15906 C15907                 1                      -1
  16018 C16019                 1                      -1
  16344 C16345                 1                      -1
  16466 C16467                 1                      -1
  16670 C16671                 1                      -1
  16760 C16761                 1                      -1
  16934 C16935                 1                      -1
  17968 C17969                 1                      -1
  18103 C18104                 1                      -1
  18442 C18443                 1                      -1
  19329 C19330                 1                      -1
  19499 C19500                 1                      -1
  19650 C19651                 1                      -1
  19960 C19961                 1                      -1
  19992 C19993                 1                      -1
  20337 C20338                 1                      -1
  20443 C20444                 1                      -1
  20600 C20601                 1                      -1
  20789 C20790                 1                      -1
  21046 C21047                 1                      -1
  21119 C21120                 1                      -1
  21358 C21359                 1                      -1
  21614 C21615                 1                      -1
  21899 C21900                 1                      -1
  22047 C22048                 1                      -1
  22173 C22174                 1                      -1
  22439 C22440                 1                      -1
  22681 C22682                 1                      -1
  22841 C22842                 1                      -1
  23009 C23010                 1                      -1
  23219 C23220                 1                      -1
  23395 C23396                 1                      -1
  23563 C23564                 1                      -1
  23718 C23719                 1                      -1
  24011 C24012                 1                      -1
  24030 C24031                 1                      -1
  24914 C24915                 1                      -1
  25218 C25219                 1                      -1
  25458 C25459                 1                      -1
  25547 C25548                 1                      -1
  25794 C25795                 1                      -1
  26141 C26142                 1                      -1
  26253 C26254                 1                      -1
  26448 C26449                 1                      -1
  26607 C26608                 1                      -1
  26876 C26877                 1                      -1
  27061 C27062                 1                      -1
  27274 C27275                 1                      -1
  27403 C27404                 1                      -1
  27520 C27521                 1                      -1
  27696 C27697                 1                      -1
  27848 C27849                 1                      -1
  28109 C28110                 1                      -1
  28157 C28158                 1                      -1
  29194 C29195                 1                      -1
  29299 C29300                 1                      -1
  29343 C29344                 1                      -1
  29487 C29488                 1                      -1
  29589 C29590                 1                      -1
  29928 C29929                 1                      -1
  30547 C30548                 1                      -1
  30642 C30643                 1                      -1
  30935 C30936                 1                      -1
  31057 C31058                 1                      -1
  32179 C32180                 1                      -1
  32870 C32871                 1                      -1
  33121 C33122                 1                      -1
  33408 C33409                 1                      -1
  33480 C33481                 1                      -1
  34664 C34665                 1                      -1
  34930 C34931                 1                      -1
  34972 C34973                 1                      -1
  35056 C35057                 1                      -1
  35097 C35098                 1                      -1
  35263 C35264                 1                      -1
  35537 C35538                 1                      -1
  35610 C35611                 1                      -1
  35681 C35682                 1                      -1
  35745 C35746                 1                      -1
  36254 C36255                 1                      -1
  36306 C36307                 1                      -1
  36383 C36384                 1                      -1
  36463 C36464                 1                      -1
  36810 C36811                 1                      -1
  36926 C36927                 1                      -1
  37202 C37203                 1                      -1
  37472 C37473                 1                      -1
  37631 C37632                 1                      -1
  37858 C37859                 1                      -1
  38069 C38070                 1                      -1
  38127 C38128                 1                      -1
  38391 C38392                 1                      -1
  38457 C38458                 1                      -1
  38654 C38655                 1                      -1
  38872 C38873                 1                      -1
  39478 C39479                 1                      -1
  39539 C39540                 1                      -1
  39849 C39850                 1                      -1
  40012 C40013                 1                      -1
  40127 C40128                 1                      -1
  40338 C40339                 1                      -1
  40429 C40430                 1                      -1
  40727 C40728                 1                      -1
  40786 C40787                 1                      -1
  41047 C41048                 1                      -1
  41089 C41090                 1                      -1
  41376 C41377                 1                      -1
  41592 C41593                 1                      -1
  41786 C41787                 1                      -1
  42012 C42013                 1                      -1
  42162 C42163                 1                      -1
  42366 C42367                 1                      -1
  42659 C42660                 1                      -1
  42747 C42748                 1                      -1
  43529 C43530                 1                      -1
  43764 C43765                 1                      -1
  43960 C43961                 1                      -1
  44099 C44100                 1                      -1
  44365 C44366                 1                      -1
  44456 C44457                 1                      -1
  44682 C44683                 1                      -1
  44944 C44945                 1                      -1
  45042 C45043                 1                      -1
  45165 C45166                 1                      -1
  45448 C45449                 1                      -1
  45589 C45590                 1                      -1
  45798 C45799                 1                      -1
  45848 C45849                 1                      -1
  46145 C46146                 1                      -1
  46285 C46286                 1                      -1
  46379 C46380                 1                      -1
  46958 C46959                 1                      -1
  47065 C47066                 1                      -1
  47197 C47198                 1                      -1
  47478 C47479                 1                      -1
  47553 C47554                 1                      -1
  47747 C47748                 1                      -1
  48023 C48024                 1                      -1
  48122 C48123                 1                      -1
  48292 C48293                 1                      -1
  48424 C48425                 1                      -1
  49218 C49219                 1                      -1
  49395 C49396                 1                      -1
  49654 C49655                 1                      -1
  50198 C50199                 1                      -1
  50440 C50441                 1                      -1
  50671 C50672                 1                      -1
  50845 C50846                 1                      -1
  51005 C51006                 1                      -1
  51123 C51124                 1                      -1
  51268 C51269                 1                      -1
  51452 C51453                 1                      -1
  51670 C51671                 1                      -1
  51839 C51840                 1                      -1
  51967 C51968                 1                      -1
  52137 C52138                 1                      -1
  52331 C52332                 1                      -1
  52600 C52601                 1                      -1
  52816 C52817                 1                      -1
  52879 C52880                 1                      -1
  53039 C53040                 1                      -1
  53332 C53333                 1                      -1
  53452 C53453                 1                      -1
  53675 C53676                 1                      -1
  53847 C53848                 1                      -1
  53993 C53994                 1                      -1
  54128 C54129                 1                      -1
  54393 C54394                 1                      -1
  54547 C54548                 1                      -1
  54624 C54625                 1                      -1
  54885 C54886                 1                      -1
  55051 C55052                 1                      -1
  55220 C55221                 1                      -1
  55290 C55291                 1                      -1
  55590 C55591                 1                      -1
  55749 C55750                 1                      -1
  55975 C55976                 1                      -1
  56078 C56079                 1                      -1
  56251 C56252                 1                      -1
  56374 C56375                 1                      -1
  56650 C56651                 1                      -1
  56866 C56867                 1                      -1
  56884 C56885                 1                      -1
  57066 C57067                 1                      -1
  57287 C57288                 1                      -1
  57457 C57458                 1                      -1
  57577 C57578                 1            0.0066666667
  57583 C57584                 1            0.0066666667
  57584 C57585                 1            0.0066666667
  57585 C57586                 1            0.0066666667
  57588 C57589                 1            0.0066666667
  57589 C57590                 1             0.011111111
  57590 C57591                 1             0.011111111
  57591 C57592                 1            0.0022222222
  57593 C57594                 1            0.0022222222
  57594 C57595                 1            0.0022222222
  57595 C57596                 1            0.0066666667
  57599 C57600                 1            0.0066666667
  57600 C57601                 1             0.011111111
  57601 C57602                 1             0.011111111
  57602 C57603                 1             0.011111111
  57605 C57606                 1             0.011111111
  57606 C57607                 1             0.011111111
  57608 C57609                 1            0.0066666667
  57610 C57611                 1             0.011111111
  57611 C57612                 1             0.011111111
  57612 C57613                 1            0.0066666667
  57613 C57614                 1             0.011111111
  57614 C57615                 1            0.0066666667
  57615 C57616                 1             0.011111111
  57617 C57618                 1            0.0066666667
  57618 C57619                 1            0.0066666667
  57619 C57620                 1             0.011111111
  57620 C57621                 1             0.011111111
  57625 C57626                 1                       0
  57643 C57644                 1                       0
  57646 C57647                 1                       0
  57649 C57650                 1                       0
  57658 C57659                 1                       0
  57661 C57662                 1                       0
  57664 C57665                 1                       0
  57667 C57668                 1                       0
  57673 C57674                 1                       0
  57675 C57676                 1                       0
  57679 C57680                 1                       0
  57691 C57692                 1                       0
  57694 C57695                 1                       0
  57697 C57698                 1                       0
  57700 C57701                 1                       0
  57709 C57710                 1                       0
  57712 C57713                 1                       0
  57718 C57719                 1                       0
  57724 C57725                 1                       0
  57727 C57728                 1                       0
  57729 C57730                 1                       0
  57733 C57734                 1                       0
  57736 C57737                 1                       0
  57739 C57740                 1                       0
  57745 C57746                 1                       0
  57748 C57749                 1                       0
  57751 C57752                 1                       0
  57754 C57755                 1                       0
