Optimal - objective value -1454.67175500
      0 C0001          1494.5187                       0
      1 C0002          1509.9844                       0
      2 C0003          1774.4238                       0
      3 C0004          1490.3382                       0
      4 C0005          1464.5928                       0
      5 C0006          1766.5868                       0
      6 C0007          1785.5433                       0
      7 C0008          1488.3884                       0
      8 C0009          1464.6174                       0
      9 C0010          1767.8235                       0
     10 C0011          1583.9561                       0
     11 C0012          1419.5468                       0
     12 C0013           1777.341                       0
     13 C0014          1992.4342                       0
     14 C0015          1813.5338                       0
     15 C0016          2175.8761                       0
     16 C0017          2016.5813                       0
     17 C0018          1876.7738                       0
     18 C0019          1639.5417                       0
     19 C0020          1721.9175                       0
     20 C0021           2186.435                       0
     21 C0022          2391.4013                       0
     22 C0023          1618.1978                       0
     23 C0024          2629.5741                       0
     24 C0025          1556.4334                       0
     25 C0026          1699.0365                       0
     26 C0027          1604.5389                       0
     27 C0028          1636.4917                       0
     28 C0029          1917.7844                       0
     29 C0030          1473.1911                       0
     30 C0031           1552.155                       0
     31 C0032          2069.9142                       0
     32 C0033           2419.782                       0
     33 C0034          2232.0726                       0
     34 C0035          1962.8105                       0
     35 C0036          2410.3319                       0
     36 C0037          2284.9554                       0
     37 C0038          2298.4364                       0
     38 C0039          1501.1209                       0
     39 C0040          1585.6674                       0
     40 C0041          1704.1133                       0
     41 C0042          1548.2587                       0
     42 C0043          1688.0314                       0
     43 C0044          1548.8221                       0
     44 C0045          1644.9878                       0
     45 C0046          1514.6987                       0
     46 C0047          1946.8346                       0
     47 C0048          1487.5702                       0
     48 C0049          2202.3415                       0
     49 C0050             2458.6                       0
     50 C0051          1970.5535                       0
     51 C0052          2115.9669                       0
     52 C0053          1923.4409                       0
     53 C0054          2380.4306                       0
     54 C0055          2631.8535                       0
     55 C0056          1487.5702                       0
     56 C0057          2173.6481                       0
     57 C0058          1926.0792                       0
     58 C0059          2020.2586                       0
     59 C0060          1666.9208                       0
     60 C0061               2200                       0
     61 C0062          2098.6519                       0
     62 C0063          2080.9692                       0
     63 C0064          2167.1793                       0
     64 C0065          2146.1617                       0
     65 C0066          1897.1518                       0
     66 C0067          1616.4139                       0
     67 C0068          1550.1758                       0
     68 C0069          1826.7622                       0
     69 C0070          1629.8528                       0
     70 C0071          1536.6301                       0
     71 C0072          1835.7257                       0
     72 C0073          1975.2876                       0
     73 C0074          1586.6197                       0
     74 C0075          1559.5717                       0
     75 C0076          1858.1819                       0
     76 C0077          1762.9229                       0
     77 C0078          1557.8026                       0
     78 C0079          1886.2028                       0
     79 C0080          2532.2638                       0
     80 C0081          1851.9193                       0
     81 C0082          2236.1881                       0
     82 C0083          2109.0965                       0
     83 C0084          2120.9003                       0
     84 C0085          1738.6446                       0
     85 C0086          1894.2972                       0
     86 C0087          2221.7201                       0
     87 C0088          2450.9659                       0
     88 C0089          1693.1261                       0
     89 C0090          2640.0564                       0
     90 C0091          1752.9932                       0
     91 C0092          1859.0925                       0
     92 C0093          1823.2008                       0
     93 C0094           1947.227                       0
     94 C0095          2108.4964                       0
     95 C0096          1734.8118                       0
     96 C0097          1821.1702                       0
     97 C0098          2187.2551                       0
     98 C0099          2532.9834                       0
     99 C0100           2362.166                       0
    100 C0101          2119.4728                       0
    101 C0102          2548.9488                       0
    102 C0103          2442.9492                       0
    103 C0104          2465.1268                       0
    104 C0105          2463.2799                       0
    105 C0106          2549.8363                       0
    106 C0107           2235.936                       0
    107 C0108          2401.9894                       0
    108 C0109          2497.8475                       0
    109 C0110           2231.206                       0
    110 C0111          2552.9898                       0
    111 C0112           2425.302                       0
    112 C0113           2002.255                       0
    113 C0114          2566.7616                       0
    114 C0115          2262.9158                       0
    115 C0116          2512.8219                       0
    116 C0117          2051.6094                       0
    117 C0118               2206                       0
    118 C0119          2027.9855                       0
    119 C0120          2479.6552                       0
    120 C0121           2639.385                       0
    121 C0122          2566.7616                       0
    122 C0123          2344.0137                       0
    123 C0124          2098.8285                       0
    124 C0125          2303.3777                       0
    125 C0126          1961.7199                       0
    126 C0127          2534.7493                       0
    127 C0128            2255.21                       0
    128 C0129          2510.6503                       0
    129 C0130          2339.9594                       0
    130 C0131          2303.9275                       0
    131 C0132          2451.4634                       0
    132 C0133          1419.5468                       0
    133 C0134          1536.6301                       0
    174 C0175                  1                       0
    197 C0198                  1                       0
    242 C0243                  1                       0
    244 C0245                  1                       0
    246 C0247                  1                       0
    378 C0379                  1                       0
    465 C0466                  1                       0
    648 C0649                  1                       0
    780 C0781                  1                       0
    916 C0917                  1                       0
   1050 C1051                  1                       0
   1135 C1136                  1                       0
   1269 C1270                  1                       0
   1452 C1453                  1                       0
   1586 C1587                  1                       0
   1718 C1719                  1                       0
   1782 C1783                  1              -993.68273
   1988 C1989                  1                       0
   2118 C2119                  1                       0
   2254 C2255                  1                       0
   2388 C2389                  1                       0
   2522 C2523                  1                       0
   2656 C2657                  1                       0
   2790 C2791                  1                       0
   2922 C2923                  1                       0
   3011 C3012                  1                       0
   3145 C3146                  1                       0
   3326 C3327                  1                       0
   3413 C3414                  1                       0
   3594 C3595                  1                       0
   3730 C3731                  1                       0
   3862 C3863                  1                       0
   3994 C3995                  1                       0
   4132 C4133                  1                       0
   4264 C4265                  1                       0
   4398 C4399                  1                       0
   4534 C4535                  1                       0
   4668 C4669                  1                       0
   4802 C4803                  1                       0
   4936 C4937                  1                       0
   5070 C5071                  1                       0
   5204 C5205                  1                       0
   5338 C5339                  1                       0
   5468 C5469                  1                       0
   5602 C5603                  1                       0
   5736 C5737                  1                       0
   5872 C5873                  1                       0
   6004 C6005                  1                       0
   6093 C6094                  1                       0
   6227 C6228                  1                       0
   6361 C6362                  1                       0
   6544 C6545                  1                       0
   6629 C6630                  1                       0
   6812 C6813                  1                       0
   6946 C6947                  1                       0
   7080 C7081                  1                       0
   7214 C7215                  1                       0
   7348 C7349                  1                       0
   7482 C7483                  1                       0
   7616 C7617                  1                       0
   7701 C7702                  1                       0
   7835 C7836                  1                       0
   8016 C8017                  1                       0
   8103 C8104                  1                       0
   8237 C8238                  1                       0
   8371 C8372                  1                       0
   8552 C8553                  1                       0
   8639 C8640                  1                       0
   8820 C8821                  1                       0
   8954 C8955                  1                       0
   9041 C9042                  1                       0
   9220 C9221                  1                       0
   9286 C9287                  1                       0
   9420 C9421                  1                       0
   9622 C9623                  1                       0
   9688 C9689                  1              -460.98902
   9822 C9823                  1                       0
  10024 C10025                 1                       0
  10158 C10159                 1                       0
  10224 C10225                 1                       0
  10358 C10359                 1                       0
  10560 C10561                 1                       0
  10694 C10695                 1                       0
  10760 C10761                 1                       0
  10917 C10918                 1                       0
  11096 C11097                 1                       0
  11230 C11231                 1                       0
  11364 C11365                 1                       0
  11453 C11454                 1                       0
  11632 C11633                 1                       0
  11721 C11722                 1                       0
  11900 C11901                 1                       0
  12034 C12035                 1                       0
  12168 C12169                 1                       0
  12302 C12303                 1                       0
  12436 C12437                 1                       0
  12502 C12503                 1                       0
  12704 C12705                 1                       0
  12770 C12771                 1                       0
  12904 C12905                 1                       0
  13106 C13107                 1                       0
  13240 C13241                 1                       0
  13306 C13307                 1                       0
  13440 C13441                 1                       0
  13574 C13575                 1                       0
  13708 C13709                 1                       0
  13842 C13843                 1                       0
  13976 C13977                 1                       0
  14110 C14111                 1                       0
  14316 C14317                 1                       0
  14378 C14379                 1                       0
  14584 C14585                 1                       0
  14646 C14647                 1                       0
  14852 C14853                 1                       0
  14914 C14915                 1                       0
  15048 C15049                 1                       0
  15182 C15183                 1                       0
  15316 C15317                 1                       0
  15450 C15451                 1                       0
  15584 C15585                 1                       0
  15718 C15719                 1                       0
  15852 C15853                 1                       0
  15986 C15987                 1                       0
  16120 C16121                 1                       0
  16254 C16255                 1                       0
  16388 C16389                 1                       0
  16522 C16523                 1                       0
  16724 C16725                 1                       0
  16858 C16859                 1                       0
  16992 C16993                 1                       0
  17128 C17129                 1                       0
  17260 C17261                 1                       0
  17394 C17395                 1                       0
  17528 C17529                 1                       0
  17662 C17663                 1                       0
  17796 C17797                 1                       0
  17930 C17931                 1                       0
