Stopped on time (no integer solution - continuous used) - objective value 546.00000000
      0 C0001                  3                       0
      1 C0002                  2                       0
      2 C0003                  2                       0
      3 C0004                  2                       0
      4 C0005                  2                       0
      5 C0006                  2                       0
      6 C0007                  2                       0
      7 C0008                  2                       0
      8 C0009                  3                       0
      9 C0010                  2                       0
     10 C0011                  3                       0
     11 C0012                  2                       0
     12 C0013                  2                       0
     13 C0014                  3                       0
     14 C0015                  2                       0
     15 C0016                  2                       0
     16 C0017                  2                       0
     17 C0018                  2                       0
     18 C0019                  2                       0
     19 C0020                  2                       0
     20 C0021                  2                       0
     21 C0022                  2                       0
     22 C0023                  2                       0
     23 C0024                  2                       0
     24 C0025                  2                       0
     25 C0026                  2                       0
     26 C0027                  2                       0
     27 C0028                  3                       0
     28 C0029                  3                       0
     29 C0030                  3                       0
     30 C0031                  4                       0
     31 C0032                  3                       0
     32 C0033                  3                       0
     33 C0034                  2                       0
     34 C0035                  2                       0
     35 C0036                  2                       0
     36 C0037                  2                       0
     37 C0038                  2                       0
     38 C0039                  2                       0
     39 C0040                  2                       0
     40 C0041                  2                       0
     41 C0042                  2                       0
     42 C0043                  3                       0
     43 C0044                  2                       0
     44 C0045                  2                       0
     45 C0046                  3                       0
     46 C0047                  2                       0
     47 C0048                  2                       0
     48 C0049                  2                       0
     49 C0050                  2                       0
     50 C0051                  2                       0
     51 C0052                  2                       0
     52 C0053                  2                       0
     53 C0054                  3                       0
     54 C0055                  2                       0
     55 C0056                  2                       0
     56 C0057                  2                       0
     57 C0058                  4                       0
     58 C0059                  2                       0
     59 C0060                  3                       0
     60 C0061                  2                       0
     61 C0062                  2                       0
     62 C0063                  2                       0
     63 C0064                  2                       0
     64 C0065                  3                       0
     65 C0066                  2                       0
     66 C0067                  3                       0
     67 C0068                  2                       0
     68 C0069                  2                       0
     69 C0070                  2                       0
     70 C0071                  3                       0
     71 C0072                  2                       0
     72 C0073                  3                       0
     73 C0074                  3                       0
     74 C0075                  3                       0
     75 C0076                  2                       0
     76 C0077                  2                       0
     77 C0078                  2                       0
     78 C0079                  2                       0
     79 C0080                  2                       0
     80 C0081                  2                       0
     81 C0082                  3                       0
     82 C0083                  2                       0
     83 C0084                  2                       0
     84 C0085                  3                       0
     85 C0086                  2                       0
     86 C0087                  2                       0
     87 C0088                  2                       0
     88 C0089                  2                       0
     89 C0090                  2                       0
     90 C0091                  2                       0
     91 C0092                  2                       0
     92 C0093                  2                       0
     93 C0094                  2                       0
     94 C0095                  2                       0
     95 C0096                  2                       0
     96 C0097                  2                       0
     97 C0098                  3                       0
     98 C0099                  4                       0
     99 C0100                  2                       0
    100 C0101                  2                       0
    101 C0102                  2                       0
    102 C0103                  2                       0
    103 C0104                  2                       0
    104 C0105                  2                       0
    105 C0106                  3                       0
    106 C0107                  3                       0
    107 C0108                  2                       0
    108 C0109                  3                       0
    109 C0110                  3                       0
    110 C0111                  3                       0
    111 C0112                  3                       0
    112 C0113                  3                       0
    113 C0114                  2                       0
    114 C0115                  2                       0
    115 C0116                  2                       0
    116 C0117                  2                       0
    117 C0118                  3                       0
    118 C0119                  2                       0
    119 C0120                  2                       0
    120 C0121                  2                       0
    121 C0122                  2                       0
    122 C0123                  3                       0
    123 C0124                  2                       0
    124 C0125                  2                       0
    125 C0126                  2                       0
    126 C0127                  2                       0
    127 C0128                  2                       0
    128 C0129                  2                       0
    129 C0130                  2                       0
    130 C0131                  3                       0
    131 C0132                  2                       0
    132 C0133                  3                       0
    133 C0134                  2                       0
    134 C0135                  2                       0
    135 C0136                  2                       0
    136 C0137                  2                       0
    137 C0138                  2                       0
    138 C0139                  2                       0
    139 C0140                  2                       0
    140 C0141                  2                       0
    141 C0142                  2                       0
    142 C0143                  4                       0
    143 C0144                  2                       0
    144 C0145                  2                       0
    145 C0146                  2                       0
    146 C0147                  2                       0
    147 C0148                  2                       0
    148 C0149                  3                       0
    149 C0150                  3                       0
    150 C0151                  3                       0
    151 C0152                  3                       0
    152 C0153                  2                       0
    153 C0154                  2                       0
    154 C0155                  2                       0
    155 C0156                  2                       0
    156 C0157                  2                       0
    157 C0158                  2                       0
    158 C0159                  2                       0
    159 C0160                  2                       0
    160 C0161                  2                       0
    161 C0162                  2                       0
    162 C0163                  2                       0
    163 C0164                  2                       0
    164 C0165                  2                       0
    165 C0166                  4                       0
    166 C0167                  2                       0
    167 C0168                  2                       0
    168 C0169                  2                       0
    169 C0170                  3                       0
    170 C0171                  2                       0
    171 C0172                  2                       0
    172 C0173                  3                       0
    173 C0174                  2                       0
    174 C0175                  2                       0
    175 C0176                  3                       0
    176 C0177                  2                       0
    177 C0178                  2                       0
    178 C0179                  2                       0
    179 C0180                  2                       0
    180 C0181                  2                       0
    181 C0182                  2                       0
    182 C0183                  2                       0
    183 C0184                  3                       0
    184 C0185                  3                       0
    185 C0186                  2                       0
    186 C0187                  2                       0
    187 C0188                  2                       0
    188 C0189                  3                       0
    189 C0190                  2                       0
    190 C0191                  2                       0
    191 C0192                  2                       0
    192 C0193                  2                       0
    193 C0194                  2                       0
    194 C0195                  2                       0
    195 C0196                  3                       0
    196 C0197                  4                       0
    197 C0198                  2                       0
    198 C0199                  2                       0
    199 C0200                  2                       0
    200 C0201                  3                       0
    201 C0202                  2                       0
    202 C0203                  2                       0
    203 C0204                  2                       0
    204 C0205                  3                       0
    205 C0206                  3                       0
    206 C0207                  2                       0
    207 C0208                  2                       0
    208 C0209                  4                       0
    209 C0210                  2                       0
    210 C0211                  3                       0
    211 C0212                  3                       0
    212 C0213                  2                       0
    213 C0214                  2                       0
    214 C0215                  2                       0
    215 C0216                  2                       0
    216 C0217                  2                       0
    217 C0218                  3                       0
    218 C0219                  2                       0
    219 C0220                  2                       0
    220 C0221                  2                       0
    221 C0222                  2                       0
    222 C0223                  2                       0
    223 C0224                  4                       0
    224 C0225                  2                       0
    225 C0226                  2                       0
    226 C0227                  2                       0
    227 C0228                  2                       0
    228 C0229                  2                       0
    229 C0230                  2                       0
    230 C0231                  2                       0
    231 C0232                  2                       0
    232 C0233                  2                       0
    233 C0234                  2                       0
    234 C0235                  2                       0
    235 C0236                  2                       0
    236 C0237                  2                       0
    237 C0238                  3                       0
    238 C0239                  2                       0
    239 C0240                  2                       0
    240 C0241                  2                       0
    241 C0242                  3                       0
    242 C0243                  2                       0
    243 C0244                  2                       0
    244 C0245                  2                       0
    245 C0246                  2                       0
    246 C0247                  2                       0
    247 C0248                  2                       0
    248 C0249                  2                       0
    249 C0250                  3                       0
    250 C0251                  2                       0
    251 C0252                  2                       0
    252 C0253                  2                       0
    253 C0254                  2                       0
    254 C0255                  2                       0
    255 C0256                  2                       0
    256 C0257                  2                       0
    257 C0258                  2                       0
    258 C0259                  2                       0
    259 C0260                  3                       0
    260 C0261                  2                       0
    261 C0262                  2                       0
    262 C0263                  2                       0
    263 C0264                  2                       0
    264 C0265                  3                       0
    265 C0266                  2                       0
    266 C0267                  2                       0
    267 C0268                  2                       0
    268 C0269                  2                       0
    269 C0270                  2                       0
    270 C0271                  3                       0
    271 C0272                  2                       0
    272 C0273                  2                       0
    273 C0274                  2                       0
    274 C0275                  3                       0
    275 C0276                  2                       0
    276 C0277                  2                       0
    277 C0278                  3                       0
    278 C0279                  2                       0
    279 C0280                  2                       0
    280 C0281                  2                       0
    281 C0282                  2                       0
    282 C0283                  2                       0
    283 C0284                  2                       0
    284 C0285                  2                       0
    285 C0286                  2                       0
    286 C0287                  2                       0
    287 C0288                  2                       0
    288 C0289                  2                       0
    289 C0290                  2                       0
    290 C0291                  2                       0
    291 C0292                  4                       0
    292 C0293                  2                       0
    293 C0294                  3                       0
    294 C0295                  3                       0
    295 C0296                  3                       0
    296 C0297                  3                       0
    297 C0298                  3                       0
    298 C0299                  2                       0
    299 C0300                  2                       0
    300 C0301                  2                       0
    301 C0302                  2                       0
    302 C0303                  3                       0
    303 C0304                  4                       0
    304 C0305                  2                       0
    305 C0306                  2                       0
    306 C0307                  2                       0
    307 C0308                  2                       0
    308 C0309                  3                       0
    309 C0310                  2                       0
    310 C0311                  3                       0
    311 C0312                  3                       0
    312 C0313                  2                       0
    313 C0314                  2                       0
    314 C0315                  3                       0
    315 C0316                  3                       0
    316 C0317                  2                       0
    317 C0318                  2                       0
    318 C0319                  2                       0
    319 C0320                  3                       0
    320 C0321                  2                       0
    321 C0322                  2                       0
    322 C0323                  2                       0
    323 C0324                  3                       0
    324 C0325                  2                       0
    325 C0326                  3                       0
    326 C0327                  3                       0
    327 C0328                  2                       0
    328 C0329                  3                       0
    329 C0330                  3                       0
    330 C0331                  2                       0
    331 C0332                  3                       0
    332 C0333                  2                       0
    333 C0334                  2                       0
    334 C0335                  3                       0
    335 C0336                  2                       0
    336 C0337                  3                       0
    337 C0338                  2                       0
    338 C0339                  2                       0
    339 C0340                  3                       0
    340 C0341                  3                       0
    341 C0342                  2                       0
    342 C0343                  3                       0
    343 C0344                  2                       0
    344 C0345                  2                       0
    345 C0346                  3                       0
    346 C0347                  3                       0
    347 C0348                  3                       0
    348 C0349                  3                       0
    349 C0350                  3                       0
    350 C0351                  2                       0
    351 C0352                  3                       0
    352 C0353                  2                       0
    353 C0354                  3                       0
    354 C0355                  3                       0
    355 C0356                  3                       0
    356 C0357                  3                       0
    662 C0663                  1                       0
    784 C0785       0.0056022409                       0
   1020 C1021         0.99439776                       0
   1282 C1283                  1                       0
   1691 C1692       0.0028011204                       0
   1752 C1753         0.99719888                       0
   1833 C1834       0.0028011204                       0
   1914 C1915         0.99719888                       0
   2371 C2372                  1                       0
   2586 C2587       0.0028011204                       0
   2789 C2790         0.99719888                       0
   2878 C2879       0.0028011204                       0
   2963 C2964         0.99719888                       0
   3244 C3245       0.0028011204                       0
   3468 C3469         0.99719888                       0
   3745 C3746                  1                       0
   3964 C3965       0.0028011204                       0
   4219 C4220         0.99719888                       0
   4376 C4377         0.99439776                       0
   4541 C4542       0.0028011204                       0
   4579 C4580       0.0028011204                       0
   4705 C4706       0.0028011204                       0
   4885 C4886         0.99719888                       0
   5014 C5015       0.0056022409                       0
   5132 C5133         0.99719888                       0
   5356 C5357         0.99719888                       0
   5535 C5536                  1                       0
   5733 C5734       0.0028011204                       0
   5973 C5974         0.99719888                       0
   6151 C6152          0.9719888                       0
   6207 C6208        0.028011204                       0
   6563 C6564       0.0028011204                       0
   6728 C6729         0.99719888                       0
   7061 C7062                  1                       0
   7179 C7180       0.0028011204                       0
   7209 C7210         0.99719888                       0
   7632 C7633         0.99159664                       0
   7665 C7666       0.0084033613                       0
   7944 C7945         0.98319328                       0
   8180 C8181        0.016806723                       0
   8337 C8338         0.99159664                       0
   8348 C8349       0.0084033613                       0
   8800 C8801                  1                       0
   9205 C9206       0.0028011204                       0
   9212 C9213         0.99719888                       0
   9345 C9346       0.0056022409                       0
   9522 C9523         0.99439776                       0
   9777 C9778                  1                       0
  10008 C10009                 1                       0
  10296 C10297      0.0056022409                       0
  10337 C10338        0.99439776                       0
  10549 C10550        0.99439776                       0
  10695 C10696      0.0056022409                       0
  10999 C11000      0.0028011204                       0
  11076 C11077        0.99719888                       0
  11321 C11322                 1                       0
  11545 C11546      0.0028011204                       0
  11582 C11583      0.0028011204                       0
  11618 C11619      0.0028011204                       0
  11682 C11683        0.99159664                       0
  11844 C11845                 1                       0
  12492 C12493        0.99439776                       0
  12500 C12501      0.0056022409                       0
  12538 C12539                 1                       0
  12905 C12906        0.99719888                       0
  12929 C12930      0.0028011204                       0
  13274 C13275                 1                       0
  13631 C13632                 1                       0
  13929 C13930                 1                       0
  14122 C14123        0.99719888                       0
  14164 C14165      0.0028011204                       0
  14388 C14389      0.0028011204                       0
  14624 C14625        0.99719888                       0
  14722 C14723        0.99159664                       0
  14854 C14855        0.99719888                       0
  15240 C15241                 1                       0
  15419 C15420        0.99719888                       0
  15641 C15642      0.0028011204                       0
  15763 C15764      0.0056022409                       0
  15789 C15790        0.99439776                       0
  16371 C16372      0.0056022409                       0
  16381 C16382        0.99439776                       0
  16469 C16470      0.0084033613                       0
  16474 C16475        0.99719888                       0
  16475 C16476        0.99719888                       0
  16492 C16493        0.99719888                       0
  16989 C16990      0.0028011204                       0
  17154 C17155        0.99719888                       0
  17347 C17348        0.99719888                       0
  17504 C17505      0.0028011204                       0
  17895 C17896                 1                       0
  17962 C17963        0.99719888                       0
  18221 C18222      0.0028011204                       0
  18421 C18422        0.99719888                       0
  18517 C18518      0.0028011204                       0
  18634 C18635        0.99719888                       0
  18693 C18694      0.0028011204                       0
  19121 C19122        0.99159664                       0
  19144 C19145      0.0084033613                       0
  19365 C19366        0.99719888                       0
  19617 C19618      0.0028011204                       0
  19898 C19899                 1                       0
  20191 C20192        0.99719888                       0
  20278 C20279      0.0028011204                       0
  20462 C20463        0.99719888                       0
  20505 C20506      0.0028011204                       0
  20929 C20930                 1                       0
  21364 C21365        0.99159664                       0
  21378 C21379       0.016806723                       0
  21382 C21383        0.99159664                       0
  21523 C21524        0.99719888                       0
  21604 C21605      0.0028011204                       0
  22158 C22159        0.99439776                       0
  22166 C22167      0.0056022409                       0
  22324 C22325        0.99719888                       0
  22349 C22350      0.0028011204                       0
  22685 C22686        0.99719888                       0
  22778 C22779      0.0028011204                       0
  22961 C22962      0.0028011204                       0
  23239 C23240        0.99439776                       0
  23264 C23265      0.0028011204                       0
  23490 C23491        0.99719888                       0
  23502 C23503      0.0028011204                       0
  23878 C23879      0.0056022409                       0
  23952 C23953        0.99439776                       0
  23999 C24000                 1                       0
  24557 C24558      0.0056022409                       0
  24566 C24567        0.99439776                       0
  24998 C24999                 1                       0
  25098 C25099      0.0028011204                       0
  25364 C25365        0.99719888                       0
  25615 C25616        0.99719888                       0
  25665 C25666      0.0028011204                       0
  25799 C25800      0.0056022409                       0
  25988 C25989        0.99439776                       0
  26305 C26306      0.0028011204                       0
  26440 C26441        0.99719888                       0
  26553 C26554        0.99439776                       0
  26771 C26772      0.0056022409                       0
  26904 C26905        0.99439776                       0
  27119 C27120      0.0056022409                       0
  27416 C27417                 1                       0
  27566 C27567                 1                       0
  27941 C27942      0.0028011204                       0
  27965 C27966        0.99719888                       0
  28344 C28345      0.0028011204                       0
  28378 C28379        0.99719888                       0
  28729 C28730       0.014005602                       0
  28767 C28768        0.99719888                       0
  28997 C28998                 1                       0
  29378 C29379        0.99719888                       0
  29412 C29413      0.0028011204                       0
  29792 C29793        0.99439776                       0
  29936 C29937      0.0056022409                       0
  30246 C30247        0.99719888                       0
  30311 C30312      0.0028011204                       0
  30461 C30462                 1                       0
  30462 C30463                 1                       0
  31055 C31056      0.0056022409                       0
  31056 C31057        0.99439776                       0
  31192 C31193      0.0028011204                       0
  31310 C31311        0.99719888                       0
  31586 C31587        0.99719888                       0
  31794 C31795      0.0028011204                       0
  31919 C31920                 1           1.7763568e-15
  32449 C32450        0.99439776                       0
  32495 C32496      0.0056022409                       0
  32646 C32647      0.0028011204                       0
  32882 C32883        0.99719888                       0
  33054 C33055      0.0084033613                       0
  33073 C33074        0.99719888                       0
  33088 C33089      0.0084033613                       0
  33169 C33170       0.044817927                       0
  33170 C33171        0.99719888                       0
  33568 C33569                 1                       0
  33677 C33678      0.0028011204                       0
  33754 C33755        0.99719888                       0
  34229 C34230        0.99719888                       0
  34248 C34249      0.0028011204                       0
  34459 C34460      0.0028011204                       0
  34525 C34526        0.99719888                       0
  34854 C34855       0.011204482                       0
  34867 C34868        0.98879552                       0
  35207 C35208        0.99719888                       0
  35291 C35292      0.0028011204                       0
  35446 C35447        0.99439776                       0
  35665 C35666      0.0056022409                       0
  35879 C35880        0.94397759                       0
  35926 C35927       0.058823529                       0
  35958 C35959      0.0056022409                       0
  35977 C35978      0.0028011204                       0
  35985 C35986      0.0028011204                       0
  36179 C36180      0.0056022409                       0
  36490 C36491        0.99439776                       0
  36671 C36672       0.014005602                       0
  36748 C36749         0.9859944                       0
  37053 C37054        0.96638655                       0
  37099 C37100       0.033613445                       0
  37434 C37435        0.99719888                       0
  37464 C37465       0.011204482                       0
  37467 C37468        0.99719888                       0
  37497 C37498        0.99719888                       0
  37703 C37704      0.0028011204                       0
  37813 C37814        0.99719888                       0
  38089 C38090        0.99719888                       0
  38106 C38107      0.0028011204                       0
  38563 C38564       0.022408964                       0
  38605 C38606        0.97759104                       0
  38757 C38758        0.99439776                       0
  38952 C38953      0.0056022409                       0
  39116 C39117      0.0028011204                       0
  39167 C39168        0.99719888                       0
  39403 C39404      0.0056022409                       0
  39713 C39714        0.99439776                       0
  39934 C39935                 1                       0
  40236 C40237        0.99439776                       0
  40394 C40395      0.0056022409                       0
  40556 C40557      0.0056022409                       0
  40701 C40702        0.99439776                       0
  40895 C40896        0.99439776                       0
  40916 C40917      0.0028011204                       0
  41080 C41081      0.0028011204                       0
  41174 C41175      0.0056022409                       0
  41393 C41394        0.99439776                       0
  41691 C41692      0.0028011204                       0
  41848 C41849        0.99719888                       0
  42039 C42040        0.99159664                       0
  42063 C42064        0.99719888                       0
  42409 C42410      0.0056022409                       0
  42492 C42493        0.99439776                       0
  42680 C42681       0.014005602                       0
  42696 C42697         0.9859944                       0
  43147 C43148        0.99719888                       0
  43203 C43204      0.0028011204                       0
  43479 C43480      0.0084033613                       0
  43520 C43521      0.0028011204                       0
  43542 C43543        0.99719888                       0
  43795 C43796      0.0028011204                       0
  43960 C43961        0.99719888                       0
  44336 C44337                 1                       0
  44449 C44450                 1                       0
  44769 C44770        0.99719888                       0
  44973 C44974      0.0028011204                       0
  45444 C45445                 1                       0
  45653 C45654      0.0028011204                       0
  45667 C45668      0.0028011204                       0
  45732 C45733        0.99439776                       0
  45921 C45922                 1                       0
  46448 C46449      0.0028011204                       0
  46474 C46475        0.99719888                       0
  46593 C46594                 1                       0
  46614 C46615                 1                       0
  46724 C46725                 1                       0
  46751 C46752                 1                       0
  47008 C47009                 1                       0
  47246 C47247                 1                       0
  47576 C47577        0.99439776                       0
  47592 C47593      0.0056022409                       0
  47717 C47718      0.0028011204                       0
  47727 C47728        0.99719888                       0
  48290 C48291        0.99439776                       0
  48300 C48301      0.0056022409                       0
  48411 C48412                 1                       0
  48726 C48727        0.99719888                       0
  48756 C48757      0.0028011204                       0
  49130 C49131                 1                       0
  49413 C49414       0.016806723                       0
  49496 C49497        0.96638655                       0
  49560 C49561        0.99719888                       0
  49565 C49566        0.99719888                       0
  49874 C49875                 1                       0
  50225 C50226                 1                       0
  50390 C50391                 1                       0
  50587 C50588                 1                       0
  50967 C50968      0.0028011204                       0
  51087 C51088        0.99719888                       0
  51302 C51303                 1                       0
  51363 C51364                 1                       0
  51505 C51506                 1                       0
  51545 C51546                 1                       0
  51600 C51601      0.0056022409                       0
  51745 C51746        0.98039216                       0
  51772 C51773      0.0028011204                       0
  51834 C51835       0.011204482                       0
  52032 C52033                 1                       0
  52514 C52515      0.0028011204                       0
  52611 C52612        0.99719888                       0
  52792 C52793        0.94397759                       0
  52794 C52795      0.0084033613                       0
  52852 C52853      0.0084033613                       0
  52861 C52862      0.0028011204                       0
  52964 C52965       0.036414566                       0
  53055 C53056      0.0028011204                       0
  53122 C53123        0.99719888                       0
  53507 C53508                 1                       0
  53836 C53837         0.9859944                       0
  53880 C53881      0.0028011204                       0
  54022 C54023       0.011204482                       0
  54158 C54159      0.0056022409                       0
  54198 C54199      0.0056022409                       0
  54273 C54274        0.98879552                       0
  54558 C54559                 1                       0
  54868 C54869      0.0056022409                       0
  55083 C55084        0.99439776                       0
  55196 C55197                 1                       0
  55786 C55787                 1                       0
  55944 C55945      0.0028011204                       0
  56200 C56201        0.99719888                       0
  56235 C56236                 1                       0
  56265 C56266                 1                       0
  56500 C56501                 1                       0
  56761 C56762        0.99719888                       0
  56811 C56812      0.0028011204                       0
  57070 C57071                 1                       0
  57282 C57283        0.99439776                       0
  57400 C57401      0.0028011204                       0
  57624 C57625      0.0028011204                       0
  57784 C57785        0.99439776                       0
  57954 C57955      0.0056022409                       0
  58147 C58148                 1                       0
  58486 C58487                 1                       0
  58651 C58652                 1                       0
  58710 C58711                 1                       0
  58767 C58768        0.99719888                       0
  58856 C58857      0.0028011204                       0
  59177 C59178        0.99719888                       0
  59287 C59288                 1                       0
  59389 C59390                 1                       0
  59591 C59592        0.99719888                       0
  59746 C59747      0.0028011204                       0
  59830 C59831        0.99159664                       0
  59873 C59874        0.99159664                       0
  59915 C59916        0.99159664                       0
  59938 C59939        0.99159664                       0
  59954 C59955        0.99159664                       0
  59962 C59963       0.044817927                       0
  59975 C59976       0.011204482                       0
  60004 C60005      0.0084033613                       0
  60013 C60014        0.99159664                       0
  60016 C60017        0.99159664                       0
  60145 C60146        0.99159664                       0
  60151 C60152      0.0028011204                       0
  60168 C60169      0.0028011204                       0
  60199 C60200      0.0028011204                       0
  60581 C60582      0.0028011204                       0
  60688 C60689        0.99719888                       0
  61207 C61208                 1                       0
  61215 C61216                 1                       0
  61383 C61384                 1                       0
  61636 C61637       0.011204482                       0
  61671 C61672        0.99719888                       0
  62270 C62271                 1                       0
  62551 C62552        0.97759104                       0
  62612 C62613       0.022408964                       0
  62656 C62657      0.0028011204                       0
  62794 C62795        0.99719888                       0
  63179 C63180        0.99719888                       0
  63314 C63315      0.0028011204                       0
  63684 C63685      0.0028011204                       0
  63702 C63703        0.99719888                       0
  63873 C63874                 1                       0
  64019 C64020                 1                       0
  64063 C64064                 1                       0
  64265 C64266                 1                       0
  64612 C64613                 1                       0
  64844 C64845        0.99719888                       0
  64899 C64900      0.0056022409                       0
  64962 C64963      0.0028011204                       0
  65259 C65260      0.0028011204                       0
  65483 C65484        0.99719888                       0
  65604 C65605      0.0028011204                       0
  65754 C65755        0.99719888                       0
  66136 C66137                 1                       0
  66293 C66294        0.99439776                       0
  66452 C66453        0.99439776                       0
  66499 C66500         0.9719888                       0
  66519 C66520      0.0056022409                       0
  66796 C66797                 1                       0
  67052 C67053                 1                       0
  67291 C67292                 1                       0
  67508 C67509                 1                       0
  67781 C67782      0.0028011204                       0
  67946 C67947        0.99719888                       0
  68210 C68211        0.99439776                       0
  68211 C68212      0.0056022409                       0
  68674 C68675                 1                       0
  68933 C68934      0.0028011204                       0
  68983 C68984        0.99719888                       0
  69196 C69197        0.99719888                       0
  69341 C69342      0.0028011204                       0
  69541 C69542      0.0028011204                       0
  69737 C69738        0.99719888                       0
  69876 C69877                 1                       0
  69940 C69941                 1                       0
  70357 C70358        0.98879552                       0
  70395 C70396       0.011204482                       0
  70612 C70613      0.0056022409                       0
  70627 C70628        0.99439776                       0
  70960 C70961        0.99159664                       0
  71000 C71001        0.99159664                       0
  71077 C71078        0.99159664                       0
  71112 C71113      0.0084033613                       0
  71146 C71147      0.0028011204                       0
  71258 C71259        0.99719888                       0
  71278 C71279        0.99719888                       0
  71282 C71283      0.0084033613                       0
  71381 C71382       0.028011204                       0
  71420 C71421        0.96918768                       0
  71495 C71496        0.99719888                       0
  71808 C71809                 1                       0
  72120 C72121        0.99719888                       0
  72192 C72193      0.0028011204                       0
  72481 C72482                 1                       0
  72686 C72687        0.99439776                       0
  72793 C72794      0.0056022409                       0
  73104 C73105                 1                       0
  73105 C73106                 1                       0
  73492 C73493        0.99719888                       0
  73587 C73588      0.0028011204                       0
  73787 C73788        0.99439776                       0
  73954 C73955        0.99439776                       0
  73973 C73974       0.011204482                       0
  74309 C74310      0.0056022409                       0
  74381 C74382        0.99439776                       0
  74515 C74516        0.99719888                       0
  74585 C74586         0.9719888                       0
  74657 C74658       0.028011204                       0
  75045 C75046                 1                       0
  75214 C75215        0.99159664                       0
  75224 C75225       0.019607843                       0
  75259 C75260       0.053221289                       0
  75268 C75269      0.0028011204                       0
  75298 C75299        0.99159664                       0
  75309 C75310       0.011204482                       0
  75319 C75320         0.9719888                       0
  75338 C75339        0.99159664                       0
  75353 C75354        0.99159664                       0
  75398 C75399        0.99159664                       0
  75408 C75409        0.99159664                       0
  75462 C75463        0.99159664                       0
  75721 C75722        0.96638655                       0
  75802 C75803       0.033613445                       0
  75986 C75987        0.06442577                       0
  76121 C76122        0.93557423                       0
  76275 C76276        0.99439776                       0
  76388 C76389      0.0028011204                       0
  76502 C76503      0.0028011204                       0
  76677 C76678       0.028011204                       0
  76699 C76700      0.0084033613                       0
  76950 C76951        0.96358543                       0
  77105 C77106       0.019607843                       0
  77144 C77145      0.0028011204                       0
  77191 C77192        0.97759104                       0
  77635 C77636      0.0028011204                       0
  77665 C77666        0.99719888                       0
  77702 C77703      0.0028011204                       0
  77736 C77737       0.014005602                       0
  77840 C77841      0.0028011204                       0
  77862 C77863        0.97759104                       0
  77937 C77938      0.0028011204                       0
  78244 C78245                 1                       0
  78722 C78723      0.0028011204                       0
  78730 C78731        0.99719888                       0
  78955 C78956                 1                       0
  79163 C79164                 1                       0
  79367 C79368                 1                       0
  79674 C79675      0.0028011204                       0
  79719 C79720        0.99719888                       0
  80149 C80150                 1                       0
  80281 C80282        0.98039216                       0
  80283 C80284        0.99719888                       0
  80347 C80348        0.99719888                       0
  80353 C80354      0.0056022409                       0
  80422 C80423      0.0056022409                       0
  80445 C80446      0.0028011204                       0
  80553 C80554       0.019607843                       0
  80585 C80586        0.06442577                       0
  80590 C80591        0.99159664                       0
  80598 C80599        0.99159664                       0
  80676 C80677        0.93837535                       0
  80705 C80706        0.99159664                       0
  80771 C80772       0.011204482                       0
  80774 C80775        0.99159664                       0
  80813 C80814        0.99159664                       0
  80815 C80816      0.0084033613                       0
  80918 C80919                 1                       0
  81201 C81202                 1                       0
  81382 C81383      0.0084033613                       0
  81434 C81435        0.99159664                       0
  81938 C81939                 1                       0
  82052 C82053                 1                       0
  82308 C82309                 1                       0
  82648 C82649                 1                       0
  82723 C82724        0.99719888                       0
  82945 C82946      0.0028011204                       0
  83159 C83160      0.0028011204                       0
  83226 C83227        0.99719888                       0
  83548 C83549        0.99719888                       0
  83662 C83663      0.0028011204                       0
  83790 C83791      0.0028011204                       0
  83849 C83850        0.99719888                       0
  84328 C84329        0.99719888                       0
  84396 C84397      0.0028011204                       0
  84689 C84690        0.99719888                       0
  84780 C84781      0.0028011204                       0
  84914 C84915      0.0028011204                       0
  85150 C85151        0.99719888                       0
  85558 C85559                 1                       0
  85743 C85744        0.99439776                       0
  85791 C85792      0.0056022409                       0
  85940 C85941        0.99719888                       0
  86224 C86225      0.0028011204                       0
  86468 C86469      0.0056022409                       0
  86475 C86476        0.99439776                       0
  86824 C86825                 1                       0
  86841 C86842                 1                       0
  86873 C86874                 1                       0
  86946 C86947                 1                       0
  87234 C87235        0.99439776                       0
  87251 C87252      0.0056022409                       0
  87402 C87403         0.9859944                       0
  87410 C87411      0.0028011204                       0
  87428 C87429      0.0084033613                       0
  87489 C87490      0.0028011204                       0
  87880 C87881      0.0028011204                       0
  88031 C88032        0.99719888                       0
  88077 C88078        0.98319328                       0
  88201 C88202        0.99719888                       0
  88221 C88222      0.0056022409                       0
  88224 C88225      0.0028011204                       0
  88307 C88308        0.99719888                       0
  88440 C88441        0.99719888                       0
  88506 C88507      0.0028011204                       0
  88804 C88805      0.0028011204                       0
  89088 C89089        0.99719888                       0
  89211 C89212      0.0084033613                       0
  89227 C89228        0.99719888                       0
  89271 C89272        0.99719888                       0
  89296 C89297        0.99719888                       0
  89586 C89587        0.99439776                       0
  89832 C89833      0.0056022409                       0
  89869 C89870        0.99439776                       0
  90072 C90073      0.0056022409                       0
  90263 C90264      0.0028011204                       0
  90435 C90436        0.99719888                       0
  90908 C90909                 1                       0
  90979 C90980        0.99719888                       0
  91163 C91164      0.0028011204                       0
  91449 C91450        0.99719888                       0
  91607 C91608      0.0028011204                       0
  91912 C91913                 1                       0
  92165 C92166      0.0028011204                       0
  92323 C92324        0.99719888                       0
  92456 C92457       0.014005602                       0
  92489 C92490      0.0028011204                       0
  92499 C92500        0.98039216                       0
  92521 C92522      0.0028011204                       0
  92863 C92864       0.019607843                       0
  92924 C92925        0.99719888                       0
  92941 C92942      0.0056022409                       0
  92960 C92961        0.99719888                       0
  93416 C93417                 1                       0
  93516 C93517      0.0028011204                       0
  93553 C93554        0.99439776                       0
  93682 C93683        0.99439776                       0
  93696 C93697        0.99439776                       0
  94037 C94038                 1                       0
  94125 C94126                 1                       0
  94485 C94486                 1                       0
  94538 C94539        0.99719888                       0
  94793 C94794      0.0028011204                       0
  95210 C95211                 1                       0
  95407 C95408       0.033613445                       0
  95468 C95469       0.016806723                       0
  95499 C95500        0.99439776                       0
  95527 C95528        0.99439776                       0
  95550 C95551        0.99439776                       0
  95628 C95629                 1                       0
  95736 C95737                 1                       0
  95863 C95864                 1                       0
  96152 C96153                 1                       0
  96335 C96336      0.0028011204                       0
  96487 C96488        0.99719888                       0
  96735 C96736      0.0028011204                       0
  96788 C96789        0.99719888                       0
  97354 C97355                 1                       0
  97628 C97629      0.0056022409                       0
  97685 C97686        0.99439776                       0
  97737 C97738        0.98039216                       0
  97801 C97802      0.0028011204                       0
  97819 C97820      0.0028011204                       0
  97895 C97896        0.99719888                       0
  97970 C97971      0.0028011204                       0
  97989 C97990        0.99719888                       0
  97999 C98000        0.99719888                       0
  98128 C98129      0.0028011204                       0
  98233 C98234        0.99719888                       0
  98521 C98522        0.99439776                       0
  98674 C98675      0.0056022409                       0
  99011 C99012        0.99439776                       0
  99149 C99150      0.0056022409                       0
  99357 C99358        0.99439776                       0
  99363 C99364      0.0056022409                       0
  99859 C99860        0.99719888                       0
  99874 C99875      0.0028011204                       0
  99897 C99898      0.0056022409                       0
  99934 C99935        0.99439776                       0
 100547 C100548       0.99719888                       0
 100577 C100578     0.0028011204                       0
 100646 C100647     0.0028011204                       0
 100665 C100666       0.99719888                       0
 101279 C101280                1                       0
 101594 C101595     0.0028011204                       0
 101614 C101615       0.99719888                       0
 101789 C101790                1                       0
 102018 C102019                1                       0
 102035 C102036       0.99719888                       0
 102373 C102374     0.0028011204                       0
 102432 C102433       0.99719888                       0
 102457 C102458       0.99159664                       0
 102526 C102527       0.99719888                       0
 102543 C102544       0.99719888                       0
 102561 C102562     0.0084033613                       0
 102869 C102870     0.0028011204                       0
 102953 C102954       0.99719888                       0
 103139 C103140       0.93557423                       0
 103270 C103271      0.056022409                       0
 103367 C103368     0.0084033613                       0
 103587 C103588       0.99719888                       0
 103589 C103590     0.0028011204                       0
 103961 C103962       0.99719888                       0
 103963 C103964     0.0028011204                       0
 104363 C104364       0.99719888                       0
 104394 C104395     0.0028011204                       0
 104790 C104791     0.0028011204                       0
 104818 C104819       0.99719888                       0
 104928 C104929     0.0084033613                       0
 105032 C105033     0.0056022409                       0
 105072 C105073      0.030812325                       0
 105127 C105128       0.95518207                       0
 105264 C105265     0.0028011204                       0
 105536 C105537       0.99719888                       0
 105622 C105623     0.0056022409                       0
 105729 C105730       0.99439776                       0
 106061 C106062     0.0028011204                       0
 106160 C106161     0.0028011204                       0
 106256 C106257       0.99439776                       0
 106426 C106427       0.99439776                       0
 106541 C106542     0.0056022409                       0
 106782 C106783                1                      -2
 106880 C106881                1                      -2
 106987 C106988                1                      -2
 107144 C107145     0.0056022409                       0
 107239 C107240       0.99439776                       0
 107560 C107561     0.0028011204                       0
 107627 C107628       0.99719888                       0
 107816 C107817       0.99719888                       0
 107850 C107851      0.019607843                       0
 107891 C107892     0.0028011204                       0
 107974 C107975       0.99719888                       0
 107994 C107995       0.99719888                       0
 108012 C108013       0.99719888                       0
 108439 C108440                1                       0
 108747 C108748       0.99719888                       0
 108754 C108755     0.0028011204                       0
 109031 C109032       0.99439776                       0
 109112 C109113     0.0056022409                       0
 109351 C109352       0.99159664                       0
 109358 C109359     0.0084033613                       0
 109684 C109685       0.99719888                       0
 109728 C109729       0.99719888                       0
 109754 C109755       0.99719888                       0
 109773 C109774      0.019607843                       0
 109788 C109789       0.99719888                       0
 109805 C109806       0.99719888                       0
 109819 C109820       0.99719888                       0
 109847 C109848       0.99719888                       0
 110207 C110208     0.0028011204                       0
 110241 C110242     0.0056022409                       0
 110256 C110257       0.99159664                       0
 110563 C110564      0.042016807                       0
 110569 C110570       0.95798319                       0
 110830 C110831                1                       0
 111075 C111076     0.0028011204                       0
 111256 C111257     0.0056022409                       0
 111304 C111305       0.99159664                       0
 111514 C111515       0.98039216                       0
 111559 C111560      0.011204482                       0
 111603 C111604       0.99719888                       0
 111841 C111842     0.0028011204                       0
 111940 C111941     0.0028011204                       0
 111985 C111986       0.99439776                       0
 112248 C112249     0.0056022409                       0
 112352 C112353       0.99439776                       0
 112448 C112449       0.99719888                       0
 112598 C112599     0.0028011204                       0
 112806 C112807     0.0028011204                       0
 112845 C112846       0.99719888                       0
 113350 C113351       0.99439776                       0
 113386 C113387     0.0056022409                       0
 113709 C113710                1                       0
 113915 C113916     0.0028011204                       0
 113932 C113933       0.99719888                       0
 114411 C114412     0.0056022409                       0
 114480 C114481       0.99439776                       0
 114816 C114817     0.0028011204                       0
 114820 C114821       0.99719888                       0
 115100 C115101     0.0056022409                       0
 115131 C115132       0.99439776                       0
 115383 C115384     0.0028011204                       0
 115451 C115452                1                       0
 115459 C115460                1                      -2
 115535 C115536                1                      -6
 115540 C115541                1                      -2
 115604 C115605                1                      -6
 115612 C115613                1                      -6
 115954 C115955       0.99719888                       0
 115970 C115971     0.0028011204                       0
 116293 C116294       0.99719888                       0
 116327 C116328       0.99719888                       0
 116342 C116343     0.0056022409                       0
 116440 C116441       0.99439776                       0
 116556 C116557     0.0056022409                       0
 116607 C116608       0.99439776                       0
 116628 C116629     0.0056022409                       0
 116918 C116919                1                       0
 117057 C117058                1                       0
 117278 C117279     0.0056022409                       0
 117338 C117339       0.99439776                       0
 117449 C117450     0.0028011204                       0
 117621 C117622     0.0028011204                       0
 117671 C117672       0.99439776                       0
 117797 C117798       0.98879552                       0
 117805 C117806       0.98879552                       0
 117834 C117835     0.0056022409                       0
 118106 C118107     0.0084033613                       0
 118203 C118204     0.0056022409                       0
 118255 C118256       0.99439776                       0
 118322 C118323       0.99439776                       0
 118384 C118385       0.99439776                       0
 118409 C118410      0.022408964                       0
 118740 C118741     0.0084033613                       0
 118754 C118755       0.98039216                       0
 118758 C118759      0.011204482                       0
 118984 C118985       0.99719888                       0
 119080 C119081     0.0028011204                       0
 119253 C119254       0.99439776                       0
 119513 C119514     0.0056022409                       0
 119737 C119738                1                       0
 120058 C120059       0.99719888                       0
 120115 C120116     0.0028011204                       0
 120434 C120435     0.0028011204                       0
 120556 C120557     0.0028011204                       0
 120604 C120605       0.99439776                       0
 120729 C120730       0.99719888                       0
 120750 C120751       0.99719888                       0
 120792 C120793     0.0028011204                       0
 120913 C120914     0.0028011204                       0
 121094 C121095       0.99439776                       0
 121140 C121141       0.99439776                       0
 121213 C121214       0.99439776                       0
 121244 C121245       0.99439776                       0
 121265 C121266       0.99439776                       0
 121275 C121276       0.99439776                       0
 121309 C121310      0.042016807                       0
 121326 C121327       0.99439776                       0
 121422 C121423       0.98879552                       0
 121529 C121530     0.0056022409                       0
 121695 C121696     0.0056022409                       0
 121901 C121902     0.0056022409                       0
 122061 C122062       0.99439776                       0
 122277 C122278     0.0056022409                       0
 122351 C122352     0.0028011204                       0
 122358 C122359       0.98879552                       0
 122378 C122379     0.0028011204                       0
 122497 C122498     0.0056022409                       0
 122715 C122716       0.99439776                       0
 122806 C122807       0.99719888                       0
 123078 C123079     0.0028011204                       0
 123438 C123439     0.0056022409                       0
 123464 C123465       0.99439776                       0
 123797 C123798       0.99719888                       0
 123800 C123801     0.0028011204                       0
 123961 C123962     0.0028011204                       0
 124060 C124061       0.99719888                       0
 124320 C124321     0.0056022409                       0
 124478 C124479       0.99439776                       0
 124666 C124667     0.0028011204                       0
 124871 C124872     0.0028011204                       0
 124874 C124875       0.99439776                       0
 125233 C125234                1                       0
 125515 C125516     0.0056022409                       0
 125630 C125631       0.99439776                       0
 125837 C125838     0.0056022409                       0
 125957 C125958       0.99439776                       0
 126114 C126115      0.014005602                       0
 126212 C126213        0.9859944                       0
 126428 C126429     0.0056022409                       0
 126618 C126619       0.99439776                       0
 127018 C127019       0.99439776                       0
 127044 C127045     0.0056022409                       0
 127105 C127106     0.0056022409                       0
 127366 C127367       0.99439776                       0
 127531 C127532     0.0084033613                       0
 127715 C127716       0.99159664                       0
 128000 C128001       0.99439776                       0
 128136 C128137     0.0056022409                       0
 128414 C128415       0.99439776                       0
 128488 C128489     0.0056022409                       0
