Stopped on time - objective value 2827372692.25559998
      3 X4                     1                 1205127
      5 X6                     1                11107632
      8 X9                     1               921585.01
      9 X10                    1           1.0182179e+08
     10 X11                    1             1.00122e+08
     12 X13                    1                  323505
     16 X17                    1                  121724
     17 X18                    1                -1658502
     21 X22                    1                   21612
     23 X24                    1               983604.01
     25 X26                    1                 1103912
     26 X27                    1                 1023400
     29 X30                    1              -998403.02
     30 X31                    1                 1483678
     32 X33                    1                  121714
     33 X34                    1              -996903.02
     34 X35                    1               801577.01
     38 X39                    1                 1564102
     39 X40                    1                 1185134
     41 X42                    1            1.015417e+08
     42 X43                    1                10025053
     44 X45                    1                 9344658
     45 X46                    1           1.0176177e+08
     46 X47                    1                   25417
     52 X53                    1             1.00122e+08
     53 X54                    1                   21635
     54 X55                    1           1.0158201e+08
     56 X57                    1               546028.01
     57 X58                    1                -2998963
     58 X59                    1                   23934
     61 X62                    1                  341498
     62 X63                    1              -998403.02
     63 X64                    1              -98258.002
     70 X71                    1                   20933
     74 X75                    1              -4759167.1
     75 X76                    1                 1112912
     80 X81                    1              -478315.01
     82 X83                    1                -1498478
     83 X84                    1              -658352.01
     87 X88                    1                 1821930
     89 X90                    1               501542.01
     91 X92                    1               6620929.9
     94 X95                    1              -658352.01
     96 X97                    1                10521535
     99 X100                   1               744868.01
    102 X103                   1                   21543
    103 X104                   1                   23619
    105 X106                   1                 1041613
    111 X112                   1                   26442
    114 X115                   1                  121660
    115 X116                   1                10903712
    117 X118                   1                 1101622
    119 X120                   1                   20984
    122 X123                   1               741568.01
    123 X124                   1                11201627
    125 X126                   1            1.118618e+08
    129 X130                   1               541528.01
    131 X132                   1               741558.01
    132 X133                   1              -3536974.1
    137 X138                   1              -3616106.1
    138 X139                   1               446023.01
    140 X141                   1                -1878435
    142 X143                   1                   28412
    143 X144                   1                10661556
    150 X151                   1              -998403.02
    151 X152                   1           1.0170474e+08
    153 X154                   1                 1143128
    154 X155                   1                 1102022
    155 X156                   1                -1278445
    156 X157                   1               981904.01
    157 X158                   1               446023.01
    158 X159                   1           1.0158562e+08
    159 X160                   1                 1026920
    170 X171                   1              -998403.02
    172 X173                   1                -2337004
    175 X176                   1                10664856
    176 X177                   1                -1215436
    178 X179                   1                  123958
    180 X181                   1                   27612
    186 X187                   1                   21612
    188 X189                   1                  261896
    189 X190                   1                 1103912
    191 X192                   1               446023.01
    192 X193                   1              -3698898.1
    195 X196                   1                 1122135
    199 X200                   1               923605.01
    208 X209                   1               987894.01
    211 X212                   1                 -238289
    215 X216                   1              -4599253.1
    217 X218                   1                -1378460
    223 X224                   1                11181624
    224 X225                   1              -858682.01
    227 X228                   1                   21612
    231 X232                   1                 1001607
    234 X235                   1                 -178280
    247 X248                   1                 1201637
    251 X252                   1                10023509
    254 X255                   1                 1227640
    263 X264                   1                 1481988
    269 X270                   1           1.0154202e+08
    270 X271                   1                   21967
    271 X272                   1                   22104
    272 X273                   1                   23582
    274 X275                   1                  141468
    275 X276                   1                   23525
    276 X277                   1                10107992
    277 X278                   1                10529035
    278 X279                   1              -658352.01
    279 X280                   1                 1203627
    285 X286                   1               421510.01
    290 X291                   1                 1226630
    291 X292                   1                -1957047
    292 X293                   1              -998403.02
    300 X301                   1                   21396
    308 X309                   1                 8784664
    312 X313                   1                   21689
    313 X314                   1              -658352.01
    316 X317                   1                 1212627
    317 X318                   1                 1421660
    319 X320                   1                11164661
    320 X321                   1                   21612
    323 X324                   1               6628429.9
    325 X326                   1                 1046123
    326 X327                   1           1.0154202e+08
    327 X328                   1                   24693
    328 X329                   1                 1723570
    332 X333                   1                 1102152
    333 X334                   1               761561.01
    338 X339                   1                  125224
    341 X342                   1                 1006597
    342 X343                   1                  243483
    343 X344                   1                10021522
    346 X347                   1                   23413
    347 X348                   1               3446.9997
    349 X350                   1                 1121615
    353 X354                   1                   21723
    357 X358                   1               843073.01
    358 X359                   1                 -238289
    359 X360                   1                11001597
    374 X375                   1               681549.01
    375 X376                   1                -1698808
    377 X378                   1               866976.01
    380 X381                   1                  125076
    386 X387                   1                 -234779
    389 X390                   1                -1758517
    390 X391                   1               62956.001
    393 X394                   1           1.0183019e+08
    397 X398                   1                  121776
    398 X399                   1              -76155.001
    400 X401                   1                10501822
    402 X403                   1                   32238
    404 X405                   1                 1081929
    410 X411                   1              -3477565.1
    415 X416                   1                 1201637
    419 X420                   1                10822090
    422 X423                   1                 1112912
    423 X424                   1               542038.01
    425 X426                   1                   20810
    429 X430                   1                10823480
    431 X432                   1                   23442
    436 X437                   1                   21576
    439 X440                   1               863876.01
    444 X445                   1              -598333.01
    448 X449                   1                11124935
    452 X453                   1               661546.01
    461 X462                   1                   21985
    463 X464                   1                   22794
    466 X467                   1                -2358497
    473 X474                   1           1.0158772e+08
    477 X478                   1                 9341658
    480 X481                   1                   21533
    487 X488                   1                   23407
    488 X489                   1                -1618786
    489 X490                   1                   21612
    490 X491                   1                 -236279
    497 X498                   1                 1226650
    499 X500                   1                   21523
    501 X502                   1                11201647
    503 X504                   1                 6860966
    504 X505                   1                10561831
    506 X507                   1               863976.01
    513 X514                   1                   21414
    516 X517                   1           1.0190481e+08
    517 X518                   1                10781574
    520 X521                   1                   21740
    522 X523                   1                   23112
    536 X537                   1                10823390
    543 X544                   1              -770260.01
    545 X546                   1                  285009
    553 X554                   1                   23146
    554 X555                   1                   23998
    562 X563                   1                  221600
    567 X568                   1                -1258442
    568 X569                   1              -518321.01
    569 X570                   1               682059.01
    571 X572                   1               872586.01
    588 X589                   1              -578230.01
    589 X590                   1                -1318741
    590 X591                   1               926995.01
    591 X592                   1               741558.01
    597 X598                   1                   21398
    598 X599                   1                 1201637
    601 X602                   1                   21942
    623 X624                   1               767861.01
    628 X629                   1                  263896
    629 X630                   1                   21919
    633 X634                   1                   29317
    636 X637                   1               684549.01
    638 X639                   1              -78555.001
    639 X640                   1               444623.01
    640 X641                   1              -4477115.1
    643 X644                   1                 1201637
    651 X652                   1              -4139184.1
    654 X655                   1                 9346678
    662 X663                   1              -4319211.1
    668 X669                   1                11041613
    671 X672                   1                   20590
    675 X676                   1                10023809
    683 X684                   1              -596633.01
    689 X690                   1                   21543
    696 X697                   1                   20858
    702 X703                   1               944098.01
    706 X707                   1                -1258442
    707 X708                   1                 1227940
    708 X709                   1              -698238.01
    711 X712                   1                -3019006
    713 X714                   1               526535.01
    717 X718                   1              -4257702.1
    719 X720                   1                -1498478
    721 X722                   1                   21543
    736 X737                   1                 1104632
    744 X745                   1                 -156037
    746 X747                   1                 1061646
    750 X751                   1              -875285.01
    760 X761                   1                10521845
    772 X773                   1               6280878.9
    789 X790                   1                -1931944
    797 X798                   1                10921995
    801 X802                   1                 1221940
    803 X804                   1                 1783768
    815 X816                   1                 1047713
    816 X817                   1               901592.01
    819 X820                   1                 1101662
    825 X826                   1                 1807774
    826 X827                   1               901592.01
    828 X829                   1              -658352.01
    831 X832                   1               711662.01
    835 X837                   1               541528.01
    836 X838                   1               841573.01
    837 X839                   1               541528.01
    840 X842                   1               701562.01
    844 X846                   1                 1481988
    849 X851                   1                 1801774
    858 X862                   1               483919.01
    859 X863                   1                 -112261
    860 X864                   1              -555337.01
    862 X866                   1                 1806274
    864 X868                   1                  221530
    866 X870                   1           1.1144167e+08
    867 X871                   1                10781574
    868 X872                   1                11041613
    869 X873                   1           1.1144167e+08
    870 X874                   1           1.1138197e+08
    871 X875                   1           1.1138197e+08
    873 X877                   1           1.1138197e+08
    874 X878                   1           1.1138197e+08
    876 X880                   1            1.117818e+08
    880 X884                   1                10141478
    884 X888                   1                 9201617
    886 X890                   1                 1121615
    892 X896                   1                 1221940
    893 X897                   1                11181634
    903 X907                   1                  264486
    904 X908                   1              -658362.01
    905 X909                   1                   21904
    908 X912                   1              -572330.01
    913 X917                   1           1.0180177e+08
    916 X920                   1                 1122035
    921 X925                   1                 1522100
    922 X926                   1           1.1166173e+08
    925 X929                   1                 9781724
    926 X930                   1                  264486
    930 X934                   1                  124800
    931 X935                   1                   23552
    932 X936                   1                   27516
    941 X946                   1               449023.01
    942 X947                   1                11183134
    944 X950                   1                   24828
    946 X952                   1                   21702
    947 X953                   1                -1298748
    948 X954                   1                   22044
    949 X955                   1               601537.01
    952 X958                   1                   21906
    953 X959                   1               81869.001
    956 X962                   1              -657152.01
    964 X970                   1               821870.01
    965 X971                   1                 1022000
    970 X976                   1               962011.01
    975 X981                   1                  261486
    977 X983                   1                 1092909
    978 X984                   1                 1145738
    980 X987                   1                   27966
    981 X988                   1                   24475
    986 X993                   1                 1083909
    988 X995                   1                10021938
    989 X996                   1                 1103632
   1006 X1017                  1                   21760
   1007 X1018                  1                   21543
   1011 X1022                  1               863876.01
   1012 X1023                  1                 1050623
   1013 X1025                  1               881579.01
   1014 X1027                  1                 1164141
   1025 X1040                  1                10021522
   1026 X1042                  1               866876.01
   1027 X1043                  1                   21723
   1029 X1045                  1            1.018818e+08
   1030 X1046                  1                 1803274
   1031 X1047                  1              -70765.001
   1032 X1048                  1                10021702
   1042 X1058                  1                 -115261
   1054 X1072                  1                10028214
   1068 X1090                  1                 1625330
   1070 X1094                  1                   20984
   1072 X1097                  1                -1318451
   1073 X1098                  1                -1158717
   1074 X1099                  1                -2998963
   1077 X1103                  1               5940827.9
   1082 X1108                  1                -3019006
   1083 X1109                  1                   21405
   1099 X1128                  1                -2138874
   1102 X1131                  1              -4199193.1
   1106 X1135                  1                -3174430
   1108 X1137                  1                10027375
   1115 X1145                  1                -3119031
   1116 X1148                  1              -838679.01
   1117 X1149                  1              -5939454.1
   1124 X1161                  1                11081609
   1127 X1165                  1                  124086
   1141 X1181                  1                   24998
   1144 X1184                  1                   21628
   1146 X1186                  1                   25297
   1148 X1188                  1                   23609
   1150 X1190                  1                   26016
   1164 X1206                  1                 1004617
   1181 X1230                  1                 1004617
   1186 X1236                  1                  121985
   1188 X1239                  1                 1643726
   1190 X1242                  1                 9884939
   1200 X1257                  1                 1107632
   1213 X1281                  1                 1781788
   1215 X1283                  1           1.1192213e+08
   1217 X1285                  1           1.0138345e+08
   1219 X1288                  1                   28087
   1231 X1307                  1                   24417
   1232 X1309                  1               3782113.9
   1237 X1315                  1                -2615046
   1241 X1326                  1           1.0193011e+08
   1243 X1328                  1               807587.01
   1247 X1335                  1               885509.01
   1253 X1346                  1               808087.01
   1259 X1358                  1                   31947
   1262 X1369                  1                10764881
   1333 X2101                  1              -3539094.1
   1346 X2406                  1              -618646.01
   1359 X2617                  1              -936294.01
   1373 X2835                  1                10748088
   1388 X2921                  1           1.0186411e+08
   1430 X3723                  1              -338604.01
   1468 X4167                  1                   25149
   1476 X4269                  1                 1061916
   1500 X4460                  1                 1089909
   1538 X5179                  1              -575340.01
   1549 X5295                  1                10022939
   1581 X5634                  1                 1593518
   1612 X5880                  1                   27897
   1623 X5948                  1            1.117818e+08
   1656 X6211                  1                   35954
   1771 X7964                  1           1.0160701e+08
   1787 X8053                  1                 1584712
   1789 X8071                  1              -894168.01
   1834 X8456                  1           1.1176356e+08
   1881 X9023                  1           1.0192982e+08
   1889 X9164                  1                 1188134
   1891 X9177                  1                 1229640
   1906 X9348                  1                  121766
   1943 X9871                  1                 1867802
   1975 X10549                 1           1.0180638e+08
   2001 X11000                 1                   28113
   2003 X11005                 1                   25986
   2045 X11459                 1           1.1147748e+08
   2073 X12417                 1                10686549
   2096 X13481                 1               912882.01
   2102 X13503                 1                 1790068
   2189 X17949                 1                 1189634
   2234 X20140                 1                10134758
   2246 X20568                 1                 1214647
   2297 X21458                 1                 -158537
   2301 X21486                 1              -4299098.1
   2461 X23644                 1                   21104
   2528 X24553                 1              -578630.01
   2575 X24975                 1              -572340.01
   2835 X28513                 1                11201947
   2923 X29967                 1                 9541378
   2971 X30856                 1                 1041713
   3024 X31516                 1                   23616
   3051 X32539                 1                   21502
   3058 X32655                 1                11183544
   3079 X33088                 1                10027439
   3087 X33481                 1               923595.01
   3156 X35487                 1                   25104
   3371 X45914                 1              -3419066.1
   3463 X47390                 1                  124026
   3465 X47438                 1                   24738
   3500 X48216                 1              -998393.02
   3528 X48804                 1                -3077525
   3536 X48909                 1               887589.01
   3543 X48967                 1               854483.01
   3571 X49204                 1                  128310
   3626 X49816                 1               628050.01
   3727 X51572                 1                 1111122
   3869 X54070                 1                 1195134
   3954 X56903                 1           1.0176177e+08
   4021 X59173                 1                10028412
   4229 X62830                 1               5765300.9
   4458 X66470                 1                10027439
   4466 X66642                 1                  321495
   4487 X66959                 1                   21653
   4577 X68327                 1                 1123525
   4629 X68728                 1               561541.01
   4647 X68847                 1                 -298588
   4711 X69457                 1                  289789
   4726 X69709                 1                11081619
   4823 X70724                 1               444513.01
   4833 X70875                 1               703352.01
   4977 X72145                 1               744568.01
   4979 X72147                 1               804887.01
   5027 X72876                 1                  187784
   5217 X75107                 1           1.0174826e+08
   5328 X77020                 1                 1823290
   5338 X77102                 1           1.0158172e+08
   5361 X77269                 1                  127516
   5368 X77466                 1           1.0176177e+08
   5430 X77977                 1                 1085119
   5445 X78230                 1                 1844116
   5499 X78656                 1               886879.01
   5528 X79096                 1               792074.01
   5551 X79275                 1           1.0182179e+08
   5569 X79723                 1                 1741756
   5595 X80019                 1              -3519091.1
   5809 X81956                 1              -3859142.1
   5845 X82267                 1              -3859142.1
   5897 X82774                 1               983524.01
   6064 X84355                 1                   24550
   6173 X85315                 1                10022983
   6177 X85355                 1                  165381
   6189 X85417                 1                   25073
   6297 X86329                 1                 1208127
   6304 X86351                 1                 1084019
   6495 X88357                 1              -798673.01
   6675 X89944                 1              -497018.01
   6725 X90603                 1                 1101622
   6734 X90620                 1                 8968201
   6777 X91118                 1                 1141618
   6789 X91238                 1              -795673.01
   6819 X91678                 1               721575.01
   6875 X92038                 1                   21931
   6987 X92964                 1                 1231140
   6991 X93002                 1                   28426
   7041 X93390                 1                10021702
   7100 X93708                 1           1.0145319e+08
   7189 X94270                 1           1.0013071e+08
   7390 X95753                 1                -1193913
   7539 X96939                 1           1.0154553e+08
   7579 X97231                 1                 1047613
   7647 X97778                 1                  164981
   7674 X97977                 1                10744568
   7701 X98105                 1                10549328
   7867 X98954                 1               643863.01
   7884 X99024                 1           1.0162505e+08
   7902 X99191                 1                -2138874
   7948 X99550                 1                 1221940
   7980 X99729                 1                 1747776
   8028 X100077                1           1.0180178e+08
   8067 X100301                1                10126728
   8084 X100337                1           1.0178478e+08
   8131 X100560                1                   23179
   8269 X101274                1              -794773.01
   8309 X101713                1            1.018818e+08
   8315 X101725                1                 1127925
   8339 X101801                1           1.0012571e+08
   8351 X101855                1                 1141628
   8436 X102323                1           1.0183322e+08
   8532 X102616                1                10721865
   8575 X102771                1               6280878.9
   8615 X102985                1              -5379360.1
   8617 X102988                1                11144618
   8639 X103017                1                   29544
   8828 X103778                1                 1126625
   8848 X103907                1                   24642
   8893 X104044                1                10984614
   8911 X104103                1               886079.01
   9019 X104722                1                 1901914
   9148 X105262                1                -1258732
   9245 X105908                1                 8887579
   9295 X106550                1                 1104732
   9306 X106582                1                   28520
   9443 X107477                1                 9081309
   9449 X107507                1               5940827.9
   9461 X107560                1               666666.01
   9593 X108193                1                 1841806
   9619 X108310                1              -538624.01
   9646 X108461                1                 1228130
   9692 X108582                1                   24030
   9830 X109154                1               981634.01
   9856 X109234                1                   21923
   9921 X109521                1                 1092619
   9978 X109776                1                 1723560
   9990 X109832                1                 1843296
  10004 X109880                1           1.0174326e+08
  10040 X110000                1                 1101622
  10050 X110046                1           1.0178478e+08
  10138 X110383                1           1.0168475e+08
  10147 X110408                1               450523.01
  10149 X110413                1                 1457176
  10188 X110636                1                 -298298
  10281 X110936                1            1.018703e+08
  10355 X111314                1                 1106622
  10372 X111353                1                 1224960
  10428 X111608                1              -58562.001
  10619 X112291                1                   41375
  10637 X112438                1                   41763
  10663 X112601                1                -1176930
  10695 X112723                1                  329905
  10798 X113172                1               731065.01
  10894 X113628                1                11181924
  10899 X113648                1                11104922
  10943 X113807                1               5260725.9
  10962 X113836                1                 -129064
  10973 X113885                1                   21614
  11004 X113990                1                   26566
  11042 X114096                1                   21938
  11062 X114186                1                11123725
  11154 X114460                1                11161921
  11255 X114791                1                11189134
  11327 X114961                1           1.1180778e+08
  11412 X115208                1                 1543206
  11455 X115366                1                -1058402
  11490 X115447                1                  128610
  11602 X115780                1                -2155877
  11629 X115984                1               981594.01
  11656 X116080                1                   21707
  11657 X116082                1                   26619
  11776 X116496                1                   21555
  11800 X116620                1                10781574
  11873 X116777                1           1.0162774e+08
  11913 X116933                1                  226480
  11934 X116970                1                   42634
  11997 X117199                1           1.0179319e+08
  12021 X117264                1                 1128115
  12130 X117493                1           1.0154502e+08
  12255 X117791                1                11862102
  12271 X117816                1                 1224940
  12318 X117958                1                 1109122
  12334 X117992                1                 1609714
  12499 X118365                1                  244493
  12549 X118536                1                11181654
  12610 X118693                1               891709.01
  12813 X119125                1            1.118818e+08
  12853 X119231                1                10801897
  12987 X119558                1                 1168241
  13053 X119759                1                -2278885
  13079 X119838                1           1.0192632e+08
  13110 X119879                1           1.0158771e+08
  13192 X120168                1               6280878.9
  13219 X120240                1                   22132
  13356 X120680                1                -2998963
  13394 X120765                1                -1358757
  13415 X120835                1              -518321.01
  13449 X120921                1                10361821
  13463 X120950                1                10247483
  13553 X121198                1               383504.01
  13635 X121452                1                 9483169
  13654 X121483                1                 -155567
  13714 X121651                1                10663966
  13727 X121678                1                10772171
  13731 X121687                1               809977.01
  13788 X121796                1               836570.01
  13826 X121864                1                11081609
  13893 X121970                1                 1192134
  14035 X122243                1                  227530
  14150 X122470                1              -5199333.1
  14154 X122484                1               4446.9997
  14262 X122692                1               643850.01
  14333 X122843                1                 1572732
  14552 X123353                1              -78155.001
  14580 X123401                1                 1447976
  14592 X123434                1                  125018
  14695 X123619                1                 1043103
  14920 X124017                1                 1895348
  15137 X124411                1              -471695.01
  15243 X124595                1                 -210466
  15246 X124598                1                 1688758
  15308 X124686                1                 9862956
  15340 X124731                1                 1166541
  15520 X125009                1              -975300.02
  15572 X125223                1               364501.01
  15633 X125405                1                 9721725
  15738 X125577                1               804997.01
  15800 X125656                1                10141468
  15857 X125730                1                10661556
  15884 X125794                1                -1758417
  15923 X125865                1              -536114.01
  15953 X125922                1                  203477
  16232 X126499                1                   22307
  16283 X126644                1                 9141718
  16433 X126928                1                 -278555
  16446 X126949                1               903892.01
  16683 X127380                1               884589.01
  16737 X127475                1                   27544
  16758 X127507                1                10023119
  16774 X127526                1                 1183634
  16850 X127653                1                 1181734
  16907 X127754                1               807597.01
  17072 X128021                1           1.1190383e+08
  17108 X128106                1               401507.01
  17196 X128245                1                 -118261
  17197 X128248                1               773861.01
  17221 X128291                1                  121776
  17300 X128424                1               861586.01
  17395 X128578                1                  125040
  17451 X128719                1               501932.01
  17479 X128759                1               741558.01
  17686 X129105                1                10028632
  17700 X129125                1                11784788
  17725 X129162                1               901912.01
  17726 X129163                1               903402.01
  17737 X129182                1                 1624130
  17798 X129263                1                   26866
  17883 X129359                1                 -296798
  17942 X129432                1                10023131
  18013 X129549                1            1.118022e+08
  18056 X129614                1                 9184444
  18210 X129795                1               983404.01
  18276 X129894                1                 1184694
  18556 X131474                1                   37017
  18592 X131826                1                -1798513
  18601 X131951                1                -3038799
  18659 X132183                1               481539.01
  18691 X132231                1                11103122
  18693 X132233                1                   23678
  18722 X132262                1               621540.01
  18728 X132268                1                 1103122
  18745 X132287                1                 1137425
  18817 X132401                1                   24676
  18827 X132421                1               869096.01
  19095 X132881                1               881589.01
  19108 X132899                1           1.0160702e+08
  19219 X133115                1                10164791
  19236 X133147                1                 1097129
  19361 X133366                1               489929.01
  19567 X133667                1                   28293
  19639 X133758                1                 1069126
  19785 X133943                1                  134076
  19819 X133979                1           1.1172368e+08
  19870 X134044                1                 1664742
  19942 X134147                1                 1447706
  19995 X134208                1              -713551.01
  20091 X134326                1                  144738
  20114 X134360                1                11184634
  20145 X134411                1                 1075726
  20162 X134432                1                 1052123
  20298 X135321                1           1.1176176e+08
  20327 X135405                1                   28767
  20370 X135449                1                 1127035
  20384 X135465                1                 1141628
  20409 X135514                1                -1170920
  20410 X135515                1                -1170920
  20421 X135541                1              -390813.01
  20504 X135685                1                11106122
  20611 X135844                1                 1204737
  21064 X136472                1              -758667.01
  21092 X136533                1                 1144618
  21146 X136616                1                10026119
  21190 X136667                1                   44543
  21222 X136722                1                 1755276
  21269 X136782                1           1.0176828e+08
  21339 X136886                1           1.0156171e+08
  21396 X136951                1           1.0150171e+08
  21416 X136985                1               366511.01
  21606 X137243                1                 1721820
  21800 X137494                1                 -154567
  21842 X137542                1                 9344658
  21942 X138574                1                   24426
  22024 X139463                1                 1724750
  22090 X139556                1                 1225450
  22123 X139628                1                 1527740
  22177 X139848                1                   33561
  22216 X139995                1               950028.01
  22286 X140199                1                   35585
  22335 X140402                1                10704872
  22466 X140776                1                10709592
  22492 X140838                1                 1129145
  22494 X140846                1                 1003117
  22511 X140894                1                 1467482
  22555 X140991                1                 1801774
  22742 X141469                1                 1007607
  22873 X142783                1               721565.01
  22911 X142854                1                 1130665
  22980 X143515                1                 1904804
  23047 X143686                1               948598.01
  23107 X143919                1                11207667
  23196 X144265                1           1.0174667e+08
  23200 X144290                1           1.1173876e+08
  23207 X144306                1                 1928320
  23250 X144436                1                 1788088
  23257 X144490                1                 1683748
  23343 X145074                1                 1823300
  23499 X145763                1                11843306
  23574 X146001                1                -1233729
  23645 X146606                1               761561.01
  23676 X146700                1                   29942
  23699 X146778                1               926595.01
  23790 X147428                1                   21807
  23866 X147922                1               503532.01
  24061 X148453                1              -976790.02
  24064 X148461                1                   24887
  24117 X148623                1               483019.01
  24133 X148650                1               67956.001
  24162 X148734                1               928615.01
  24192 X148803                1           1.1172516e+08
  24198 X148816                1           1.0134218e+08
  24210 X148837                1                11146938
  24247 X149231                1                11161621
  24341 X149923                1           1.0156173e+08
  24372 X150407                1               385614.01
  24409 X150731                1                 -275095
  24559 X153730                1           1.0182572e+08
  24719 X156449                1                   29241
  24729 X156543                1                   28767
  24731 X156551                1                   30547
  24748 X157001                1                   29627
  24806 X158258                1                  121776
  24880 X159513                1           1.1150168e+08
  24965 X160736                1                 1164631
  24978 X160830                1                 1425180
  25045 X161814                1                  131586
  25160 X162946                1                   24893
  25244 X164016                1               946098.01
  25439 X166083                1                 8141478
  25501 X166652                1                 1043143
  25636 X167521                1                10866096
  25701 X167729                1                 1221640
  25763 X167853                1              -72155.001
  25784 X167880                1              -538614.01
  25874 X167982                1                 9924865
  25902 X168015                1                 9570791
  25984 X168103                1               966501.01
  26011 X168136                1               612537.01
  26040 X168175                1                10706662
  26067 X168215                1                  306499
  26248 X168451                1               492029.01
  26262 X168511                1                   27936
  26393 X168661                1                   32980
  26445 X168718                1           1.1138217e+08
  26469 X168743                1               433520.01
  26494 X168776                1                -1516481
  26512 X168796                1                10708092
  26537 X168823                1              -418616.01
  26645 X168941                1           1.0187373e+08
  26727 X169025                1                 1785078
  26807 X169113                1                  230520
  26819 X169125                1           1.0192981e+08
  27053 X169405                1                 1569702
  27296 X169694                1               601537.01
  27319 X169718                1                   23503
  27322 X169722                1                   23126
  27325 X169726                1                10261906
  27412 X169832                1           1.1142699e+08
  27606 X170123                1                 1103652
  27618 X170144                1                11161921
  27743 X170330                1                 1001617
  27773 X170374                1                   32520
  27789 X170408                1               638040.01
  27820 X170488                1              -393813.01
  27826 X170501                1                   26397
  27855 X170602                1           1.0013267e+08
  27892 X170684                1               641553.01
  28002 X170916                1              -529124.01
  28060 X171071                1                 1789888
  28091 X171148                1               788074.01
  28157 X171399                1                -1213306
  28195 X171607                1           1.0152321e+08
  28250 X171813                1           1.0154603e+08
  28539 X172814                1                 1148128
  28584 X172872                1                10025432
  28617 X172958                1                   36507
  28618 X172960                1                   37017
  28687 X173203                1                10752178
  28704 X173238                1                 1081619
  28721 X173292                1               766561.01
  28864 X173993                1                 1109922
  28984 X174521                1               649053.01
  29079 X175362                1                10544528
  29085 X175461                1                   34017
  29099 X175519                1                  126890
  29146 X175697                1               903112.01
  29151 X175714                1                  264496
  29201 X176015                1               883099.01
  29687 X184616                1                10207487
  29847 X189392                1                 -295598
  29863 X189583                1                 1041633
  30063 X196154                1                 9161321
  30285 X200057                1               961991.01
  30286 X200058                1                 1784778
  30396 X200630                1           1.0138766e+08
  30510 X201260                1               623550.01
  30545 X201374                1               741558.01
  30608 X201504                1                  139074
  30615 X201516                1                 1183634
  30875 X202279                1           1.0148199e+08
  31042 X202846                1           1.1146199e+08
  31068 X202917                1                 1629720
  31426 X205135                1              -551807.01
  31571 X205928                1                11183144
  31582 X205989                1                 1792278
  31619 X206387                1                 1841796
  31770 X208032                1                   21951
  31826 X209198                1                10705082
  31979 X212151                1                 1069536
  32030 X215251                1               881599.01
  32034 X215592                1                   31947
  32068 S38                    1                       0
  32069 S39                    2                       0
  32077 S51                    1                       0
  32079 S53                    1                       0
  32088 S66                    1                       0
  32096 S76                    1                       0
  32098 S78                    1                       0
  32107 S91                    1                       0
  32118 S106                   1                       0
  32127 S117                   1                       0
  32161 S163                   1                       0
  32179 S187                   1                       0
  32213 S231                   1                       0
  32214 S234                   1                       0
  32220 S242                   1                       0
  32229 S253                   1                       0
  32230 S254                   1                       0
  32243 S273                   1                       0
  32274 S316                   1                       0
  32284 S330                   1                       0
  32303 S356                   2                       0
  32309 S365                   1                       0
  32318 S377                   1                       0
  32323 S384                   1                       0
  32348 S421                   1                       0
  32361 S439                   1                       0
  32394 S486                   1                       0
  32396 S488                   1                       0
  32399 S493                   2                       0
  32400 S494                   1                       0
  32401 S495                   1                       0
  32414 S514                   1                       0
  32415 S515                   1                       0
  32416 S516                   1                       0
  32438 S547                   1                       0
  32439 S548                   1                       0
  32444 S555                   1                       0
  32482 S609                   1                       0
  32493 S624                   1                       0
  32494 S625                   1                       0
  32503 S638                   1                       0
  32505 S641                   2                       0
  32526 S671                   1                       0
  32527 S672                   1                       0
  32534 S682                   1                       0
  32535 S684                   2                       0
  32536 S685                   2                       0
  32537 S686                   2                       0
  32538 S687                   1                       0
  32539 S689                   1                       0
  32540 S691                   1                       0
  32553 S708                   1                       0
  32555 S712                   2                       0
  32556 S713                   1                       0
  32557 S714                   1                       0
  32584 S752                   3                       0
  32585 S754                   1                       0
  32586 S755                   1                       0
  32587 S756                   1                       0
  32603 S775                   1                       0
  32607 S780                   1                       0
  32608 S781                   1                       0
  32612 S786                   1                       0
  32613 S787                   1                       0
  32631 S808                   1                       0
  32637 S815                   1                       0
  32638 S816                   1                       0
  32641 S820                   1                       0
  32685 S871                   1                       0
  32686 S872                   1                       0
  32687 S873                   1                       0
  32698 S886                   1                       0
  32704 S893                   1                       0
  32720 S912                   1                       0
  32730 S925                   1                       0
  32731 S926                   1                       0
  32736 S933                   1                       0
  32737 S934                   1                       0
  32748 S949                   1                       0
  32749 S950                   1                       0
  32755 S958                   1                       0
  32756 S960                   1                       0
  32757 S961                   1                       0
  32758 S962                   1                       0
  32760 S965                   1                       0
  32780 S992                   1                       0
  32784 S997                   3                       0
  32785 S998                   3                       0
  32792 S1008                  1                       0
  32798 S1016                  1                       0
  32803 S1023                  1                       0
  32830 S1077                  1                       0
  32842 S1101                  1                       0
  32846 S1109                  1                       0
  32848 S1113                  1                       0
  32860 S1137                  1                       0
  32936 S1266                  1                       0
  32959 S1306                  1                       0
  32961 S1310                  1                       0
  32962 S1312                  1                       0
  32984 S1341                  1                       0
  32988 S1345                  1                       0
  32993 S1350                  1                       0
  32996 S1353                  1                       0
  33047 S1448                  1                       0
  33048 S1450                  1                       0
  33051 S1456                  1                       0
  33053 S1460                  1                       0
  33063 S1480                  1                       0
  33198 S1650                  1                       0
  33205 S1664                  1                       0
  33207 S1668                  1                       0
  33212 S1676                  1                       0
  33213 S1677                  1                       0
  33227 S1694                  1                       0
  33228 S1696                  1                       0
  33236 S1705                  1                       0
  33237 S1707                  1                       0
  33243 S1714                  1                       0
  33246 S1718                  1                       0
  33252 S1725                  1                       0
  33253 S1727                  1                       0
  33254 S1728                  1                       0
  33258 S1733                  1                       0
  33267 S1744                  1                       0
  33271 S1749                  1                       0
  33317 S1806                  1                       0
  33333 S1826                  1                       0
  33353 S1851                  4                       0
  33370 S1871                  1                       0
  33377 S1880                  1                       0
  33379 S1882                  1                       0
  33382 S1886                  1                       0
  33392 S1899                  1                       0
  33394 S1901                  1                       0
  33429 S1945                  1                       0
  33444 S1963                  1                       0
  33446 S1965                  1                       0
  33457 S1979                  2                       0
  33459 S1982                  1                       0
  33460 S1983                  1                       0
  33462 S1985                  1                       0
  33473 S1999                  1                       0
  33488 S2018                  4                       0
  33503 S2034                  1                       0
  33527 S2058                  1                       0
  33533 S2064                  1                       0
  33541 S2072                  1                       0
  33551 S2082                  1                       0
  33614 S2149                  1                       0
  33615 S2150                  1                       0
  33625 S2161                  1                       0
  33626 S2162                  1                       0
  33627 S2163                  1                       0
  33628 S2165                  1                       0
  33641 S2179                  1                       0
  33642 S2180                  1                       0
  33666 S2207                  1                       0
  33667 S2208                  1                       0
  33690 S2233                  1                       0
  33698 S2242                  1                       0
  33714 S2260                  1                       0
  33715 S2261                  1                       0
  33732 S2280                  1                       0
  33749 S2299                  1                       0
  33750 S2300                  2                       0
  33751 S2301                  1                       0
  33752 S2303                  1                       0
  33779 S2362                  1                       0
  33780 S2363                  1                       0
  33792 S2375                  1                       0
  33793 S2376                  1                       0
  33799 S2382                  1                       0
  33800 S2383                  2                       0
  33805 S2388                  1                       0
  33806 S2389                  1                       0
  33900 S2503                  1                       0
  33910 S2516                  1                       0
  33911 S2517                  1                       0
  33912 S2519                  1                       0
  33946 S2566                  1                       0
  33951 S2571                  2                       0
  33960 S2580                  1                       0
  33963 S2583                  1                       0
  33970 S2590                  2                       0
  33975 S2595                  1                       0
  33984 S2604                  1                       0
  33986 S2606                  1                       0
  34056 S2676                  1                       0
  34090 S2710                  1                       0
  34091 S2711                  1                       0
  34117 S2737                  1                       0
  34122 S2742                  1                       0
  34133 S2753                  1                       0
  34134 S2754                  1                       0
  34141 S2761                  1                       0
  34142 S2762                  1                       0
  34171 S2791                  1                       0
  34172 S2792                  1                       0
  34179 S2799                  1                       0
  34187 S2807                  1                       0
  34207 S2827                  1                       0
  34233 S2853                  1                       0
  34234 S2854                  1                       0
  34235 S2855                  1                       0
  34236 S2856                  1                       0
  34243 S2863                  1                       0
  34244 S2864                  1                       0
  34308 S2928                  1                       0
  34309 S2929                  1                       0
  34310 S2930                  1                       0
  34364 S2984                  1                       0
  34386 S3009                  1                       0
  34387 S3010                  1                       0
  34388 S3011                  1                       0
  34394 S3017                  1                       0
  34424 S3047                  1                       0
  34432 S3055                  1                       0
  34451 S3074                  1                       0
  34475 S3098                  1                       0
  34490 S3113                  1                       0
  34521 S3144                  1                       0
  34522 S3145                  1                       0
  34523 S3146                  1                       0
  34528 S3151                  1                       0
  34529 S3152                  1                       0
  34530 S3153                  1                       0
  34553 S3176                  1                       0
  34589 S3212                  1                       0
  34592 S3215                  1                       0
  34605 S3228                  1                       0
  34647 S3270                  1                       0
  34687 S3310                  1                       0
  34688 S3311                  1                       0
  34689 S3312                  1                       0
  34690 S3313                  1                       0
  34693 S3316                  1                       0
  34694 S3317                  1                       0
  34695 S3318                  1                       0
  34703 S3326                  1                       0
  34704 S3327                  1                       0
  34705 S3328                  1                       0
  34709 S3332                  1                       0
  34718 S3341                  1                       0
  34719 S3342                  1                       0
  34768 S3391                  1                       0
  34769 S3392                  1                       0
  34770 S3393                  1                       0
  34771 S3394                  1                       0
  34773 S3396                  1                       0
  34774 S3397                  1                       0
  34775 S3398                  1                       0
  34785 S3408                  1                       0
  34786 S3409                  1                       0
  34797 S3420                  1                       0
  34803 S3426                  1                       0
  34804 S3427                  1                       0
  34805 S3428                  1                       0
  34806 S3429                  1                       0
  34828 S3451                  1                       0
  34842 S3465                  1                       0
  34868 S3491                  1                       0
  34869 S3492                  1                       0
  34870 S3493                  1                       0
  34877 S3500                  1                       0
  34878 S3501                  1                       0
  34879 S3502                  1                       0
  34880 S3503                  1                       0
  34881 S3504                  1                       0
  34894 S3517                  1                       0
  34942 S3565                  1                       0
  34949 S3572                  1                       0
  34950 S3573                  1                       0
  34951 S3574                  1                       0
  34952 S3575                  1                       0
  34983 S3607                  1                       0
  35007 S3631                  1                       0
  35017 S3641                  1                       0
  35022 S3646                  1                       0
  35026 S3650                  1                       0
  35048 S3690                  1                       0
  35050 S3694                  1                       0
  35055 S3704                  1                       0
  35068 S3730                  1                       0
  35071 S3736                  1                       0
  35074 S3742                  1                       0
  35092 S3778                  1                       0
  35108 S3816                  1                       0
  35111 S3826                  1                       0
  35122 S3850                  1                       0
  35141 S3888                  1                       0
  35186 S3969                  1                       0
  35196 S3987                  1                       0
  35197 S3989                  1                       0
  35198 S3990                  1                       0
  35199 S3992                  1                       0
  35200 S3993                  1                       0
  35203 S3999                  1                       0
  35218 S4025                  1                       0
  35219 S4027                  1                       0
  35227 S4041                  1                       0
  35228 S4043                  1                       0
  35229 S4044                  1                       0
  35230 S4046                  1                       0
  35243 S4068                  1                       0
  35244 S4070                  1                       0
  35245 S4072                  1                       0
  35265 S4108                  1                       0
  35322 S4209                  1                       0
  35323 S4211                  1                       0
  35353 S4262                  1                       0
  35354 S4263                  1                       0
  35355 S4265                  1                       0
  35373 S4295                  1                       0
  35396 S4336                  1                       0
  35397 S4338                  1                       0
  35428 S4443                  1                       0
  35429 S4444                  1                       0
  35440 S4455                  1                       0
  35441 S4456                  1                       0
  35449 S4464                  1                       0
  35458 S4473                  1                       0
  35472 S4487                  1                       0
  35512 S4536                  1                       0
  35513 S4537                  1                       0
  35521 S4547                  1                       0
  35561 S4595                  1                       0
  35564 S4598                  1                       0
  35624 S4670                  1                       0
  35639 S4688                  1                       0
  35640 S4690                  1                       0
  35675 S4730                  1                       0
  35683 S4738                  1                       0
  35692 S4747                  1                       0
  35701 S4756                  1                       0
  35703 S4758                  1                       0
  35707 S4762                  1                       0
  35710 S4765                  1                       0
  35765 S4828                  1                       0
  35775 S4841                  1                       0
  35777 S4844                  1                       0
  35820 S4901                  2                       0
  35825 S4908                  1                       0
  35847 S4937                  1                       0
  35868 S4964                  1                       0
  35869 S4965                  1                       0
  35870 S4967                  1                       0
  36007 S5163                  1                       0
  36010 S5169                  2                       0
  36018 S5185                  2                       0
  36020 S5189                  4                       0
  36058 S5228                  1                       0
  36059 S5229                  1                       0
  36085 S5255                  1                       0
  36110 S5280                  1                       0
  36117 S5287                  1                       0
  36119 S5289                  1                       0
  36120 S5290                  1                       0
  36121 S5291                  1                       0
  36122 S5292                  1                       0
  36125 S5295                  1                       0
  36126 S5296                  1                       0
  36127 S5297                  1                       0
  36129 S5299                  1                       0
  36130 S5300                  1                       0
  36157 S5327                  1                       0
  36158 S5328                  1                       0
  36159 S5329                  1                       0
  36160 S5330                  1                       0
  36256 S5471                  1                       0
  36258 S5475                  1                       0
  36283 S5525                  1                       0
  36299 S5557                  1                       0
  36313 S5585                  1                       0
  36320 S5599                  1                       0
  36369 S5671                  1                       0
  36385 S5687                  1                       0
  36386 S5688                  1                       0
  36391 S5693                  1                       0
  36392 S5694                  1                       0
  36394 S5696                  1                       0
  36399 S5701                  1                       0
  36400 S5702                  1                       0
  36402 S5704                  1                       0
  36457 S5759                  1                       0
  36458 S5760                  1                       0
  36463 S5765                  1                       0
  36464 S5766                  1                       0
  36496 S5802                  1                       0
  36537 S5853                  1                       0
  36628 S6018                  1                       0
  36629 S6021                  1                       0
  36677 S6078                  1                       0
  36678 S6079                  1                       0
  36683 S6084                  1                       0
  36684 S6085                  1                       0
  36696 S6097                  1                       0
  36706 S6107                  1                       0
  36725 S6126                  1                       0
  36750 S6174                  1                       0
  36751 S6176                  1                       0
  36752 S6178                  1                       0
  36757 S6185                  1                       0
  36758 S6186                  2                       0
  36767 S6200                  3                       0
  36768 S6202                  2                       0
  36773 S6209                  2                       0
  36774 S6210                  1                       0
  36777 S6215                  1                       0
  36783 S6224                  2                       0
  36784 S6226                  1                       0
  36789 S6233                  1                       0
  36790 S6234                  1                       0
  36799 S6248                  1                       0
  36800 S6250                  1                       0
  36824 S6287                  2                       0
  36828 S6295                  1                       0
  36832 S6303                  1                       0
  36843 S6324                  1                       0
  36862 S6362                  1                       0
  36891 S6402                  1                       0
  36895 S6406                  1                       0
  36898 S6409                  1                       0
  36948 S6459                  1                       0
  36966 S6494                  1                       0
  36968 S6498                  1                       0
  36993 S6534                  1                       0
  37031 S6580                  1                       0
  37037 S6589                  1                       0
  37038 S6591                  1                       0
  37039 S6592                  1                       0
  37079 S6652                  1                       0
  37080 S6654                  1                       0
  37082 S6657                  1                       0
  37083 S6658                  1                       0
  37084 S6660                  1                       0
  37085 S6661                  1                       0
  37086 S6663                  1                       0
  37100 S6683                  1                       0
  37113 S6700                  1                       0
  37120 S6709                  1                       0
  37122 S6712                  1                       0
  37132 S6725                  1                       0
  37151 S6760                  1                       0
  37155 S6768                  1                       0
  37158 S6774                  1                       0
  37173 S6801                  1                       0
  37213 S6860                  1                       0
  37214 S6861                  1                       0
  37218 S6865                  1                       0
  37219 S6866                  1                       0
  37233 S6880                  1                       0
  37242 S6889                  1                       0
  37247 S6894                  2                       0
  37248 S6895                  2                       0
  37252 S6903                  2                       0
  37253 S6904                  2                       0
  37267 S7003                  1                       0
  37268 S7004                  1                       0
  37278 S7018                  1                       0
  37279 S7019                  1                       0
  37292 S7037                  1                       0
  37337 S7084                  1                       0
  37350 S7097                  1                       0
  37353 S7100                  1                       0
  37362 S7109                  1                       0
  37368 S7115                  2                       0
  37369 S7116                  1                       0
  37371 S7118                  1                       0
  37372 S7119                  1                       0
  37373 S7120                  2                       0
  37374 S7121                  1                       0
  37375 S7122                  1                       0
  37388 S7135                  1                       0
  37390 S7137                  1                       0
  37394 S7141                  1                       0
  37454 S7221                  1                       0
  37521 S7309                  1                       0
  37524 S7312                  1                       0
  37539 S7327                  1                       0
  37542 S7330                  1                       0
  37561 S7367                  1                       0
  37566 S7377                  1                       0
  37572 S7389                  1                       0
  37586 S7414                  1                       0
  37587 S7415                  1                       0
  37588 S7416                  1                       0
  37594 S7422                  1                       0
  37595 S7423                  1                       0
  37608 S7436                  1                       0
  37610 S7438                  1                       0
  37611 S7439                  1                       0
  37617 S7445                  1                       0
  37635 S7463                  1                       0
  37636 S7464                  1                       0
  37637 S7465                  1                       0
  37644 S7472                  1                       0
  37645 S7473                  1                       0
  37648 S7476                  1                       0
  37654 S7482                  1                       0
  37656 S7484                  1                       0
  37662 S7490                  2                       0
  37663 S7491                  1                       0
  37664 S7492                  1                       0
  37665 S7493                  1                       0
  37675 S7503                  1                       0
  37687 S7515                  1                       0
  37688 S7516                  1                       0
  37690 S7518                  1                       0
  37691 S7519                  1                       0
  37695 S7523                  1                       0
  37696 S7524                  1                       0
  37697 S7525                  1                       0
  37703 S7531                  1                       0
  37783 S7615                  1                       0
  37784 S7616                  1                       0
  37785 S7617                  1                       0
  37786 S7618                  1                       0
  37789 S7621                  1                       0
  37790 S7622                  1                       0
  37827 S7659                  1                       0
  37847 S7679                  1                       0
  37887 S7727                  1                       0
  37889 S7731                  1                       0
  37892 S7737                  1                       0
  37893 S7739                  1                       0
  37894 S7741                  1                       0
  37895 S7743                  1                       0
  37900 S7753                  1                       0
  37901 S7755                  1                       0
  37910 S7773                  1                       0
  37912 S7777                  1                       0
  37913 S7779                  1                       0
  38010 S7878                  1                       0
  38011 S7879                  1                       0
  38012 S7880                  1                       0
  38013 S7881                  1                       0
  38085 S7958                  1                       0
  38128 S8027                  1                       0
  38131 S8030                  1                       0
  38133 S8032                  1                       0
  38153 S8053                  1                       0
  38165 S8088                  1                       0
  38184 S8164                  1                       0
  38187 S8176                  1                       0
  38252 S30018                 1                       0
  38254 S30020                 1                       0
  38259 S30025                 2                       0
  38261 S30027                 1                       0
  38263 S30029                 4                       0
  38264 S30030                 7                       0
  38265 S30034                 3                       0
  38266 S30035                 1                       0
  38269 S30038                 1                       0
  38270 S30039                 2                       0
  38273 S30042                 1                       0
  38276 S30045                 1                       0
  38278 S30047                 2                       0
  38279 S30048                 3                       0
  38282 S30051                 2                       0
  38286 S30055                 6                       0
  38289 S30058                 3                       0
  38297 S30157               241                       0
  38298 S30158               198                       0
  38299 S30159               653                       0
  38300 S30160               784                       0
  38301 S30161               270                       0
  38302 S30162               141                       0
  38303 S30163               468                       0
  38304 S30164                81                       0
  38307 S30167               793                       0
  38308 S30168                52                       0
  38309 S30169               415                       0
  38310 S30170               604                       0
  38311 S30171               576                       0
  38312 S30172                83                       0
  38314 S30174               254                       0
  38315 S30175               268                       0
  38317 S30177               359                       0
  38318 S30178              1001                       0
  38319 S30179               761                       0
  38321 S30181              1639                       0
  38324 S30184               950                       0
  38325 S30185               261                       0
