Optimal - objective value -14339.35344693
      2 z2                     1              -49.962741
      3 z3                     1              -51.035661
      4 z4                     1              -83.042871
      6 z6                     1              -1.5977518
      7 z7                     1              -21.383304
      8 z8                     1               -88.41682
      9 z9                     1              -28.919552
     10 z10                    1              -79.326113
     11 z11                    1              -49.981125
     12 z12                    1              -48.002644
     14 z14                    1               -35.42557
     16 z16                    1               9.1012872
     17 z17                    1              -69.229254
     19 z19                    1              -33.042763
     20 z20                    1              -18.985347
     21 z21                    1              -16.358418
     22 z22                    1              -78.526316
     26 z26                    1              -20.262364
     30 z30                    1              -67.486559
     31 z31                    1              -83.910995
     33 z33                    1              -42.785792
     35 z35                    1              -53.860181
     40 z40                    1              -63.595132
     42 z42                    1              -18.864368
     45 z45                    1              -28.431038
     47 z47                    1              -31.278027
     48 z48                    1               -112.4641
     53 z53                    1              -76.388002
     54 z54                    1              -3.2450707
     55 z55                    1              -29.686778
     56 z56                    1              -62.024963
     58 z58                    1              -84.292935
     62 z62                    1              -88.670907
     63 z63                    1              -33.953562
     64 z64                    1              -113.27716
     65 z65                    1              -69.731796
     66 z66                    1              -40.857887
     68 z68                    1              -115.30679
     69 z69                    1              -60.522858
     70 z70                    1              -16.905827
     74 z74                    1              -64.548325
     76 z76                    1              -39.792999
     77 z77                    1              -53.030318
     79 z79                    1                    -135
     83 z83                    1               11.291057
     84 z84                    1              -48.196555
     87 z87                    1              -100.76283
     88 z88                    1              -15.324464
     89 z89                    1               13.447897
     90 z90                    1              -15.977263
     92 z92                    1              -52.672076
     93 z93                    1               -61.59791
     94 z94                    1              -30.540993
     96 z96                    1              -61.887372
    150 l2100                  1              -4.3926844
    152 l2102                  1               -6.605069
    154 l2104                  1               -4.350457
    155 l2105                  1               -10.34705
    156 l2106         0.12142857                       0
    157 l2107                  1              -8.5501848
    158 l2108                  1              -10.814325
    159 l2109                  1               -2.746431
    160 l2110                  1              -6.0839973
    162 l2112                  1              -6.9734537
    164 l2114                  1              -3.3821034
    165 l2115                  1              -8.2596197
    166 l2116                  1             -0.32302893
    167 l2117                  1              -12.172612
    169 l2119                  1              -11.314504
    170 l2120                  1              -12.878151
    171 l2121                  1               -1.286565
    172 l2122                  1              -6.9774522
    173 l2123                  1              -3.1998133
    175 l3100                  1               -3.746406
    176 l3101         0.75909091                       0
    177 l3102                  1              -7.6486721
    178 l3103         0.55510204           1.7763568e-15
    179 l3104                  1              -2.9278293
    181 l3106                  1              -10.854947
    182 l3107                  1              -5.8378088
    184 l3109                  1              -13.590668
    185 l3110                  1              -10.303141
    187 l3112                  1              -2.7471914
    188 l3113                  1              -12.240407
    189 l3114                  1              -1.2051523
    190 l3115                  1               -14.55036
    191 l3116                  1              -5.0284292
    193 l3118                  1              -1.2034568
    195 l3120                  1              -5.3277483
    196 l3121                  1              -8.5141272
    198 l3123                  1              -7.7574493
    199 l3124                  1              -7.2165512
    200 l4100                  1              -2.0391418
    201 l4101                  1            -0.091231325
    202 l4102                  1              -6.2103212
    203 l4103                  1                -3.84689
    204 l4104         0.13409091           1.7763568e-15
    205 l4105                  1               -9.705037
    206 l4106                  1              -8.6057298
    207 l4107                  1             -0.54545455
    209 l4109         0.77234043                       0
    210 l4110                  1              -5.6470742
    212 l4112                  1               -1.116399
    213 l4113                  1              -6.2310636
    215 l4115                  1              -5.0615911
    217 l4117                  1              -1.6087607
    218 l4118                  1              -6.5456481
    221 l4121                  1              -4.3797814
    223 l4123                  1              -10.671834
    224 l4124                  1              -6.5801023
    250 l6100                  1              -11.761706
    252 l6102                  1              -7.9510706
    253 l6103                  1              -10.971959
    254 l6104                  1             -0.36791148
    255 l6105                  1              -3.0249421
    256 l6106                  1              -7.3643671
    257 l6107                  1              -10.900147
    258 l6108         0.67368421                       0
    259 l6109                  1              -7.2146468
    262 l6112                  1              -1.2175489
    263 l6113                  1             -0.71517028
    264 l6114                  1              -7.3101721
    265 l6115                  1              -3.7903469
    267 l6117                  1              -5.9228706
    268 l6118                  1              -6.1845554
    269 l6119                  1              -10.057063
    270 l6120                  1              -7.1380277
    271 l6121                  1              -8.8488242
    275 l7100                  1              -10.739101
    276 l7101         0.23098592          -1.7763568e-15
    277 l7102                  1              -10.936309
    278 l7103                  1              -14.911364
    279 l7104                  1              -9.9659463
    283 l7108                  1              -6.1553191
    286 l7111                  1              -3.5388908
    287 l7112                  1              -8.7452186
    289 l7114                  1              -2.4482568
    290 l7115                  1              -13.023468
    291 l7116                  1              -1.1914146
    292 l7117                  1              -6.4788133
    293 l7118                  1              -2.2724178
    294 l7119                  1              -6.7866224
    295 l7120                  1              -7.7009213
    296 l7121         0.86666667                       0
    297 l7122                  1              -1.7462336
    298 l7123                  1               -9.115353
    299 l7124                  1              -4.0432791
    301 l8101                  1             -0.16529596
    303 l8103                  1            -0.051664392
    304 l8104                  1              -6.1710244
    306 l8106                  1              -7.9378423
    307 l8107                  1              -10.679858
    308 l8108                  1              -8.6567183
    310 l8110                  1                 -3.4147
    311 l8111                  1              -11.896546
    312 l8112                  1                -2.90982
    313 l8113                  1              -11.459126
    314 l8114                  1              -2.9326084
    315 l8115                  1              -12.545302
    316 l8116         0.78409091           8.8817842e-16
    317 l8117                  1              -4.5551202
    318 l8118                  1              -1.7832675
    319 l8119                  1              -1.7795186
    320 l8120                  1              -5.1836538
    321 l8121                  1              -2.7077918
    323 l8123                  1             -0.25989009
    324 l8124                  1              -6.4200266
    325 l9100                  1            -0.062503574
    326 l9101                  1              -3.8971518
    327 l9102                  1              -5.0883428
    330 l9105                  1              -5.2848462
    331 l9106                  1              -11.986264
    332 l9107                  1              -6.4808113
    333 l9108         0.53670886          -4.4408921e-16
    334 l9109                  1              -3.1561501
    335 l9110                  1              -12.552751
    336 l9111                  1              -8.1697174
    337 l9112                  1              -2.2507666
    338 l9113                  1               -6.181931
    341 l9116                  1              -4.4401662
    344 l9119                  1              -2.6124804
    345 l9120                  1              -10.084503
    346 l9121                  1              -1.1486594
    347 l9122                  1              -2.6890858
    348 l9123                  1              -3.4898905
    349 l9124                  1              -6.7567811
    350 l10100                 1              -13.843755
    351 l10101                 1              -5.3017029
    353 l10103                 1              -7.4324262
    354 l10104                 1              -4.9604469
    355 l10105                 1               -4.647022
    356 l10106                 1              -2.5485595
    357 l10107                 1              -4.0396102
    359 l10109                 1             -0.87788395
    360 l10110                 1              -1.9499062
    362 l10112                 1              -3.3800225
    363 l10113                 1              -1.0909868
    364 l10114                 1              -3.8797867
    365 l10115                 1          -2.6645353e-15
    368 l10118        0.85517241                       0
    369 l10119                 1              -10.365802
    374 l10124                 1              -1.4920443
    376 l11101                 1              -2.2628826
    377 l11102                 1              -10.766198
    378 l11103                 1              -4.2017827
    379 l11104                 1               -14.90409
    380 l11105                 1               -1.667507
    382 l11107                 1              -3.4399362
    383 l11108                 1             -0.17967674
    384 l11109                 1              -8.0904305
    385 l11110                 1              -11.164071
    387 l11112                 1              -3.1611293
    388 l11113                 1              -8.4080274
    389 l11114                 1               -2.480319
    390 l11115                 1              -7.4660038
    392 l11117                 1              -6.6198393
    395 l11120        0.80363636          -4.4408921e-16
    396 l11121                 1              -6.0497229
    398 l11123        0.63555556           2.6645353e-15
    399 l11124                 1              -6.8223938
    400 l12100                 1              -11.818429
    401 l12101                 1              -1.1105155
    402 l12102                 1              -2.2106395
    404 l12104                 1              -5.0459403
    406 l12106        0.96808511          -1.9984014e-15
    407 l12107                 1              -3.8374188
    408 l12108                 1              -1.2287907
    409 l12109                 1              -3.1076559
    410 l12110                 1              -8.0494223
    411 l12111                 1              -3.8962496
    412 l12112                 1              -3.5623427
    415 l12115                 1              -1.8467909
    417 l12117                 1              -12.039817
    418 l12118                 1             -0.31424073
    421 l12121                 1              -10.494922
    422 l12122                 1              -4.8288009
    423 l12123                 1              -4.0418983
    424 l12124                 1              -1.2493708
    450 l14100                 1              -3.6338712
    451 l14101                 1              -12.933372
    453 l14103                 1              -2.2089267
    454 l14104                 1              -3.0245091
    455 l14105                 1              -5.3026688
    457 l14107                 1              -8.2197478
    458 l14108        0.22368421                       0
    459 l14109                 1              -6.4756472
    460 l14110                 1             -0.84557611
    461 l14111                 1               -8.539841
    462 l14112                 1              -2.3601146
    463 l14113                 1              -12.870313
    464 l14114                 1             -0.74578699
    466 l14116                 1              -2.0972801
    467 l14117                 1             -0.93623169
    468 l14118                 1              -4.8582601
    469 l14119                 1              -9.4975041
    473 l14123                 1              -11.972682
    474 l14124                 1              -7.5028694
    500 l16100                 1              -4.1304912
    502 l16102                 1              -8.2597114
    504 l16104                 1              -7.8861078
    506 l16106                 1              -8.8122813
    507 l16107                 1              -5.1520352
    508 l16108                 1              -3.7641307
    509 l16109                 1             -0.86373809
    510 l16110                 1              -5.8380565
    511 l16111                 1              -7.5688216
    512 l16112                 1             -0.73454847
    513 l16113                 1              -2.7845413
    514 l16114                 1              -1.0583206
    515 l16115                 1              -12.800575
    516 l16116                 1               -11.32136
    517 l16117                 1              -5.8172942
    521 l16121                 1              -10.835429
    522 l16122        0.51267606          -8.8817842e-16
    524 l16124                 1              -6.4631167
    525 l17100                 1              -11.770874
    526 l17101                 1              -1.1903644
    527 l17102                 1              -10.363937
    529 l17104                 1              -5.9894331
    531 l17106                 1              -5.3836061
    532 l17107                 1              -1.2003802
    533 l17108                 1              -7.1740604
    534 l17109                 1              -9.7184203
    536 l17111                 1              -5.8252103
    537 l17112                 1              -2.1865917
    538 l17113                 1              -8.5748278
    539 l17114                 1              -3.1396832
    540 l17115                 1              -1.2647133
    541 l17116        0.35918367           3.5527137e-15
    542 l17117                 1             -0.62028357
    543 l17118                 1              -1.4989648
    544 l17119                 1              -1.6839032
    547 l17122                 1              -12.761419
    548 l17123                 1              -2.4228202
    575 l19100                 1              -6.5177131
    576 l19101                 1              -8.4526444
    577 l19102                 1              -4.9610717
    579 l19104                 1              -3.0051136
    580 l19105                 1              -5.0041989
    581 l19106                 1               -9.409666
    582 l19107          0.534375           1.7763568e-15
    583 l19108                 1              -3.8688328
    584 l19109                 1              -10.934683
    585 l19110                 1              -6.7884872
    587 l19112                 1              -13.899554
    590 l19115                 1               -2.099443
    591 l19116                 1              -13.072623
    592 l19117                 1              -6.9630536
    593 l19118        0.22857143                       0
    594 l19119                 1              -3.8294287
    596 l19121                 1              -11.396141
    597 l19122                 1              -2.9488335
    598 l19123                 1              -10.205032
    599 l19124                 1              -5.5639557
    600 l20100                 1              -4.7305886
    601 l20101                 1              -9.0870711
    603 l20103                 1              -8.0621487
    604 l20104                 1              -8.6994973
    606 l20106                 1               -3.235402
    607 l20107                 1              -4.2721723
    609 l20109                 1              -3.3129765
    610 l20110                 1              -8.1859184
    611 l20111        0.14893617          -3.5527137e-15
    612 l20112                 1              -7.9784394
    613 l20113                 1              -2.8488553
    615 l20115                 1             -0.44300452
    617 l20117                 1              -13.572226
    619 l20119                 1              -1.7409381
    620 l20120                 1              -4.3219398
    621 l20121                 1              -1.8087957
    622 l20122                 1              -11.183262
    624 l20124                 1             -0.16759269
    625 l21100                 1               -6.975002
    626 l21101                 1              -8.6244767
    627 l21102                 1              -8.7561468
    628 l21103                 1              -3.3817302
    630 l21105                 1              -10.848429
    631 l21106                 1              -4.3812569
    632 l21107                 1              -10.289883
    633 l21108                 1              -6.0959532
    634 l21109                 1              -1.5949115
    635 l21110       0.080519481           8.8817842e-16
    636 l21111        0.27526882          -1.7763568e-15
    637 l21112        0.37471264                       0
    638 l21113                 1              -1.2998009
    640 l21115                 1             -0.58347269
    642 l21117                 1              -6.6536108
    643 l21118                 1                -7.04133
    645 l21120                 1              -3.9888074
    646 l21121                 1              -2.5300174
    647 l21122                 1              -10.677448
    648 l21123                 1              -1.2327157
    649 l21124                 1              -10.496957
    650 l22100                 1              -13.784055
    651 l22101                 1              -1.7227224
    653 l22103              0.28          -8.8817842e-16
    654 l22104       0.085714286           1.7763568e-15
    655 l22105                 1              -1.5076063
    656 l22106                 1              -10.071399
    657 l22107        0.59666667           8.8817842e-16
    658 l22108                 1              -13.683768
    659 l22109                 1              -6.9226306
    660 l22110                 1              -13.381273
    661 l22111                 1              -14.525938
    662 l22112                 1              -7.6900324
    663 l22113                 1              -4.7140155
    665 l22115                 1              -3.7553264
    667 l22117                 1              -10.533644
    668 l22118                 1              -2.2638736
    670 l22120                 1              -12.799107
    671 l22121                 1              -9.6889386
    672 l22122                 1              -5.3285609
    673 l22123                 1              -11.581669
    674 l22124                 1              -5.3514217
    750 l26100                 1              -2.9388738
    751 l26101                 1              -2.8653531
    752 l26102                 1              -6.4808519
    755 l26105                 1              -9.5146592
    756 l26106        0.96666667          -8.8817842e-16
    758 l26108                 1              -2.3854295
    759 l26109                 1              -6.0182942
    761 l26111                 1              -5.0361486
    762 l26112                 1              -2.2134065
    763 l26113                 1              -11.246695
    765 l26115                 1              -9.6014836
    766 l26116                 1              -3.3878225
    767 l26117                 1              -4.3999426
    769 l26119                 1              -1.7496911
    770 l26120        0.35058824                       0
    771 l26121                 1              -12.141816
    772 l26122                 1              -12.670988
    773 l26123                 1              -13.413666
    774 l26124                 1              -5.0645376
    850 l30100                 1             -0.32507359
    851 l30101                 1              -8.7730885
    852 l30102                 1              -1.9484726
    853 l30103                 1              -2.7676881
    854 l30104                 1              -8.5527588
    857 l30107                 1              -3.5502087
    858 l30108                 1              -10.800733
    859 l30109        0.75526316                       0
    860 l30110                 1              -7.3860004
    861 l30111                 1               -6.346161
    864 l30114                 1              -11.016959
    867 l30117                 1              -4.8648109
    868 l30118                 1              -3.2948033
    869 l30119                 1              -3.3982722
    872 l30122                 1              -5.1605108
    873 l30123                 1              -12.995005
    874 l30124                 1              -4.4851719
    875 l31100                 1              -1.6328498
    877 l31102                 1              -1.6678026
    878 l31103                 1              -14.203692
    879 l31104                 1              -5.3586849
    881 l31106                 1              -2.4151881
    882 l31107                 1              -2.8902021
    883 l31108                 1              -2.2357914
    884 l31109                 1              -6.7576489
    885 l31110                 1              -8.2905287
    887 l31112                 1              -5.9368615
    888 l31113              0.15           2.6645353e-15
    889 l31114                 1              -13.864529
    890 l31115                 1              -11.812234
    891 l31116                 1              -7.3026202
    892 l31117        0.77419355           1.3322676e-15
    893 l31118                 1              -6.2749217
    894 l31119                 1              -5.7890859
    895 l31120                 1              -11.463999
    896 l31121                 1              -1.8998748
    899 l31124                 1              -12.872587
    925 l33100                 1               -13.36176
    927 l33102                 1              -9.9864672
    929 l33104                 1              -2.6371742
    930 l33105        0.16190476           2.7755576e-16
    931 l33106                 1             -0.21937017
    932 l33107                 1              -12.766757
    933 l33108                 1              -3.3201163
    935 l33110                 1              -9.3485128
    936 l33111                 1              -3.3683823
    938 l33113                 1              -2.5588803
    939 l33114                 1             -0.30587427
    940 l33115                 1              -2.8916834
    941 l33116                 1              -1.7664933
    944 l33119                 1              -2.9147091
    945 l33120                 1              -14.840701
    947 l33122                 1              -4.7210654
    948 l33123        0.68941176          -4.4408921e-16
    949 l33124                 1              -6.3491483
    975 l35100                 1              -11.513353
    976 l35101                 1              -12.839119
    978 l35103                 1               -4.557644
    981 l35106                 1              -1.7936683
    982 l35107                 1              -4.2621939
    983 l35108                 1              -2.7560344
    985 l35110                 1              -1.8121781
    986 l35111                 1              -3.4614185
    987 l35112                 1              -11.770479
    988 l35113                 1              -1.2522783
    989 l35114        0.86813187           2.6645353e-15
    990 l35115                 1              -3.4224011
    992 l35117                 1               -4.587637
    993 l35118                 1             -0.75151207
    994 l35119                 1              -6.5732227
    996 l35121                 1             -0.65131366
    997 l35122                 1              -13.857432
    998 l35123           0.33125          -8.8817842e-16
   1100 l40100                 1              -7.7265869
   1101 l40101                 1              -3.3063436
   1102 l40102                 1              -7.8789361
   1103 l40103                 1              -1.1953311
   1104 l40104                 1             -0.47446192
   1105 l40105                 1              -5.7280188
   1106 l40106                 1               -10.28574
   1107 l40107                 1              -7.8879755
   1108 l40108                 1              -8.3728197
   1110 l40110                 1             -0.25781723
   1112 l40112        0.22647059          -4.4408921e-16
   1114 l40114                 1              -7.1233991
   1115 l40115                 1              -4.1851651
   1117 l40117                 1              -7.0969939
   1118 l40118                 1             -0.82666625
   1119 l40119                 1              -7.4916892
   1120 l40120                 1              -8.0187331
   1122 l40122        0.90181818          -4.4408921e-16
   1124 l40124        0.41764706           -2.220446e-16
   1150 l42100        0.82077922           1.7763568e-15
   1151 l42101                 1              -1.2213135
   1153 l42103                 1             -0.80961449
   1155 l42105                 1              -2.2771048
   1156 l42106                 1              -2.6809086
   1157 l42107                 1              -13.465981
   1159 l42109                 1              -6.5240359
   1160 l42110                 1             -0.76195082
   1162 l42112                 1              -2.1205003
   1163 l42113                 1              -6.9824129
   1166 l42116                 1              -1.2240358
   1167 l42117                 1             -0.34058001
   1168 l42118                 1              -10.820916
   1169 l42119                 1              -8.9205883
   1170 l42120                 1              -9.0247292
   1172 l42122                 1              -4.9657115
   1173 l42123                 1              -11.015557
   1174 l42124                 1              -14.559316
   1225 l45100                 1              -6.2088971
   1228 l45103                 1              -5.0657549
   1229 l45104                 1             -0.87609333
   1230 l45105                 1               -1.512639
   1232 l45107                 1             -0.15920115
   1233 l45108                 1              -1.0470886
   1234 l45109                 1              -4.6013516
   1235 l45110                 1              -10.148823
   1236 l45111                 1              -4.1922749
   1237 l45112                 1              -4.8164975
   1238 l45113                 1            -0.093068701
   1240 l45115                 1              -8.6868353
   1242 l45117                 1             -0.67577404
   1243 l45118                 1              -10.254182
   1244 l45119                 1              -6.6722875
   1245 l45120        0.15217391                       0
   1246 l45121                 1              -2.6291376
   1248 l45123                 1              -2.1954765
   1249 l45124                 1              -6.6931801
   1275 l47100         0.3974026           1.7763568e-15
   1276 l47101                 1               -7.209021
   1277 l47102                 1              -7.5928893
   1279 l47104                 1              -2.6007215
   1280 l47105                 1             -0.65633378
   1282 l47107                 1               -9.701984
   1284 l47109                 1              -6.5109207
   1285 l47110                 1              -2.7603776
   1286 l47111         0.8212766          -3.5527137e-15
   1287 l47112                 1              -5.0065912
   1289 l47114                 1              -5.2172343
   1290 l47115                 1              -1.7302906
   1291 l47116                 1              -6.2240358
   1292 l47117                 1              -9.2424387
   1293 l47118                 1              -4.1621839
   1294 l47119                 1              -7.0746188
   1296 l47121                 1              -5.6597455
   1298 l47123                 1              -4.8135672
   1299 l47124                 1              -8.5486934
   1300 l48100                 1               -4.046591
   1301 l48101                 1              -3.8451128
   1302 l48102                 1              -3.4072957
   1304 l48104        0.64395604           -1.110223e-16
   1306 l48106                 1              -1.0901805
   1307 l48107                 1              -5.6961039
   1309 l48109                 1              -0.2589113
   1310 l48110                 1              -13.936925
   1311 l48111                 1            -0.092229241
   1312 l48112                 1              -8.4043181
   1314 l48114                 1              -1.4015793
   1315 l48115                 1              -2.4669304
   1317 l48117                 1              -10.483913
   1318 l48118                 1              -5.5955919
   1319 l48119                 1              -3.8813474
   1320 l48120                 1             -0.82578011
   1321 l48121                 1              -3.6518818
   1323 l48123                 1              -1.7463426
   1324 l48124                 1              -1.6385297
   1425 l53100                 1              -7.8177763
   1426 l53101                 1              -1.6817733
   1429 l53104                 1              -1.0495158
   1430 l53105                 1              -7.8431209
   1431 l53106                 1               -1.007372
   1432 l53107                 1              -1.3464209
   1434 l53109                 1              -5.4773682
   1435 l53110                 1              -1.2442463
   1438 l53113                 1              -1.9286808
   1441 l53116                 1             -0.59661836
   1442 l53117                 1              -2.8300366
   1443 l53118        0.62222222                       0
   1445 l53120                 1              -7.4137858
   1446 l53121                 1              -5.6871343
   1447 l53122                 1              -7.1024249
   1448 l53123                 1              -11.059098
   1449 l53124                 1              -9.0946086
   1450 l54100                 1              -4.0704995
   1451 l54101       0.092307692           8.8817842e-16
   1452 l54102                 1              -2.0398639
   1454 l54104                 1              -2.6293691
   1455 l54105                 1              -2.6136331
   1456 l54106                 1              -6.7593132
   1459 l54109                 1             -0.22401208
   1460 l54110                 1               -5.764217
   1462 l54112                 1              -11.165737
   1464 l54114                 1              -9.6572531
   1465 l54115                 1                -3.55852
   1466 l54116                 1              -8.5360651
   1467 l54117                 1              -10.623078
   1468 l54118                 1             -0.88198221
   1469 l54119                 1              -7.2094355
   1470 l54120                 1              -10.849603
   1471 l54121                 1              -10.222945
   1472 l54122                 1              -10.896221
   1473 l54123                 1              -4.9281374
   1474 l54124                 1              -11.652377
   1475 l55100                 1              -7.0870699
   1476 l55101                 1               -12.32834
   1477 l55102                 1              -5.3500588
   1478 l55103                 1             -0.60325142
   1480 l55105        0.51594203           2.6645353e-15
   1481 l55106                 1              -2.5560811
   1484 l55109                 1              -8.7330253
   1485 l55110                 1              -1.8968623
   1486 l55111                 1              -0.5472973
   1487 l55112                 1               -9.938866
   1488 l55113                 1              -1.5810811
   1489 l55114                 1               -1.092105
   1491 l55116                 1              -0.3848136
   1492 l55117                 1              -7.2857975
   1494 l55119                 1              -2.6377991
   1495 l55120                 1              -2.5538753
   1496 l55121                 1              -6.2956406
   1497 l55122                 1              -11.786225
   1499 l55124                 1           -0.0066309248
   1500 l56100                 1              -2.9817415
   1501 l56101                 1              -5.3333417
   1502 l56102                 1                -3.61203
   1503 l56103                 1              -4.3903118
   1505 l56105                 1             -0.11578654
   1506 l56106                 1              -3.9565306
   1510 l56110                 1              -10.861114
   1511 l56111                 1              -6.0887412
   1512 l56112                 1              -7.6606087
   1514 l56114                 1              -7.2817472
   1515 l56115                 1              -2.9059001
   1516 l56116                 1              -6.9127548
   1517 l56117                 1              -6.7109676
   1518 l56118                 1              -4.3235707
   1519 l56119        0.85681818                       0
   1520 l56120                 1              -2.5643126
   1521 l56121                 1              -3.4446015
   1522 l56122                 1              -10.508824
   1550 l58100                 1              -8.0468716
   1551 l58101                 1              -1.9932051
   1556 l58106                 1              -8.9944165
   1557 l58107                 1              -10.596728
   1558 l58108                 1             -0.37044575
   1559 l58109                 1              -1.9630299
   1560 l58110        0.27916667           8.8817842e-16
   1563 l58113                 1               -14.46011
   1564 l58114                 1              -5.7195296
   1565 l58115                 1            -0.011848596
   1566 l58116                 1              -1.3285071
   1567 l58117                 1              -7.7237842
   1568 l58118                 1              -2.6208945
   1570 l58120                 1              -6.1166007
   1571 l58121                 1               -4.438002
   1572 l58122                 1              -6.8822584
   1573 l58123                 1              -3.1600657
   1574 l58124                 1              -1.0976883
   1650 l62100        0.35333333           8.8817842e-16
   1651 l62101                 1              -11.658318
   1652 l62102                 1              -3.9360129
   1653 l62103                 1              -7.9631264
   1654 l62104                 1              -5.9130772
   1655 l62105                 1              -3.5004334
   1656 l62106                 1              -3.5122134
   1657 l62107                 1              -3.9909989
   1658 l62108                 1              -4.2045726
   1659 l62109                 1              -7.4584036
   1660 l62110                 1              -9.5372474
   1661 l62111                 1              -1.7677259
   1662 l62112                 1              -3.2610204
   1663 l62113                 1              -3.8879521
   1665 l62115                 1              -13.105459
   1667 l62117                 1              -9.4883887
   1668 l62118                 1              -2.6541541
   1674 l62124                 1              -1.5481097
   1675 l63100                 1              -3.3508065
   1676 l63101                 1                -3.05067
   1677 l63102         0.2755102           1.7763568e-15
   1678 l63103                 1              -11.518131
   1679 l63104                 1              -6.9271217
   1680 l63105                 1              -7.7012934
   1681 l63106                 1              -3.2945262
   1682 l63107                 1              -7.8157141
   1683 l63108                 1              -10.811414
   1684 l63109                 1              -0.9614006
   1685 l63110                 1                -0.88935
   1686 l63111                 1              -4.9507445
   1690 l63115                 1              -2.5298683
   1691 l63116                 1               -3.249248
   1692 l63117                 1              -11.680317
   1694 l63119                 1              -6.2752915
   1696 l63121                 1              -6.1849273
   1699 l63124                 1              -10.073601
   1700 l64100                 1              -1.7805315
   1702 l64102                 1              -4.6605405
   1703 l64103                 1              -6.3444583
   1704 l64104                 1              -6.1843926
   1705 l64105             0.925           8.8817842e-16
   1707 l64107                 1              -12.735772
   1708 l64108                 1             -0.77433316
   1710 l64110                 1              -6.9946884
   1711 l64111                 1              -6.0386677
   1712 l64112                 1              -9.7205365
   1713 l64113         0.1972973           4.4408921e-16
   1715 l64115                 1              -11.821168
   1717 l64117                 1              -13.807513
   1719 l64119                 1             -0.94582911
   1720 l64120                 1              -3.0792632
   1721 l64121                 1              -7.1922335
   1722 l64122                 1              -5.1158946
   1723 l64123                 1              -6.4002101
   1724 l64124                 1              -5.5088972
   1725 l65100                 1              -12.505062
   1726 l65101                 1              -10.958087
   1728 l65103                 1              -5.3798952
   1729 l65104                 1              -10.048006
   1731 l65106                 1              -3.4644933
   1732 l65107                 1              -5.9010275
   1734 l65109                 1              -11.222052
   1735 l65110                 1              -2.6396313
   1736 l65111        0.40266667                       0
   1737 l65112                 1               -9.621535
   1738 l65113                 1              -4.9227144
   1739 l65114                 1              -1.8899918
   1740 l65115                 1              -4.2688245
   1741 l65116                 1              -11.196181
   1742 l65117                 1              -11.062726
   1745 l65120                 1              -11.494492
   1746 l65121                 1               -1.205572
   1747 l65122                 1              -4.2451851
   1748 l65123                 1              -0.6815009
   1749 l65124                 1              -6.4434038
   1750 l66100                 1              -0.2132384
   1751 l66101                 1              -7.6314554
   1753 l66103                 1              -1.9081156
   1754 l66104                 1             -0.56065676
   1755 l66105                 1              -4.1608432
   1756 l66106                 1              -9.3750233
   1757 l66107                 1              -5.9896538
   1759 l66109                 1              -6.0389672
   1761 l66111                 1              -11.629474
   1762 l66112                 1              -9.7056132
   1763 l66113                 1               -8.845705
   1764 l66114                 1            -0.022845631
   1765 l66115                 1               -12.44992
   1768 l66118                 1              -5.0101876
   1769 l66119                 1              -1.6120483
   1770 l66120                 1              -13.866425
   1771 l66121        0.35774648                       0
   1773 l66123                 1              -4.5582092
   1800 l68100                 1              -2.7259204
   1801 l68101                 1              -4.3501115
   1803 l68103                 1              -14.201029
   1804 l68104                 1              -1.8051336
   1806 l68106                 1             -0.62954494
   1807 l68107                 1              -7.9934759
   1808 l68108        0.21111111          -3.3306691e-16
   1809 l68109                 1              -5.5376577
   1813 l68113        0.25882353          -1.0547119e-15
   1814 l68114                 1              -2.6369859
   1815 l68115                 1              -7.5054838
   1816 l68116                 1              -4.3818178
   1818 l68118                 1              -7.7557237
   1819 l68119                 1              -4.2440088
   1820 l68120                 1              -12.975248
   1821 l68121        0.79361702                       0
   1822 l68122                 1              -1.2162689
   1823 l68123                 1              -2.9624688
   1824 l68124                 1              -5.6747378
   1825 l69100                 1              -9.9703235
   1826 l69101                 1             -0.39322185
   1827 l69102        0.80571429           8.8817842e-16
   1828 l69103                 1              -9.1620859
   1829 l69104                 1              -11.874022
   1833 l69108                 1              -7.1042098
   1834 l69109                 1              -12.901232
   1835 l69110                 1              -3.1338296
   1837 l69112                 1              -10.494435
   1841 l69116                 1              -5.7899033
   1842 l69117                 1              -4.2461217
   1843 l69118                 1              -13.279909
   1844 l69119                 1              -1.9174647
   1845 l69120                 1              -2.0210954
   1846 l69121                 1              -5.0138957
   1847 l69122                 1              -1.0229861
   1848 l69123                 1              -2.3336907
   1849 l69124                 1              -14.904257
   1850 l70100                 1              -5.2596293
   1852 l70102        0.31232877           8.8817842e-16
   1853 l70103                 1              -6.9289635
   1855 l70105                 1              -0.1943669
   1856 l70106                 1              -11.936926
   1858 l70108                 1              -8.9137683
   1859 l70109                 1              -11.790449
   1860 l70110                 1              -2.2446747
   1862 l70112                 1               -4.218803
   1863 l70113                 1              -3.4473825
   1864 l70114                 1              -12.809553
   1865 l70115                 1              -6.4781737
   1868 l70118                 1              -3.2850854
   1869 l70119                 1               -8.959382
   1870 l70120                 1              -8.2164899
   1871 l70121                 1              -7.9409312
   1872 l70122                 1              -4.2037909
   1874 l70124                 1              -11.926747
   1950 l74100                 1             -0.05719707
   1951 l74101                 1              -8.1908993
   1952 l74102                 1              -4.8474115
   1953 l74103                 1              -6.9114833
   1954 l74104                 1              -13.527273
   1956 l74106                 1              -7.6492333
   1957 l74107       0.065454545           4.4408921e-16
   1958 l74108                 1              -6.6147213
   1959 l74109                 1              -4.4384913
   1960 l74110                 1              -1.4194004
   1964 l74114                 1              -5.0531093
   1965 l74115                 1              -9.2971738
   1967 l74117                 1              -8.2324495
   1968 l74118                 1               -8.182786
   1969 l74119                 1              -2.8609028
   1970 l74120                 1              -8.3209144
   1971 l74121                 1              -2.3198543
   1972 l74122                 1              -9.8332961
   1974 l74124                 1              -9.2439091
   2000 l76100                 1              -4.3123043
   2001 l76101                 1              -3.9737586
   2003 l76103                 1              -6.9331205
   2006 l76106                 1              -1.7360366
   2007 l76107                 1              -8.0524966
   2008 l76108                 1               -7.575396
   2009 l76109                 1              -11.480632
   2010 l76110                 1              -2.0335522
   2012 l76112                 1              -8.8292865
   2014 l76114                 1               -9.025386
   2015 l76115        0.75223881           1.7763568e-15
   2017 l76117                 1              -4.7350643
   2018 l76118                 1              -4.4476782
   2019 l76119                 1              -11.812144
   2020 l76120                 1              -5.4578731
   2022 l76122                 1              -3.7799021
   2023 l76123                 1               -3.193932
   2024 l76124                 1              -11.488511
   2025 l77100                 1              -2.4344496
   2026 l77101                 1              -7.9414371
   2027 l77102        0.10133333          -1.7763568e-15
   2028 l77103                 1              -3.1785661
   2029 l77104                 1             -0.19200062
   2030 l77105                 1              -6.1587838
   2031 l77106                 1              -1.9251029
   2033 l77108                 1              -6.3523671
   2034 l77109                 1              -6.9498039
   2037 l77112                 1              -9.5581769
   2038 l77113       0.016216216           8.8817842e-16
   2039 l77114                 1               -5.100129
   2040 l77115                 1              -7.9008376
   2042 l77117                 1              -9.9973466
   2043 l77118                 1              -4.8399853
   2044 l77119                 1              -4.4872595
   2045 l77120                 1              -6.0468299
   2046 l77121                 1               -2.978419
   2047 l77122                 1              -1.7199836
   2049 l77124                 1              -2.8113144
   2075 l79100                 1             -0.99307079
   2076 l79101                 1               -4.586515
   2077 l79102                 1             -0.82538028
   2079 l79104                 1              -5.6253589
   2080 l79105                 1              -3.5216096
   2082 l79107        0.78947368                       0
   2083 l79108                 1              -6.3246503
   2084 l79109                 1              -1.9866945
   2085 l79110                 1              -11.529223
   2086 l79111                 1               -5.442965
   2090 l79115                 1              -2.7601235
   2091 l79116                 1              -3.7620258
   2092 l79117                 1              -2.0061707
   2093 l79118                 1              -8.3010591
   2094 l79119                 1              -6.1204537
   2097 l79122                 1              -7.4490319
   2098 l79123                 1              -1.5809959
   2099 l79124         0.8137931           1.7763568e-15
   2175 l83100                 1              -9.4153176
   2179 l83104                 1              -0.6118719
   2180 l83105                 1              -6.8621964
   2181 l83106                 1              -7.2158769
   2182 l83107                 1              -9.6095601
   2183 l83108                 1             -0.96346818
   2184 l83109                 1              -11.562816
   2186 l83111                 1              -9.8261095
   2187 l83112                 1              -8.2194003
   2190 l83115        0.83541667                       0
   2191 l83116                 1              -2.5841197
   2192 l83117                 1              -2.9139055
   2193 l83118                 1              -14.339949
   2194 l83119                 1              -3.8661155
   2196 l83121                 1              -9.7373443
   2197 l83122                 1              -2.5107036
   2199 l83124                 1              -3.9808563
   2200 l84100                 1              -11.376946
   2201 l84101              0.96           8.8817842e-16
   2202 l84102                 1              -11.051241
   2204 l84104                 1             -0.98916121
   2205 l84105                 1              -9.3238988
   2206 l84106                 1             -0.32302293
   2207 l84107                 1              -14.624998
   2208 l84108                 1              -8.4469736
   2211 l84111                 1              -1.0724764
   2212 l84112                 1              -3.8733011
   2214 l84114                 1               -4.194592
   2218 l84118                 1               -8.230765
   2219 l84119                 1              -2.1764409
   2220 l84120                 1              -2.3756857
   2221 l84121                 1              -1.8158307
   2222 l84122                 1              -6.2829286
   2223 l84123                 1             -0.20709741
   2224 l84124                 1              -7.2690757
   2275 l87100                 1              -8.6000633
   2276 l87101                 1              -4.2099252
   2277 l87102                 1             -0.59374851
   2279 l87104                 1             -0.19356061
   2280 l87105                 1              -5.9896638
   2281 l87106                 1              -9.8841411
   2282 l87107        0.79583333                       0
   2283 l87108                 1              -9.8002132
   2285 l87110                 1              -6.3761655
   2286 l87111                 1              -7.3396951
   2287 l87112                 1              -9.4985143
   2288 l87113                 1              -10.690912
   2289 l87114                 1              -4.0486553
   2294 l87119                 1              -5.7789331
   2295 l87120                 1           -0.0095722772
   2297 l87122                 1              -1.2458702
   2299 l87124                 1              -7.2643489
   2300 l88100                 1              -5.5973832
   2301 l88101                 1              -6.9347787
   2302 l88102                 1              -1.3632188
   2304 l88104                 1              -13.104865
   2306 l88106        0.16610169          -4.4408921e-16
   2307 l88107                 1             -0.59923095
   2308 l88108                 1              -9.4583921
   2309 l88109                 1              -1.5779136
   2310 l88110                 1              -3.1899071
   2311 l88111                 1              -1.3223874
   2313 l88113                 1              -7.3561493
   2315 l88115                 1              -3.4829765
   2317 l88117                 1              -13.742275
   2318 l88118                 1              -6.3757265
   2319 l88119                 1              -4.2621891
   2320 l88120                 1              -9.0179462
   2322 l88122                 1              -13.865404
   2324 l88124                 1              -6.1311558
   2325 l89100                 1             -0.59696741
   2327 l89102                 1              -3.1660678
   2328 l89103                 1              -2.4140597
   2329 l89104                 1                -3.34559
   2330 l89105                 1              -6.7935067
   2331 l89106                 1              -4.1319511
   2333 l89108                 1              -9.9859828
   2334 l89109                 1              -14.549061
   2335 l89110                 1              -12.563056
   2336 l89111                 1              -4.2123654
   2338 l89113                 1              -14.853418
   2340 l89115                 1              -2.0792718
   2341 l89116                 1          -1.7763568e-15
   2342 l89117                 1              -8.7093853
   2343 l89118                 1              -2.8094532
   2344 l89119                 1               -7.338928
   2348 l89123                 1              -4.5622655
   2349 l89124                 1              -7.4360023
   2350 l90100                 1              -11.234826
   2351 l90101                 1              -4.0563978
   2353 l90103                 1              -2.0545844
   2354 l90104                 1              -4.9180045
   2355 l90105                 1               -13.41552
   2356 l90106                 1            -0.031068401
   2358 l90108                 1              -12.789575
   2359 l90109                 1               -9.503775
   2361 l90111                 1             -0.68847431
   2362 l90112                 1              -5.0144578
   2363 l90113                 1              -7.8598497
   2365 l90115                 1              -0.1430575
   2366 l90116       0.066666667           4.4408921e-16
   2368 l90118        0.36231884           2.6645353e-15
   2369 l90119                 1              -7.8189561
   2370 l90120                 1              -8.1454837
   2372 l90122                 1              -2.0714946
   2373 l90123                 1              -10.911318
   2400 l92100                 1              -3.7756046
   2401 l92101                 1              -5.7408758
   2402 l92102        0.12325581                       0
   2403 l92103                 1              -10.042936
   2404 l92104                 1              -11.226655
   2406 l92106                 1             -0.88634162
   2409 l92109                 1              -11.761806
   2410 l92110                 1              -9.5978961
   2411 l92111                 1              -6.9630046
   2412 l92112                 1              -1.1378916
   2413 l92113                 1              -9.9245757
   2414 l92114                 1              -5.9814893
   2415 l92115                 1              -0.4647431
   2417 l92117                 1              -3.3472666
   2418 l92118                 1             -0.36462842
   2419 l92119        0.67843137          -1.3322676e-15
   2420 l92120                 1              -2.6471797
   2421 l92121                 1              -7.5071864
   2425 l93100                 1              -10.213031
   2426 l93101                 1              -2.2542933
   2427 l93102                 1              -1.7049543
   2428 l93103                 1              -8.0140318
   2429 l93104                 1              -2.3940204
   2431 l93106                 1              -8.8070813
   2434 l93109                 1             -0.78170632
   2435 l93110                 1              -8.8504981
   2437 l93112                 1               -6.684746
   2439 l93114                 1              -2.4161304
   2440 l93115        0.82105263                       0
   2442 l93117                 1              -3.8153467
   2444 l93119                 1               -1.650704
   2445 l93120                 1              -4.5654456
   2446 l93121                 1              -10.729731
   2449 l93124                 1              -2.1941208
   2450 l94100                 1              -4.0369623
   2451 l94101                 1              -5.9725791
   2453 l94103                 1              -10.951143
   2454 l94104                 1              -3.7551282
   2455 l94105                 1              -10.295999
   2457 l94107                 1              -13.322185
   2458 l94108                 1              -5.4168525
   2459 l94109                 1              -1.2499278
   2461 l94111        0.46666667                       0
   2462 l94112                 1              -9.4832036
   2463 l94113                 1              -6.7833915
   2465 l94115                 1              -2.4090857
   2466 l94116                 1              -3.8958808
   2468 l94118                 1              -8.4273554
   2469 l94119                 1              -6.5202894
   2470 l94120                 1              -1.3642456
   2471 l94121                 1              -8.9092294
   2472 l94122                 1              -1.1806666
   2474 l94124                 1              -7.7807259
   2500 l96100                 1              -2.8523064
   2501 l96101                 1              -10.003755
   2502 l96102         0.5025641           1.7763568e-15
   2503 l96103                 1              -12.388791
   2504 l96104                 1             -0.21477095
   2505 l96105                 1              -7.9186175
   2508 l96108                 1              -7.3610341
   2509 l96109                 1              -14.858643
   2510 l96110                 1              -1.7740449
   2512 l96112                 1              -10.603382
   2513 l96113                 1               -4.814553
   2517 l96117                 1              -2.7898113
   2518 l96118                 1              -5.9224392
   2519 l96119                 1             -0.76610895
   2520 l96120                 1              -3.0870294
   2522 l96122                 1              -7.7448238
   2523 l96123                 1              -3.2253416
   2524 l96124                 1              -10.867717
