Stopped on time - objective value -15000.00000000
      0 pse_X_0_x                                5                       0
      1 pse_X_0_y                              145                       0
      2 pse_X_0_z                                5                       0
      3 pse_X_1_x                                5                       0
      4 pse_X_1_y                               75                       0
      5 pse_X_1_z                                5                       0
      6 pse_X_2_x                                5                       0
      7 pse_X_2_y                               95                       0
      8 pse_X_2_z                                5                       0
      9 C9                                       5                       0
     10 C10                                    125                       0
     11 C11                                      5                       0
     12 C12                                      5                       0
     13 C13                                     35                       0
     14 C14                                      5                       0
     15 C15                                      5                       0
     16 C16                                     25                       0
     17 C17                                      5                       0
     18 C18                                      5                       0
     19 C19                                      5                       0
     20 C20                                      5                       0
     21 C21                                      5                       0
     22 C22                                     55                       0
     23 C23                                      5                       0
     24 C24                                      5                       0
     25 C25                                    115                       0
     26 C26                                      5                       0
     27 C27                                      5                       0
     28 C28                                    105                       0
     29 C29                                      5                       0
     30 C30                                      5                       0
     31 C31                                     45                       0
     32 C32                                      5                       0
     33 C33                                      5                       0
     34 C34                                    135                       0
     35 C35                                      5                       0
     39 C39                                      5                       0
     40 C40                                     65                       0
     41 C41                                      5                       0
     42 C42                                      5                       0
     43 C43                                     15                       0
     44 C44                                      5                       0
     45 C45                                      5                       0
     46 C46                                     85                       0
     47 C47                                      5                       0
    146 delta_0_0_2                              1                       0
    148 delta_0_1_1                              1                       0
    150 delta_0_2_0                              1                       0
    153 delta_1_0_0                              1                       0
    158 delta_1_1_2                              1                       0
    160 delta_1_2_1                              1                       0
    164 delta_2_0_2                              1                       0
    165 delta_2_1_0                              1                       0
    169 delta_2_2_1                              1                       0
    172 delta_3_0_1                              1                       0
    174 delta_3_1_0                              1                       0
    179 delta_3_2_2                              1                       0
    181 delta_4_0_1                              1                       0
    183 delta_4_1_0                              1                       0
    188 delta_4_2_2                              1                       0
    189 delta_5_0_0                              1                       0
    193 delta_5_1_1                              1                       0
    197 delta_5_2_2                              1                       0
    198 delta_6_0_0                              1                       0
    202 delta_6_1_1                              1                       0
    206 delta_6_2_2                              1                       0
    208 delta_7_0_1                              1                       0
    210 delta_7_1_0                              1                       0
    215 delta_7_2_2                              1                       0
    218 delta_8_0_2                              1                       0
    219 delta_8_1_0                              1                       0
    223 delta_8_2_1                              1                       0
    227 delta_9_0_2                              1                       0
    228 delta_9_1_0                              1                       0
    232 delta_9_2_1                              1                       0
    236 delta_10_0_2                             1                       0
    237 delta_10_1_0                             1                       0
    241 delta_10_2_1                             1                       0
    245 delta_11_0_2                             1                       0
    247 delta_11_1_1                             1                       0
    249 delta_11_2_0                             1                       0
    262 delta_13_0_1                             1                       0
    266 delta_13_1_2                             1                       0
    267 delta_13_2_0                             1                       0
    270 delta_14_0_0                             1                       0
    274 delta_14_1_1                             1                       0
    278 delta_14_2_2                             1                       0
    281 delta_15_0_2                             1                       0
    282 delta_15_1_0                             1                       0
    286 delta_15_2_1                             1                       0
    292 lambda_0_1_1                             1                       0
    295 lambda_0_2_1                             1                       0
    298 lambda_0_3_1                             1                       0
    301 lambda_0_4_1                             1                       0
    304 lambda_0_5_1                             1                       0
    307 lambda_0_6_1                             1                       0
    310 lambda_0_7_1                             1                       0
    313 lambda_0_8_1                             1                       0
    316 lambda_0_9_1                             1                       0
    319 lambda_0_10_1                            1                       0
    322 lambda_0_11_1                            1                       0
    328 lambda_0_13_1                            1                       0
    331 lambda_0_14_1                            1                       0
    334 lambda_0_15_1                            1                       0
    349 lambda_1_4_1                             1                       0
    352 lambda_1_5_1                             1                       0
    355 lambda_1_6_1                             1                       0
    358 lambda_1_7_1                             1                       0
    367 lambda_1_10_1                            1                       0
    376 lambda_1_13_1                            1                       0
    379 lambda_1_14_1                            1                       0
    388 lambda_2_1_1                             1                       0
    397 lambda_2_4_1                             1                       0
    400 lambda_2_5_1                             1                       0
    403 lambda_2_6_1                             1                       0
    406 lambda_2_7_1                             1                       0
    415 lambda_2_10_1                            1                       0
    424 lambda_2_13_1                            1                       0
    427 lambda_2_14_1                            1                       0
    430 lambda_2_15_1                            1                       0
    436 lambda_3_1_1                             1                       0
    439 lambda_3_2_1                             1                       0
    445 lambda_3_4_1                             1                       0
    448 lambda_3_5_1                             1                       0
    451 lambda_3_6_1                             1                       0
    454 lambda_3_7_1                             1                       0
    457 lambda_3_8_1                             1                       0
    460 lambda_3_9_1                             1                       0
    463 lambda_3_10_1                            1                       0
    472 lambda_3_13_1                            1                       0
    475 lambda_3_14_1                            1                       0
    478 lambda_3_15_1                            1                       0
    496 lambda_4_5_1                             1                       0
    499 lambda_4_6_1                             1                       0
    523 lambda_4_14_1                            1                       0
    547 lambda_5_6_1                             1                       0
    571 lambda_5_14_1                            1                       0
    637 lambda_7_4_1                             1                       0
    640 lambda_7_5_1                             1                       0
    643 lambda_7_6_1                             1                       0
    655 lambda_7_10_1                            1                       0
    667 lambda_7_14_1                            1                       0
    676 lambda_8_1_1                             1                       0
    679 lambda_8_2_1                             1                       0
    685 lambda_8_4_1                             1                       0
    688 lambda_8_5_1                             1                       0
    691 lambda_8_6_1                             1                       0
    694 lambda_8_7_1                             1                       0
    700 lambda_8_9_1                             1                       0
    703 lambda_8_10_1                            1                       0
    712 lambda_8_13_1                            1                       0
    715 lambda_8_14_1                            1                       0
    718 lambda_8_15_1                            1                       0
    724 lambda_9_1_1                             1                       0
    727 lambda_9_2_1                             1                       0
    733 lambda_9_4_1                             1                       0
    736 lambda_9_5_1                             1                       0
    739 lambda_9_6_1                             1                       0
    742 lambda_9_7_1                             1                       0
    751 lambda_9_10_1                            1                       0
    760 lambda_9_13_1                            1                       0
    763 lambda_9_14_1                            1                       0
    766 lambda_9_15_1                            1                       0
    781 lambda_10_4_1                            1                       0
    784 lambda_10_5_1                            1                       0
    787 lambda_10_6_1                            1                       0
    811 lambda_10_14_1                           1                       0
    820 lambda_11_1_1                            1                       0
    823 lambda_11_2_1                            1                       0
    826 lambda_11_3_1                            1                       0
    829 lambda_11_4_1                            1                       0
    832 lambda_11_5_1                            1                       0
    835 lambda_11_6_1                            1                       0
    838 lambda_11_7_1                            1                       0
    841 lambda_11_8_1                            1                       0
    844 lambda_11_9_1                            1                       0
    847 lambda_11_10_1                           1                       0
    856 lambda_11_13_1                           1                       0
    859 lambda_11_14_1                           1                       0
    862 lambda_11_15_1                           1                       0
    925 lambda_13_4_1                            1                       0
    928 lambda_13_5_1                            1                       0
    931 lambda_13_6_1                            1                       0
    934 lambda_13_7_1                            1                       0
    943 lambda_13_10_1                           1                       0
    955 lambda_13_14_1                           1                       0
    979 lambda_14_6_1                            1                       0
   1012 lambda_15_1_1                            1                       0
   1021 lambda_15_4_1                            1                       0
   1024 lambda_15_5_1                            1                       0
   1027 lambda_15_6_1                            1                       0
   1030 lambda_15_7_1                            1                       0
   1039 lambda_15_10_1                           1                       0
   1048 lambda_15_13_1                           1                       0
   1051 lambda_15_14_1                           1                       0
   1056 C416472                                  1                   -1000
   1057 C416474                                  1                   -1000
   1058 C416477                                  1                   -1000
   1059 C416481                                  1                   -1000
   1060 C416486                                  1                   -1000
   1061 C416492                                  1                   -1000
   1062 C416499                                  1                   -1000
   1063 C416507                                  1                   -1000
   1064 C416516                                  1                   -1000
   1065 C416526                                  1                   -1000
   1066 C416537                                  1                   -1000
   1067 C416549                                  1                   -1000
   1069 C416576                                  1                   -1000
   1070 C416591                                  1                   -1000
   1071 C416607                                  1                   -1000
