Stopped on time - objective value 38.00000000
    468 x469                   1                       1
    486 x487                   1                       1
    493 x494                   1                       1
    569 x570                   1                       1
    608 x609                   1                       1
    612 x613                   1                       1
    613 x614                   1                       1
    614 x615                   1                       1
    616 x617                   1                       1
    618 x619                   1                       1
    619 x620                   1                       1
    621 x622                   1                       1
    622 x623                   1                       1
    628 x629                   1                       1
    630 x631                   1                       1
    635 x636                   1                       1
    638 x639                   1                       1
    655 x656                   1                       1
    657 x658                   1                       1
    662 x663                   1                       1
    664 x665                   1                       1
    667 x668                   1                       1
    673 x674                   1                       1
    678 x679                   1                       1
    683 x684                   1                       1
    684 x685                   1                       1
    693 x694                   1                       1
    695 x696                   1                       1
    701 x702                   1                       1
    706 x707                   1                       1
    709 x710                   1                       1
    719 x720                   1                       1
    725 x726                   1                       1
    730 x731                   1                       1
    731 x732                   1                       1
    744 x745                   1                       1
    750 x751                   1                       1
    755 x756                   1                       1
