Stopped on time - objective value -2.00000000
      0 C0001              17057                       0
      1 C0002              11122                       0
      2 C0003              60110                       0
      3 C0004          11097.803                       0
      4 C0005              60061                       0
      5 C0006              60046                       0
      6 C0007          11116.893                       0
      7 C0008              60088                       0
      8 C0009              11125                       0
      9 C0010              16976                       0
     10 C0011              12762                       0
     11 C0012              52539                       0
     12 C0013             101351                       0
     13 C0014             141118                       0
     14 C0015             190046                       0
     15 C0016             229830                       0
     16 C0017              12756                       0
     17 C0018              52569                       0
     18 C0019              95590                       0
     19 C0020             184147                       0
     20 C0021             223820                       0
     21 C0022              17069                       0
     22 C0023              11138                       0
     23 C0024              60124                       0
     24 C0025          11115.803                       0
     25 C0026              60079                       0
     26 C0027              60059                       0
     27 C0028          11132.893                       0
     28 C0029              60103                       0
     29 C0030              11139                       0
     30 C0031              16994                       0
     31 C0032              12792                       0
     32 C0033              52569                       0
     33 C0034             101381                       0
     34 C0035             141166                       0
     35 C0036             190076                       0
     36 C0037             229860                       0
     37 C0038              12786                       0
     38 C0039              52599                       0
     39 C0040              95620                       0
     40 C0041             184177                       0
     41 C0042             223850                       0
     42 C0043             44.938                       0
     43 C0044              42.85                       0
     44 C0045          42.736002                       0
     45 C0046          18.653468                       0
     46 C0047          44.744003                       0
     47 C0048          38.187999                       0
     48 C0049          37.742556                       0
     49 C0050          40.702001                       0
     50 C0051             44.539                       0
     51 C0052             41.528                       0
     52 C0053          -23993.15                       0
     53 C0054         -41374.543                       0
     54 C0055         -90126.543                       0
     55 C0056          -99724.15                       0
     56 C0057          -50874.15                       0
     57 C0058          -11150.15                       0
     58 C0059         -1621.5431                       0
     59 C0060         -41374.543                       0
     60 C0061         -106821.15                       0
     61 C0062          -56743.15                       0
     62 C0063          -17130.15                       0
     64 C0065             223984                       0
     65 C0066             272972                       0
     66 C0067           223959.8                       0
     67 C0068             272923                       0
     68 C0069             272908                       0
     69 C0070          223978.89                       0
     70 C0071             272950                       0
     71 C0072             223987                       0
     72 C0073             229838                       0
     73 C0074             225634                       0
     74 C0075             265411                       0
     75 C0076             314223                       0
     76 C0077             353990                       0
     77 C0078             402918                       0
     78 C0079             442702                       0
     79 C0080             225628                       0
     80 C0081             265441                       0
     81 C0082             308462                       0
     82 C0083             397019                       0
     83 C0084             436692                       0
     84 C0085             235850                       0
     86 C0087             278903                       0
     87 C0088           229890.8                       0
     88 C0089             278854                       0
     89 C0090             278839                       0
     90 C0091          229909.89                       0
     91 C0092             278881                       0
     92 C0093             229918                       0
     93 C0094             235769                       0
     94 C0095             231565                       0
     95 C0096             271342                       0
     96 C0097             320154                       0
     97 C0098             359921                       0
     98 C0099             408849                       0
     99 C0100             448633                       0
    100 C0101             231559                       0
    101 C0102             271372                       0
    102 C0103             314393                       0
    103 C0104             402950                       0
    104 C0105             442623                       0
    105 C0106             186864                       0
    106 C0107             180929                       0
    108 C0109           180904.8                       0
    109 C0110             229868                       0
    110 C0111             229853                       0
    111 C0112          180923.89                       0
    112 C0113             229895                       0
    113 C0114             180932                       0
    114 C0115             186783                       0
    115 C0116             182579                       0
    116 C0117             222356                       0
    117 C0118             271168                       0
    118 C0119             310935                       0
    119 C0120             359863                       0
    120 C0121             399647                       0
    121 C0122             182573                       0
    122 C0123             222386                       0
    123 C0124             265407                       0
    124 C0125             353964                       0
    125 C0126             393637                       0
    126 C0127           235872.2                       0
    127 C0128           229937.2                       0
    128 C0129           278925.2                       0
    130 C0131           278876.2                       0
    131 C0132           278861.2                       0
    132 C0133          229932.09                       0
    133 C0134           278903.2                       0
    134 C0135           229940.2                       0
    135 C0136           235791.2                       0
    136 C0137           231587.2                       0
    137 C0138           271364.2                       0
    138 C0139           320176.2                       0
    139 C0140           359943.2                       0
    140 C0141           408871.2                       0
    141 C0142           448655.2                       0
    142 C0143          1640.1965                       0
    143 C0144           271394.2                       0
    144 C0145           314415.2                       0
    145 C0146           402972.2                       0
    146 C0147           442645.2                       0
    147 C0148             186909                       0
    148 C0149             180974                       0
    149 C0150             229962                       0
    150 C0151           180949.8                       0
    152 C0153             229898                       0
    153 C0154          180968.89                       0
    154 C0155             229940                       0
    155 C0156             180977                       0
    156 C0157             186828                       0
    157 C0158             182624                       0
    158 C0159             222401                       0
    159 C0160             271213                       0
    160 C0161             310980                       0
    161 C0162             359908                       0
    162 C0163             399692                       0
    163 C0164             182618                       0
    164 C0165             222431                       0
    165 C0166             265452                       0
    166 C0167             354009                       0
    167 C0168             393682                       0
    168 C0169             186929                       0
    169 C0170             180994                       0
    170 C0171             229982                       0
    171 C0172           180969.8                       0
    172 C0173             229933                       0
    174 C0175          180988.89                       0
    175 C0176             229960                       0
    176 C0177             180997                       0
    177 C0178             186848                       0
    178 C0179             182644                       0
    179 C0180             222421                       0
    180 C0181             271233                       0
    181 C0182             311000                       0
    182 C0183             359928                       0
    183 C0184             399712                       0
    184 C0185             182638                       0
    185 C0186             222451                       0
    186 C0187             265472                       0
    187 C0188             354029                       0
    188 C0189             393702                       0
    189 C0190          235855.11                       0
    190 C0191          229920.11                       0
    191 C0192          278908.11                       0
    192 C0193          229895.91                       0
    193 C0194          278859.11                       0
    194 C0195          278844.11                       0
    196 C0197          278886.11                       0
    197 C0198          229923.11                       0
    198 C0199          235774.11                       0
    199 C0200          231570.11                       0
    200 C0201          271347.11                       0
    201 C0202          320159.11                       0
    202 C0203          359926.11                       0
    203 C0204          408854.11                       0
    204 C0205          448638.11                       0
    205 C0206          231564.11                       0
    206 C0207          271377.11                       0
    207 C0208          314398.11                       0
    208 C0209          402955.11                       0
    209 C0210          442628.11                       0
    210 C0211             186885                       0
    211 C0212             180950                       0
    212 C0213             229938                       0
    213 C0214           180925.8                       0
    214 C0215             229889                       0
    215 C0216             229874                       0
    216 C0217          180944.89                       0
    218 C0219             180953                       0
    219 C0220             186804                       0
    220 C0221             182600                       0
    221 C0222             222377                       0
    222 C0223             271189                       0
    223 C0224             310956                       0
    224 C0225             359884                       0
    225 C0226             399668                       0
    226 C0227             182594                       0
    227 C0228             222407                       0
    228 C0229             265428                       0
    229 C0230             353985                       0
    230 C0231             393658                       0
    231 C0232             235849                       0
    232 C0233             229914                       0
    233 C0234             278902                       0
    234 C0235           229889.8                       0
    235 C0236             278853                       0
    236 C0237             278838                       0
    237 C0238          229908.89                       0
    238 C0239             278880                       0
    240 C0241             235768                       0
    241 C0242             231564                       0
    242 C0243             271341                       0
    243 C0244             320153                       0
    244 C0245             359920                       0
    245 C0246             408848                       0
    246 C0247             448632                       0
    247 C0248             231558                       0
    248 C0249             271371                       0
    249 C0250             314392                       0
    250 C0251             402949                       0
    251 C0252             442622                       0
    252 C0253             229994                       0
    253 C0254             224059                       0
    254 C0255             273047                       0
    255 C0256           224034.8                       0
    256 C0257             272998                       0
    257 C0258             272983                       0
    258 C0259          224053.89                       0
    259 C0260             273025                       0
    260 C0261             224062                       0
    262 C0263             225709                       0
    263 C0264             265486                       0
    264 C0265             314298                       0
    265 C0266             354065                       0
    266 C0267             402993                       0
    267 C0268             442777                       0
    268 C0269             225703                       0
    269 C0270             265516                       0
    270 C0271             308537                       0
    271 C0272             397094                       0
    272 C0273             436767                       0
    273 C0274             234196                       0
    274 C0275             228261                       0
    275 C0276             277249                       0
    276 C0277           228236.8                       0
    277 C0278             277200                       0
    278 C0279             277185                       0
    279 C0280          228255.89                       0
    280 C0281             277227                       0
    281 C0282             228264                       0
    282 C0283             234115                       0
    284 C0285             269688                       0
    285 C0286             318500                       0
    286 C0287             358267                       0
    287 C0288             407195                       0
    288 C0289             446979                       0
    289 C0290             229905                       0
    290 C0291             269718                       0
    291 C0292             312739                       0
    292 C0293             401296                       0
    293 C0294             440969                       0
    294 C0295             194419                       0
    295 C0296             188484                       0
    296 C0297             237472                       0
    297 C0298           188459.8                       0
    298 C0299             237423                       0
    299 C0300             237408                       0
    300 C0301          188478.89                       0
    301 C0302             237450                       0
    302 C0303             188487                       0
    303 C0304             194338                       0
    304 C0305             190134                       0
    306 C0307             278723                       0
    307 C0308             318490                       0
    308 C0309             367418                       0
    309 C0310             407202                       0
    310 C0311             190128                       0
    312 C0313             272962                       0
    313 C0314             361519                       0
    314 C0315             401192                       0
    315 C0316             145607                       0
    316 C0317             139672                       0
    317 C0318             188660                       0
    318 C0319           139647.8                       0
    319 C0320             188611                       0
    320 C0321             188596                       0
    321 C0322          139666.89                       0
    322 C0323             188638                       0
    323 C0324             139675                       0
    324 C0325             145526                       0
    325 C0326             141322                       0
    326 C0327             181099                       0
    328 C0329              39737                       0
    329 C0330             318606                       0
    330 C0331             358390                       0
    331 C0332             141316                       0
    332 C0333             181129                       0
    333 C0334             224150                       0
    334 C0335             312707                       0
    335 C0336             352380                       0
    336 C0337             105822                       0
    337 C0338              99887                       0
    338 C0339             148875                       0
    339 C0340          99862.803                       0
    340 C0341             148826                       0
    341 C0342             148811                       0
    342 C0343          99881.893                       0
    343 C0344             148853                       0
    344 C0345              99890                       0
    345 C0346             105741                       0
    346 C0347             101537                       0
    347 C0348             141314                       0
    348 C0349             190126                       0
    350 C0351             278821                       0
    351 C0352             318605                       0
    352 C0353             101531                       0
    353 C0354             141344                       0
    354 C0355             184365                       0
    355 C0356              42981                       0
    356 C0357             312595                       0
    357 C0358              56912                       0
    358 C0359              50977                       0
    359 C0360              99965                       0
    360 C0361          50952.803                       0
    361 C0362              99916                       0
    362 C0363              99901                       0
    363 C0364          50971.893                       0
    364 C0365              99943                       0
    365 C0366              50980                       0
    366 C0367              56831                       0
    367 C0368              52627                       0
    368 C0369              92404                       0
    369 C0370             141216                       0
    370 C0371             180983                       0
    372 C0373             269695                       0
    373 C0374              52621                       0
    374 C0375              92434                       0
    375 C0376             135455                       0
    376 C0377             224012                       0
    377 C0378              33744                       0
    378 C0379              17128                       0
    379 C0380              11193                       0
    380 C0381              60181                       0
    381 C0382          11168.803                       0
    382 C0383              60132                       0
    383 C0384              60117                       0
    384 C0385          11187.893                       0
    385 C0386              60159                       0
    386 C0387              11196                       0
    387 C0388              17047                       0
    388 C0389              12843                       0
    389 C0390              52620                       0
    390 C0391             101432                       0
    391 C0392             141199                       0
    392 C0393             190127                       0
    394 C0395              12837                       0
    395 C0396              52650                       0
    396 C0397              95671                       0
    397 C0398             184228                       0
    398 C0399             223901                       0
    399 C0400             234202                       0
    400 C0401             228267                       0
    401 C0402             277255                       0
    402 C0403           228242.8                       0
    403 C0404             277206                       0
    404 C0405             277191                       0
    405 C0406          228261.89                       0
    406 C0407             277233                       0
    407 C0408             228270                       0
    408 C0409             234121                       0
    409 C0410             229917                       0
    410 C0411              39753                       0
    411 C0412             318506                       0
    412 C0413             358273                       0
    413 C0414             407201                       0
    414 C0415             446985                       0
    416 C0417             269724                       0
    417 C0418             312745                       0
    418 C0419             401302                       0
    419 C0420             440975                       0
    420 C0421             194389                       0
    421 C0422             188454                       0
    422 C0423             237442                       0
    423 C0424           188429.8                       0
    424 C0425             237393                       0
    425 C0426             237378                       0
    426 C0427          188448.89                       0
    427 C0428             237420                       0
    428 C0429             188457                       0
    429 C0430             194308                       0
    430 C0431             190104                       0
    431 C0432             229881                       0
    432 C0433              48752                       0
    433 C0434             318460                       0
    434 C0435             367388                       0
    435 C0436             407172                       0
    436 C0437             190098                       0
    438 C0439             272932                       0
    439 C0440             361489                       0
    440 C0441             401162                       0
    441 C0442             151368                       0
    442 C0443             145433                       0
    443 C0444             194421                       0
    444 C0445           145408.8                       0
    445 C0446             194372                       0
    446 C0447             194357                       0
    447 C0448          145427.89                       0
    448 C0449             194399                       0
    449 C0450             145436                       0
    450 C0451             151287                       0
    451 C0452             147083                       0
    452 C0453             186860                       0
    453 C0454             235672                       0
    454 C0455             275439                       0
    455 C0456             324367                       0
    456 C0457             364151                       0
    457 C0458             147077                       0
    458 C0459             186890                       0
    460 C0461             318468                       0
    461 C0462             358141                       0
    462 C0463              62811                       0
    463 C0464              56876                       0
    464 C0465             105864                       0
    465 C0466          56851.803                       0
    466 C0467             105815                       0
    467 C0468             105800                       0
    468 C0469          56870.893                       0
    469 C0470             105842                       0
    470 C0471              56879                       0
    471 C0472              62730                       0
    472 C0473              58526                       0
    473 C0474              98303                       0
    474 C0475             147115                       0
    475 C0476             186882                       0
    476 C0477               5869                       0
    477 C0478             275594                       0
    478 C0479              58520                       0
    479 C0480              98333                       0
    480 C0481             141354                       0
    482 C0483             269584                       0
    483 C0484              23138                       0
    484 C0485              17203                       0
    485 C0486              66191                       0
    486 C0487          17178.803                       0
    487 C0488              66142                       0
    488 C0489              66127                       0
    489 C0490          17197.893                       0
    490 C0491              66169                       0
    491 C0492              17206                       0
    492 C0493              23057                       0
    493 C0494              18853                       0
    494 C0495              58630                       0
    495 C0496             107442                       0
    496 C0497             147209                       0
    497 C0498             196137                       0
    498 C0499               5980                       0
    499 C0500              18847                       0
    500 C0501              58660                       0
    501 C0502             101681                       0
    502 C0503             190238                       0
   1164 C1165                  1                       0
   1165 C1166                  1                       0
   1166 C1167                  1                       0
   1168 C1169                  1                       0
   1169 C1170                  1                       0
   1170 C1171                  1                       0
   1171 C1172                  1                       0
   1172 C1173                  1                       0
   1173 C1174                  1                       0
   2454 C2455                  1                       0
   2455 C2456                  1                       0
   2456 C2457                  1                       0
   2458 C2459                  1                       0
   2459 C2460                  1                       0
   2460 C2461                  1                       0
   2461 C2462                  1                       0
   2462 C2463                  1                       0
   2463 C2464                  1                       0
   2514 C2515                  1                       0
   2515 C2516                  1                       0
   2516 C2517                  1                       0
   2518 C2519                  1                       0
   2519 C2520                  1                       0
   2520 C2521                  1                       0
   2521 C2522                  1                       0
   2522 C2523                  1                       0
   2523 C2524                  1                       0
   2604 C2605                  1                       0
   2605 C2606                  1                       0
   2606 C2607                  1                       0
   2608 C2609                  1                       0
   2609 C2610                  1                       0
   2610 C2611                  1                       0
   2611 C2612                  1                       0
   2612 C2613                  1                       0
   2613 C2614                  1                       0
   2654 C2655                  1                       0
   2655 C2656                  1                       0
   2656 C2657                  1                       0
   2658 C2659                  1                       0
   2659 C2660                  1                       0
   2660 C2661                  1                       0
   2661 C2662                  1                       0
   2662 C2663                  1                       0
   2663 C2664                  1                       0
   2684 C2685                  1                       0
   2685 C2686                  1                       0
   2686 C2687                  1                       0
   2688 C2689                  1                       0
   2689 C2690                  1                       0
   2690 C2691                  1                       0
   2691 C2692                  1                       0
   2692 C2693                  1                       0
   2693 C2694                  1                       0
   2764 C2765                  1                       0
   2765 C2766                  1                       0
   2766 C2767                  1                       0
   2768 C2769                  1                       0
   2769 C2770                  1                       0
   2770 C2771                  1                       0
   2771 C2772                  1                       0
   2772 C2773                  1                       0
   2773 C2774                  1                       0
   2924 C2925                  1                       0
   2925 C2926                  1                       0
   2926 C2927                  1                       0
   2928 C2929                  1                       0
   2929 C2930                  1                       0
   2930 C2931                  1                       0
   2931 C2932                  1                       0
   2932 C2933                  1                       0
   2933 C2934                  1                       0
   3094 C3095                  1                       0
   3095 C3096                  1                       0
   3096 C3097                  1                       0
   3098 C3099                  1                       0
   3099 C3100                  1                       0
   3100 C3101                  1                       0
   3101 C3102                  1                       0
   3102 C3103                  1                       0
   3103 C3104                  1                       0
   3144 C3145                  1                       0
   3145 C3146                  1                       0
   3146 C3147                  1                       0
   3148 C3149                  1                       0
   3149 C3150                  1                       0
   3150 C3151                  1                       0
   3151 C3152                  1                       0
   3152 C3153                  1                       0
   3153 C3154                  1                       0
   3204 C3205                  1                       0
   3205 C3206                  1                       0
   3206 C3207                  1                       0
   3207 C3208                  1                       0
   3208 C3209                  1                       0
   3209 C3210                  1                       0
   3210 C3211                  1                       0
   3211 C3212                  1                       0
   3212 C3213                  1                       0
   3213 C3214                  1                       0
   4017 C4018                  1                       0
   5227 C5228                  1                       0
   5277 C5278                  1                       0
   5487 C5488                  1                       0
   5637 C5638                  1                       0
   7947 C7948                  1                       0
   7997 C7998                  1                       0
   8027 C8028                  1                       0
   8437 C8438                  1                       0
   8487 C8488                  1                       0
   8580 C8581                  1                      -1
   8709 C8710                  1                      -1
   8715 C8716                  1                      -1
   8724 C8725                  1                      -1
   8729 C8730                  1                      -1
   8732 C8733                  1                       0
   8740 C8741                  1                      -1
   8756 C8757                  1                      -1
   8773 C8774                  1                      -1
   8778 C8779                  1                      -1
   8784 C8785                  1                       0
   8936 C8937                  1                       7
