Stopped on time - objective value 344.00000000
      2 x3                     1                       1
      8 x9                     1                       1
      9 x10                    1                       1
     15 x16                    1                       1
     16 x17                    1                       1
     17 x18                    1                       1
     20 x21                    1                       1
     22 x23                    1                       1
     27 x28                    1                       1
     29 x30                    1                       1
     30 x31                    1                       1
     36 x37                    1                       1
     48 x49                    1                       1
     49 x50                    1                       1
     60 x61                    1                       1
     62 x63                    1                       1
     64 x65                    1                       1
     66 x67                    1                       1
     68 x69                    1                       1
     69 x70                    1                       1
     77 x78                    1                       1
     80 x81                    1                       1
     84 x85                    1                       1
     85 x86                    1                       1
     87 x88                    1                       1
     97 x98                    1                       1
    114 x115                   1                       1
    120 x121                   1                       1
    124 x125                   1                       1
    125 x126                   1                       1
    130 x131                   1                       1
    148 x149                   1                       1
    158 x159                   1                       1
    159 x160                   1                       1
    169 x170                   1                       1
    172 x173                   1                       1
    174 x175                   1                       1
    178 x179                   1                       1
    187 x188                   1                       1
    188 x189                   1                       1
    189 x190                   1                       1
    190 x191                   1                       1
    192 x193                   1                       1
    197 x198                   1                       1
    198 x199                   1                       1
    206 x207                   1                       1
    220 x221                   1                       1
    223 x224                   1                       1
    228 x229                   1                       1
    232 x233                   1                       1
    236 x237                   1                       1
    237 x238                   1                       1
    241 x242                   1                       1
    242 x243                   1                       1
    243 x244                   1                       1
    248 x249                   1                       1
    251 x252                   1                       1
    254 x255                   1                       1
    264 x265                   1                       1
    267 x268                   1                       1
    279 x280                   1                       1
    280 x281                   1                       1
    281 x282                   1                       1
    286 x287                   1                       1
    288 x289                   1                       1
    289 x290                   1                       1
    292 x293                   1                       1
    293 x294                   1                       1
    299 x300                   1                       1
    300 x301                   1                       1
    301 x302                   1                       1
    308 x309                   1                       1
    313 x314                   1                       1
    315 x316                   1                       1
    322 x323                   1                       1
    325 x326                   1                       1
    327 x328                   1                       1
    330 x331                   1                       1
    335 x336                   1                       1
    342 x343                   1                       1
    345 x346                   1                       1
    350 x351                   1                       1
    351 x352                   1                       1
    355 x356                   1                       1
    358 x359                   1                       1
    366 x367                   1                       1
    368 x369                   1                       1
    369 x370                   1                       1
    375 x376                   1                       1
    376 x377                   1                       1
    383 x384                   1                       1
    386 x387                   1                       1
    388 x389                   1                       1
    390 x391                   1                       1
    394 x395                   1                       1
    395 x396                   1                       1
    402 x403                   1                       1
    403 x404                   1                       1
    404 x405                   1                       1
    409 x410                   1                       1
    410 x411                   1                       1
    414 x415                   1                       1
    421 x422                   1                       1
    434 x435                   1                       1
    438 x439                   1                       1
    439 x440                   1                       1
    444 x445                   1                       1
    445 x446                   1                       1
    447 x448                   1                       1
    457 x458                   1                       1
    461 x462                   1                       1
    466 x467                   1                       1
    471 x472                   1                       1
    472 x473                   1                       1
    473 x474                   1                       1
    477 x478                   1                       1
    481 x482                   1                       1
    482 x483                   1                       1
    496 x497                   1                       1
    499 x500                   1                       1
    502 x503                   1                       1
    503 x504                   1                       1
    507 x508                   1                       1
    508 x509                   1                       1
    509 x510                   1                       1
    510 x511                   1                       1
    511 x512                   1                       1
    513 x514                   1                       1
    523 x524                   1                       1
    524 x525                   1                       1
    530 x531                   1                       1
    531 x532                   1                       1
    532 x533                   1                       1
    533 x534                   1                       1
    542 x543                   1                       1
    544 x545                   1                       1
    548 x549                   1                       1
    552 x553                   1                       1
    554 x555                   1                       1
    556 x557                   1                       1
    558 x559                   1                       1
    559 x560                   1                       1
    561 x562                   1                       1
    564 x565                   1                       1
    573 x574                   1                       1
    578 x579                   1                       1
    585 x586                   1                       1
    588 x589                   1                       1
    590 x591                   1                       1
    594 x595                   1                       1
    595 x596                   1                       1
    606 x607                   1                       1
    607 x608                   1                       1
    613 x614                   1                       1
    622 x623                   1                       1
    624 x625                   1                       1
    625 x626                   1                       1
    626 x627                   1                       1
    630 x631                   1                       1
    631 x632                   1                       1
    647 x648                   1                       1
    648 x649                   1                       1
    653 x654                   1                       1
    656 x657                   1                       1
    666 x667                   1                       1
    667 x668                   1                       1
    668 x669                   1                       1
    679 x680                   1                       1
    682 x683                   1                       1
    685 x686                   1                       1
    687 x688                   1                       1
    691 x692                   1                       1
    692 x693                   1                       1
    704 x705                   1                       1
    716 x717                   1                       1
    717 x718                   1                       1
    719 x720                   1                       1
    724 x725                   1                       1
    727 x728                   1                       1
    728 x729                   1                       1
    736 x737                   1                       1
    737 x738                   1                       1
    738 x739                   1                       1
    741 x742                   1                       1
    744 x745                   1                       1
    750 x751                   1                       1
    751 x752                   1                       1
    752 x753                   1                       1
    753 x754                   1                       1
    761 x762                   1                       1
    766 x767                   1                       1
    767 x768                   1                       1
    769 x770                   1                       1
    770 x771                   1                       1
    792 x793                   1                       1
    798 x799                   1                       1
    799 x800                   1                       1
    813 x814                   1                       1
    815 x816                   1                       1
    816 x817                   1                       1
    825 x826                   1                       1
    830 x831                   1                       1
    831 x832                   1                       1
    833 x834                   1                       1
    834 x835                   1                       1
    840 x841                   1                       1
    843 x844                   1                       1
    845 x846                   1                       1
    851 x852                   1                       1
    854 x855                   1                       1
    855 x856                   1                       1
    858 x859                   1                       1
    859 x860                   1                       1
    865 x866                   1                       1
    868 x869                   1                       1
    873 x874                   1                       1
    875 x876                   1                       1
    877 x878                   1                       1
    898 x899                   1                       1
    900 x901                   1                       1
    902 x903                   1                       1
    913 x914                   1                       1
    920 x921                   1                       1
    922 x923                   1                       1
    926 x927                   1                       1
    928 x929                   1                       1
    933 x934                   1                       1
    939 x940                   1                       1
    940 x941                   1                       1
    942 x943                   1                       1
    945 x946                   1                       1
    950 x951                   1                       1
    951 x952                   1                       1
    956 x957                   1                       1
    959 x960                   1                       1
    963 x964                   1                       1
    965 x966                   1                       1
    979 x980                   1                       1
    986 x987                   1                       1
    987 x988                   1                       1
    988 x989                   1                       2
    995 x996                   1                       2
   1004 x1005                  1                       2
   1054 x1055                  1                       2
   1057 x1058                  1                       2
   1069 x1070                  1                       2
   1074 x1075                  1                       2
   1088 x1089                  1                       2
   1092 x1093                  1                       2
   1122 x1123                  1                       2
   1128 x1129                  1                       2
   1165 x1166                  1                       2
   1191 x1192                  1                       2
   1204 x1205                  1                       2
   1271 x1272                  1                       2
   1288 x1289                  1                       2
   1291 x1292                  1                       2
   1319 x1320                  1                       2
   1343 x1344                  1                       2
   1359 x1360                  1                       2
   1361 x1362                  1                       2
   1380 x1381                  1                       2
   1386 x1387                  1                       2
   1441 x1442                  1                       2
   1444 x1445                  1                       2
   1487 x1488                  1                       2
   1513 x1514                  1                       2
   1536 x1537                  1                       2
   1542 x1543                  1                       2
   1549 x1550                  1                       2
   1580 x1581                  1                       2
   1635 x1636                  1                       2
   1642 x1643                  1                       2
   1718 x1719                  1                       2
   1736 x1737                  1                       2
   1882 x1883                  1                       2
   1886 x1887                  1                       2
   1964 x1965                  1                       2
   1974 x1975                  1                       2
   2011 x2012                  1                       2
   2023 x2024                  1                       2
   2058 x2059                  1                       3
   2230 x2231                  1                       3
   2247 x2248                  1                       3
   2360 x2361                  1                       3
   2362 x2363                  1                       3
   3013 x3014                  1                       3
   3790 x3791                  1                       4
