Stopped on time - objective value 51050.00000000
      0 C0(1)               51050                       0
      1 C1(2)               27200                       0
      2 B2(2)                   1                     400
      7 B7(2)                   1                     400
     13 B13(2)                  1                     400
     14 B14(2)                  1                     400
     16 B16(2)                  1                     400
     20 B20(2)                  1                     400
     27 B27(2)                  1                     400
     30 B30(2)                  1                     400
     39 B39(2)                  1                     400
     40 B40(2)                  1                     400
     42 B42(2)                  1                     400
     46 B46(2)                  1                     400
     47 B47(2)                  1                     400
     53 B53(2)                  1                     400
     56 B56(2)                  1                     400
     66 B66(2)                  1                     400
     69 B69(2)                  1                     400
     70 B70(2)                  1                     400
     73 B73(2)                  1                     400
     81 B81(2)                  1                     400
     84 B84(2)                  1                     400
     93 B93(2)                  1                     400
     96 B96(2)                  1                     400
    104 B104(2)                 1                     400
    108 B108(2)                 1                     400
    119 B119(2)                 1                     400
    121 B121(2)                 1                     400
    127 B127(2)                 1                     400
    133 B133(2)                 1                     400
    137 B137(2)                 1                     400
    140 B140(2)                 1                     400
    148 B148(2)                 1                     400
    153 B153(2)                 1                     400
    158 B158(2)                 1                     400
    160 B160(2)                 1                     400
    163 B163(2)                 1                     400
    172 B172(2)                 1                     400
    173 B173(2)                 1                     400
    176 B176(2)                 1                     400
    185 B185(2)                 1                     400
    187 B187(2)                 1                     400
    190 B190(2)                 1                     400
    191 B191(2)                 1                     400
    198 B198(2)                 1                     400
    204 B204(2)                 1                     400
    211 B211(2)                 1                     400
    215 B215(2)                 1                     400
    218 B218(2)                 1                     400
    230 B230(2)                 1                     400
    234 B234(2)                 1                     400
    236 B236(2)                 1                     400
    239 B239(2)                 1                     400
    242 B242(2)                 1                     400
    246 B246(2)                 1                     400
    249 B249(2)                 1                     400
    253 B253(2)                 1                     400
    260 B260(2)                 1                     400
    265 B265(2)                 1                     400
    270 B270(2)                 1                     400
    272 B272(2)                 1                     400
    276 B276(2)                 1                     400
    283 B283(2)                 1                     400
    285 B285(2)                 1                     400
    287 B287(2)                 1                     400
    289 B289(2)                 1                     400
    292 B292(2)                 1                     400
    295 B295(2)                 1                     400
    300 B300(2)                 1                     400
    302 C302(3)                14                       0
    303 C303(301)             269                       0
    306 C306(298)             258                       0
    312 C312(291)             150                       0
    315 C315(288)             194                       0
    317 C317(286)             283                       0
    325 C325(278)             219                       0
    328 C328(275)             353                       0
    335 C335(268)             157                       0
    339 C339(264)             364                       0
    343 C343(260)              83                       0
    346 C346(257)              82                       0
    350 C350(253)             169                       0
    352 C352(251)             320                       0
    356 C356(247)             114                       0
    362 C362(241)             438                       0
    367 C367(236)              83                       0
    371 C371(232)              33                       0
    373 C373(230)             319                       0
    377 C377(226)             253                       0
    384 C384(220)              33                       0
    386 C386(218)             126                       0
    388 C388(216)             194                       0
    390 C390(214)             170                       0
    393 C393(212)              83                       0
    396 C396(209)             158                       0
    401 C401(3)               321                       0
    402 C402(204)             415                       0
    403 C403(3)               221                       0
    405 C405(3)               127                       0
    407 C407(3)                51                       0
    411 C411(3)                89                       0
    412 C412(199)             115                       0
    413 C413(3)                82                       0
    415 C415(3)                82                       0
    417 C417(3)                75                       0
    419 C419(3)                 7                       0
    420 C420(3)                50                       0
    424 C424(3)                94                       0
    425 C425(193)             169                       0
    428 C428(3)               221                       0
    429 C429(191)             321                       0
    430 C430(3)               127                       0
    432 C432(3)                51                       0
    436 C436(3)                89                       0
    437 C437(187)             114                       0
    438 C438(3)                82                       0
    440 C440(3)                 7                       0
    441 C441(3)                82                       0
    443 C443(3)                75                       0
    445 C445(3)                50                       0
    449 C449(3)               194                       0
    450 C450(181)             269                       0
    451 C451(3)               100                       0
    455 C455(3)               191                       0
    456 C456(178)             285                       0
    457 C457(3)               115                       0
    459 C459(3)                65                       0
    462 C462(3)                40                       0
    464 C464(3)                33                       0
    466 C466(3)                33                       0
    468 C468(3)                26                       0
    473 C473(170)              51                       0
    474 C474(3)                94                       0
    475 C475(169)             169                       0
    478 C478(3)               220                       0
    479 C479(167)             320                       0
    480 C480(3)               126                       0
    482 C482(3)               125                       0
    483 C483(3)                51                       0
    487 C487(3)                89                       0
    488 C488(163)             115                       0
    489 C489(3)                82                       0
    491 C491(3)                82                       0
    493 C493(3)                75                       0
    495 C495(3)                50                       0
    499 C499(3)               194                       0
    500 C500(157)             269                       0
    501 C501(3)               100                       0
    503 C503(3)                75                       0
    506 C506(3)               241                       0
    507 C507(154)             335                       0
    508 C508(3)               165                       0
    510 C510(3)               115                       0
    512 C512(3)                89                       0
    514 C514(3)                82                       0
    516 C516(3)                82                       0
    518 C518(3)                75                       0
    520 C520(3)                50                       0
    525 C525(3)               194                       0
    526 C526(145)             269                       0
    527 C527(3)               100                       0
    531 C531(3)               127                       0
    532 C532(142)             221                       0
    533 C533(3)                51                       0
    537 C537(3)               165                       0
    538 C538(139)             191                       0
    539 C539(3)               158                       0
    541 C541(3)               158                       0
    543 C543(3)               151                       0
    545 C545(3)               100                       0
    546 C546(3)               125                       0
    548 C548(3)                75                       0
    552 C552(3)               194                       0
    553 C553(132)             288                       0
    554 C554(3)                94                       0
    558 C558(3)               167                       0
    559 C559(129)             243                       0
    560 C560(3)               116                       0
    562 C562(3)                90                       0
    564 C564(3)                83                       0
    567 C567(3)                83                       0
    569 C569(3)                76                       0
    571 C571(3)                51                       0
    575 C575(3)               194                       0
    576 C576(121)             269                       0
    577 C577(3)               100                       0
    581 C581(3)               166                       0
    582 C582(118)             260                       0
    583 C583(3)                90                       0
    585 C585(3)                39                       0
    587 C587(3)               189                       0
    588 C588(3)                14                       0
    590 C590(3)                 7                       0
    592 C592(3)                 7                       0
    596 C596(3)               219                       0
    597 C597(111)             244                       0
    598 C598(3)               169                       0
    600 C600(3)                94                       0
    604 C604(3)               284                       0
    605 C605(107)             384                       0
    606 C606(3)               190                       0
    608 C608(3)               194                       0
    609 C609(3)               114                       0
    610 C610(3)                64                       0
    611 C611(3)                39                       0
    612 C612(3)               114                       0
    613 C613(3)                64                       0
    614 C614(3)                39                       0
    615 C615(3)               100                       0
    616 C616(3)                32                       0
    617 C617(3)                32                       0
    618 C618(3)                32                       0
    619 C619(3)                25                       0
    621 C621(3)                75                       0
    623 C623(3)               319                       0
    624 C624(3)               219                       0
    625 C625(3)               125                       0
    626 C626(3)                50                       0
    627 C627(3)                32                       0
    629 C629(3)                89                       0
    630 C630(3)                82                       0
    631 C631(3)                82                       0
    632 C632(3)                75                       0
    633 C633(3)                50                       0
    635 C635(3)               194                       0
    636 C636(3)               100                       0
    638 C638(3)                25                       0
    639 C639(3)               126                       0
    640 C640(3)                50                       0
    642 C642(3)               164                       0
    643 C643(3)               157                       0
    644 C644(3)               157                       0
    645 C645(3)               150                       0
    646 C646(3)               125                       0
    647 C647(3)                75                       0
    650 C650(3)               320                       0
    651 C651(3)               220                       0
    652 C652(3)               126                       0
    653 C653(3)                51                       0
    655 C655(3)                89                       0
    656 C656(3)                82                       0
    657 C657(3)                82                       0
    658 C658(3)                75                       0
    659 C659(3)                50                       0
    660 C660(3)               169                       0
    662 C662(3)               194                       0
    663 C663(3)               100                       0
    665 C665(3)               192                       0
    666 C666(3)               116                       0
    667 C667(3)                65                       0
    668 C668(3)                40                       0
    669 C669(3)                33                       0
    670 C670(3)                33                       0
    671 C671(3)                94                       0
    672 C672(3)                26                       0
    675 C675(3)               194                       0
    676 C676(3)               100                       0
    678 C678(3)               191                       0
    679 C679(3)               116                       0
    680 C680(3)                65                       0
    681 C681(3)                39                       0
    683 C683(3)                32                       0
    684 C684(3)                32                       0
    685 C685(3)                25                       0
    687 C687(3)                75                       0
    689 C689(3)               194                       0
    690 C690(3)                94                       0
    692 C692(3)               116                       0
    693 C693(3)               253                       0
    694 C694(3)                65                       0
    695 C695(3)                39                       0
    696 C696(3)                32                       0
    697 C697(3)                32                       0
    698 C698(3)                25                       0
    700 C700(3)               364                       0
    701 C701(3)               288                       0
    702 C702(3)               194                       0
    703 C703(3)                94                       0
    704 C704(3)               159                       0
    706 C706(3)               117                       0
    707 C707(3)                66                       0
    708 C708(3)                40                       0
    709 C709(3)                33                       0
    710 C710(3)                33                       0
    711 C711(3)                26                       0
    713 C713(3)               169                       0
    714 C714(3)                94                       0
    715 C715(3)                84                       0
    717 C717(3)               170                       0
    718 C718(3)                76                       0
    720 C720(3)               114                       0
    721 C721(3)                89                       0
    722 C722(3)                82                       0
    723 C723(3)                82                       0
    724 C724(3)                75                       0
    725 C725(3)                50                       0
    727 C727(3)                33                       0
    729 C729(3)                 7                       0
    732 C732(3)               150                       0
    733 C733(3)               125                       0
    734 C734(3)                75                       0
    736 C736(3)               270                       0
    737 C737(3)               170                       0
    738 C738(3)               164                       0
    739 C739(3)                76                       0
    741 C741(3)                33                       0
    742 C742(3)                 7                       0
    744 C744(3)                82                       0
    745 C745(3)                75                       0
    746 C746(3)                50                       0
    748 C748(3)                94                       0
    749 C749(3)                89                       0
    751 C751(3)               220                       0
    752 C752(3)               126                       0
    753 C753(3)                51                       0
    755 C755(3)                89                       0
    756 C756(3)                82                       0
    757 C757(3)                82                       0
    758 C758(3)                75                       0
    759 C759(3)                50                       0
    760 C760(3)                39                       0
    762 C762(3)               363                       0
    763 C763(3)               269                       0
    764 C764(3)               169                       0
    765 C765(3)                75                       0
    767 C767(3)                33                       0
    768 C768(3)                 7                       0
    771 C771(3)                26                       0
    773 C773(3)               269                       0
    774 C774(3)               194                       0
    775 C775(3)               100                       0
    777 C777(3)               159                       0
    778 C778(3)                84                       0
    779 C779(3)                33                       0
    780 C780(3)                 7                       0
    783 C783(3)                26                       0
    785 C785(3)                76                       0
    787 C787(3)               100                       0
    789 C789(3)                76                       0
    791 C791(3)                33                       0
    792 C792(3)                 7                       0
    794 C794(3)               158                       0
    795 C795(3)               151                       0
    796 C796(3)               125                       0
    797 C797(3)                75                       0
    798 C798(2)             23850                       0
    806 C806(98)              125                       0
    808 C808(96)              413                       0
    813 C813(91)              115                       0
    819 C819(85)              269                       0
    822 C822(82)              220                       0
    825 C825(79)              189                       0
    832 C832(72)              414                       0
    837 C837(67)              115                       0
    843 C843(61)              269                       0
    846 C846(58)              286                       0
    854 C854(50)               51                       0
    855 C855(49)              269                       0
    858 C858(46)              285                       0
    866 C866(38)              126                       0
    868 C868(36)              288                       0
    871 C871(33)              192                       0
    878 C878(26)              414                       0
    883 C883(21)              193                       0
    890 C890(14)              219                       0
    893 C893(11)              270                       0
    896 C896(8)               164                       0
