Optimal - objective value 288.00000000
      1 B1(3)                  1                       3
     23 B23(3)                 1                      14
     60 B60(3)                 1                       9
     71 B71(3)                 1                      35
     78 B78(3)                 1                      12
     99 B99(4)                 1                       3
    103 B103(4)                1                       9
    104 B104(4)                1                      27
    105 B105(4)                1                      23
    106 B106(4)                1                      32
    107 B107(4)                1                      19
    108 B108(3)                1                      20
    115 B115(4)                1                       2
    121 B121(4)                1                       2
    125 B125(4)                1                      15
    147 B147(4)                1                      17
    151 B151(4)                1                       8
    153 B153(4)                1                      19
    163 B163(4)                1                       4
    191 B191(4)                1                      11
    195 B195(4)                1                       4
