Stopped on time - objective value 406.00000000
      4 x(4)                   1                      26
    104 x(104)                 1                      26
    106 x(106)                 1                      21
    110 x(110)                 1                      24
    118 x(118)                 1                      26
    120 x(120)                 1                      20
    123 x(123)                 1                      21
    142 x(142)                 1                      23
    155 x(155)                 1                      27
    174 x(174)                 1                      26
    176 x(176)                 1                      26
    189 x(189)                 1                      20
    226 x(226)                 1                      22
    243 x(243)                 1                      20
    246 x(246)                 1                      24
    250 x(250)                 1                      21
    263 x(263)                 1                      33
