Stopped on time - objective value 1369072.99999897
      1 x2                    11                       0
      2 x3                    10                       0
      3 x4                    54                      -1
      4 x5                    52                       0
      5 x6                    44                       0
      6 x7                    41                       0
      7 x8                    49                       0
      8 x9                    54                      -1
     10 x11                   40                       0
     11 x12                   59                    -211
     12 x13                   51                       0
     13 x14                   56                       0
     14 x15                   16                       0
     15 x16                    1                       0
     16 x17                   45                       0
     17 x18                   42                       0
     18 x19                   43                       0
     19 x20                   14                       0
     20 x21                   38                       0
     21 x22                    8                       0
     22 x23                   15                       0
     24 x25                   13                       0
     25 x26                   23                       0
     26 x27                   15                       0
     27 x28                   39                       0
     28 x29                   46                       0
     29 x30                   50                       0
     31 x32                   45                       0
     32 x33                   11                       0
     34 x35                   46                       0
     35 x36                    4                       0
     36 x37                    8                       0
     37 x38                   44                       0
     40 x41                   24                       0
     41 x42                   36                       0
     42 x43                    8                       0
     43 x44                   51                       0
     44 x45                   24                       0
     45 x46                   54                       0
     47 x48                   47                       0
     48 x49                   46                       0
     49 x50                   25                       0
     50 x51                   31                       0
     51 x52                   55                       0
     52 x53                   21                       0
     53 x54                   17                       0
     55 x56                   52                    -621
     56 x57                   19                       0
     57 x58                   40                       0
     61 x62                   33                       0
     62 x63                    4                       0
     63 x64                   34                       0
     64 x65                    3                       0
     65 x66                   13                       0
     66 x67                    4                       0
     67 x68                   12                       0
     69 x70                   43                       0
     70 x71                   42                       0
     71 x72                   30                       0
     72 x73                   13                       0
     73 x74                   43                       0
     74 x75                    1          -2.2737368e-13
     75 x76                   47                       0
     76 x77                   54                   -1164
     77 x78                   48                       0
     78 x79                   25                       0
     79 x80                   18                       0
     80 x81                   49                       0
     81 x82                   19                       0
     82 x83                   20                       0
     83 x84                   24                       0
     84 x85                   23                       0
     86 x87                   18                       0
     87 x88                   48                       0
     88 x89                   17                       0
     89 x90                   47                       0
     90 x91                    2                       0
     91 x92                    6                       0
     92 x93                   19                       0
     93 x94                   49                       0
     94 x95                   49                       0
     95 x96                   19                       0
     96 x97                   33                       0
     97 x98                    3                       0
     98 x99                   46                       0
     99 x100                  16                       0
    100 x101                   9                       0
    101 x102                  39                       0
    102 x103                  39                       0
    103 x104                   9                       0
    104 x105                  15                       0
    105 x106                  39                       0
    106 x107                   9                       0
    108 x109                   6                    -370
    109 x110                  15                       0
    110 x111                  51                       0
    111 x112                  12                       0
    113 x114                  21                       0
    114 x115                  26                       0
    116 x117                   2                       0
    117 x118                  30                       0
    119 x120                  49                       0
    120 x121                   6                       0
    121 x122                  46                       0
    122 x123                  10                       0
    123 x124                  27                       0
    124 x125                   1                       0
    125 x126                  11                       0
    129 x130                  21                       0
    130 x131                  36                       0
    131 x132                  10                       0
    132 x133                  20                       0
    133 x134                  35                       0
    134 x135                   3                       0
    135 x136                  15                       0
    136 x137                  45                       0
    137 x138                  52                   -3370
    138 x139                  56                       0
    139 x140                  46                       0
    140 x141                   1                       0
    141 x142                  48                       0
    142 x143                  32                       0
    143 x144                  26                       0
    144 x145                  41                       0
    145 x146                   4                       0
    146 x147                  11                       0
    147 x148                   5                       0
    148 x149                  29                       0
    149 x150                   1                       0
    150 x151                   3                       0
    152 x153                  21                       0
    153 x154                  36                       0
    154 x155                  29                       0
    155 x156                  39                       0
    156 x157                  54                   -1909
    157 x158                  32                       0
    158 x159                  51                       0
    159 x160                   8                       0
    160 x161                   7                       0
    161 x162                  38                       0
    162 x163                  38                       0
    163 x164                  13                       0
    164 x165                  29                       0
    165 x166                  16                       0
    167 x168                  54                   -2060
    168 x169                   5                       0
    169 x170                  19                       0
    170 x171                  30                       0
    171 x172                  29                       0
    174 x175                  11                       0
    176 x177                  32                       0
    178 x179                  27                       0
    179 x180                  30                       0
    182 x183                  32                       0
    183 x184                   1                       0
    184 x185                  10                       0
    187 x188                  38                       0
    188 x189                  16                       0
    189 x190                   4                   -1034
    190 x191                  14                       0
    191 x192                   4                    -480
    192 x193                   5                       0
    193 x194                  52                       0
    194 x195                  30                       0
    196 x197                   1                       0
    197 x198                   7                       0
    198 x199                   4                       0
    199 x200                  12                       0
    200 x201                   1                       0
    201 x202                   2                       0
    202 x203                  34                       0
    204 x205                  44                       0
    206 x207                  30                       0
    207 x208                  23                       0
    208 x209                  19                       0
    209 x210                   4                       0
    210 x211                  10                       0
    211 x212                   7                       0
    212 x213                  35                       0
    213 x214                  45                       0
    214 x215                   4                       0
    216 x217                   5                   -1137
    217 x218                  13                       0
    218 x219                  41                       0
    219 x220                  46                       0
    221 x222                   2                       0
    222 x223                  13                       0
    223 x224                  55                       0
    224 x225                  43                       0
    225 x226                  28          -2.2737368e-13
    226 x227                  58                   -1263
    227 x228                  14                       0
    228 x229                  56                       0
    229 x230                  44                       0
    230 x231                  27                       0
    232 x233                  46           2.2737368e-13
    233 x234                  44                       0
    234 x235                  26                       0
    235 x236                  14                       0
    237 x238                  16           2.2737368e-13
    239 x240                   4                       0
    240 x241                  40                       0
    241 x242                  10                       0
    244 x245                  51                       0
    245 x246                  50                       0
    247 x248                   4                   -3668
    248 x249                  24                       0
    250 x251                   6                       0
    251 x252                  32                       0
    252 x253                  41                       0
    253 x254                  10                       0
    254 x255                  44                       0
    255 x256                   1                       0
    256 x257                  58                       0
    257 x258                  54                       0
    258 x259                  24                       0
    259 x260                   1                       0
    260 x261                  23                       0
    261 x262                  53                       0
    263 x264                  51                       0
    265 x266                  26                       0
    266 x267                  46                       0
    267 x268                  56                       0
    268 x269                  46                       0
    269 x270                  16                       0
    270 x271                  21                       0
    272 x273                   4                       0
    273 x274                  15                       0
    274 x275                   6                    -653
    275 x276                   2                       0
    276 x277                  39                       0
    277 x278                  45           2.2737368e-13
    278 x279                  15                       0
    280 x281                  27                       0
    283 x284                  20                       0
    284 x285                  50                       0
    286 x287                  35                       0
    288 x289                   5                       0
    289 x290                   9                       0
    291 x292                   9                       0
    293 x294                  19                       0
    294 x295                  35                       0
    295 x296                   6                       0
    297 x298                   4                    -767
    298 x299                  59                    -768
    299 x300                  30                       0
    300 x301                  27                       0
    302 x303                  10                       0
    303 x304                   3                       0
    304 x305                  19                       0
    305 x306                  33                       0
    306 x307                   3                       0
    308 x309                  30                       0
    310 x311                  12                       0
    312 x313                   4                       0
    313 x314                  15                       0
    314 x315                  27                       0
    315 x316                   4                    -259
    316 x317                   4                       0
    317 x318                  14                       0
    318 x319                   6                       0
    319 x320                  30                       0
    320 x321                   1                       0
    321 x322                   4                    -114
    322 x323                  32                       0
    323 x324                   2                       0
    324 x325                  57                    -260
    325 x326                  21                       0
    327 x328                  31                       0
    328 x329                  47                       0
    329 x330                   1                       0
    331 x332                   1                       0
    334 x335                   2                       0
    335 x336                  15                       0
    337 x338                  45                       0
    339 x340                  35                       0
    340 x341                  51                       0
    341 x342                  24                       0
    342 x343                  54                       0
    343 x344                   2                       0
    344 x345                  29                       0
    345 x346                  16                       0
    347 x348                   2                       0
    348 x349                  12                       0
    349 x350                   4                       0
    350 x351                  28                       0
    352 x353                  23                       0
    353 x354                  13                       0
    355 x356                  47                       0
    356 x357                   6                       0
    357 x358                   4                   -1739
    358 x359                   3                       0
    359 x360                   2                       0
    360 x361                   1                       0
    361 x362                  20                       0
    362 x363                  50                       0
    363 x364                  55                       0
    364 x365                  54                       0
    365 x366                  27                       0
    366 x367                  24                       0
    368 x369                   1                       0
    369 x370                  58                   -1823
    372 x373                  19                       0
    374 x375                  45                       0
    377 x378                  52                       0
    378 x379                  49                       0
    379 x380                  40                       0
    380 x381                  41                       0
    384 x385                   1                       0
    385 x386                   1                      60
    387 x388                   1                       0
    388 x389                   1                       0
    389 x390                   1                   60060
    390 x391                   1                       0
    391 x392                   1                       0
    392 x393                   1                   16260
    393 x394                   1                   25740
    395 x396                   1                   18660
    396 x397                   2                  -11280
    397 x398                   1                   21360
    398 x399                   1                   15600
    399 x400                   1                   16200
    400 x401                   1                   10020
    404 x405                   1                    9600
    405 x406                   1                       0
    406 x407                   2                   60060
    407 x408                   2                    4560
    408 x409                   3                       0
    409 x410                   2                   35460
    410 x411                   1                       0
    411 x412                   1                       0
    412 x413                   1                   43140
    413 x414                   1                    5520
    414 x415                   1                    4560
    415 x416                   1                    4260
    416 x417                   1                       0
    417 x418                   1                       0
    418 x419                   1                   30000
    419 x420                   2                   30000
    422 x423                   1                   37260
    424 x425                   1                       0
    425 x426                   2                       0
    426 x427                   1                   30540
    428 x429                   1                    7200
    429 x430                   1                   31200
    434 x435                   1                       0
    435 x436                   1                   19860
    436 x437                   1                    7980
    437 x438                   1                   39000
    442 x443                   1                       0
    444 x445                   1                   20280
    446 x447                   1                    4560
    448 x449                   1                       0
    455 x456                   1                    6660
    456 x457                   1                    5880
    457 x458                   2                    5760
    458 x459                   1                    5100
    459 x460                   1                    6420
    460 x461                   1                   22260
    464 x465                   1                       0
    465 x466                   1                   31200
    466 x467                   1                   60060
    469 x470                   1                   60060
    470 x471                   1                   28440
    472 x473                   1                   16980
    473 x474                   1                   54540
    474 x475                   1                       0
    479 x480                   1                    1080
    480 x481                   1                   55140
    481 x482                   2                    4860
    482 x483                   1                       0
    483 x484                   1                       0
    484 x485                   1                   60000
    485 x486                   2                       0
    486 x487                   2                       0
    487 x488                   2                       0
    488 x489                   3                  202200
    489 x490                   1                    5640
    490 x491                   2                   60060
    491 x492                   1                       0
    492 x493                   3                   29400
    493 x494                   2                   27840
    494 x495                   3                   66000
    495 x496                   1                   11100
    496 x497                   1                    9480
    499 x500                   2                       0
    500 x501                   1                       0
    501 x502                   1                       0
    502 x503                   1                  127620
    503 x504                   1                    8700
    504 x505                   1                    5760
    506 x507                   1                   66000
    508 x509                   1                   30000
    510 x511                   1                       0
    514 x515                   1                   60000
    515 x516                   1                       0
    517 x518                   1                       0
    519 x520                   2                   13020
    520 x521                   2                       0
    521 x522                   1                   17040
    522 x523                   1                   60000
    524 x525                   2                   24420
    526 x527                   1                   88860
    527 x528                   2                   20220
    528 x529                   1                       0
    529 x530                   1                       0
    531 x532                   1                   12480
    533 x534                   1                    8880
    534 x535                   1                    7500
    535 x536                   1                   60060
    536 x537                   1                    7560
    538 x539                   1                       0
    539 x540                   1                   12420
    542 x543                   1                   30000
    544 x545                   1                    9300
    545 x546                   1                    8220
    548 x549                   2                  128280
    550 x551                   2                    7500
    551 x552                   1                   52560
    553 x554                   1                   20000
    554 x555                   1                   20000
    555 x556                   1                   75780
    556 x557                   1                   20000
    557 x558                   2                   20000
    558 x559                   2                   20000
    559 x560                   1                       0
    562 x563                   1                   33600
    563 x564                   1                   55620
    564 x565                   1                    4380
    565 x566                   1                       0
    566 x567                   1                       0
    567 x568                   1                   60060
    568 x569                   2                   59940
    572 x573                   4                  280140
    573 x574                   2                    7680
    574 x575                   2                 -244500
    575 x576                   4                    6960
    576 x577                   2                       0
    577 x578                   2                       0
    579 x580                   2                       0
    580 x581                   1                   60060
    581 x582                   3                   11580
    582 x583                   3                   42180
    583 x584                   3                   17580
    584 x585                   1                       0
    585 x586                   1                       0
    586 x587                   1                 -277500
    587 x588                   2                   11280
    588 x589                   1                 -105060
    589 x590                   1                   30000
    590 x591                   2                       0
    591 x592                   2                    8940
    592 x593                   2                    9060
    593 x594                   2                   11760
    596 x597                   1                   60060
    598 x599                   1                   60060
    600 x601                   1                   24180
    603 x604                   2                   42480
    605 x606                   1                       0
    606 x607                   2                 -122520
    607 x608                   1                    7800
    608 x609                   2                   36600
    609 x610                   1                    8820
    610 x611                   2                   11580
    614 x615                   1                    6240
    615 x616                   1                    8940
    616 x617                   1                       0
    617 x618                   2                   33900
    618 x619                   2                  106080
    621 x622                   1                   29940
    622 x623                   1                    5280
    623 x624                   1                       0
    626 x627                   1                   20580
    629 x630                   1                       0
    631 x632                   2                   15600
    632 x633                   1                   60000
    633 x634                   1                       0
    634 x635                   1                       0
    635 x636                   1                       0
    636 x637                   1                  -55320
    638 x639                   2                   15660
    639 x640                   1                       0
    640 x641                   1                       0
    641 x642                   2                  -25740
    642 x643                   2                   30000
    643 x644                   1                       0
    644 x645                   2                       0
    645 x646                   1                   60060
    646 x647                   3                       0
    652 x653                   1                   23940
    655 x656                   1                  -85380
    656 x657                   1                       0
    658 x659                   2                  164400
    659 x660                   1                    4500
    660 x661                   1                   31200
    663 x664                   1                   19680
    664 x665                   1                       0
    665 x666                   1                   28560
    666 x667                   1                   30120
    667 x668                   1                   49860
    668 x669                   1                       0
    669 x670                   2                   60000
    670 x671                   1                   20580
    671 x672                   2                       0
