Stopped on time - objective value 2751668.66666667
      0 v(1)                                        1                   10000
      1 v(2)                                        1                   10000
      2 vLoad(2)                                  130                     100
      3 v(3)                                        1                   10000
      4 vLoad(3)                                  128                     200
      5 v(4)                                        1                   10000
      6 vLoad(4)                                  148                     300
      7 v(5)                                        1                   10000
      8 vLoad(5)                                  160                     400
      9 v(6)                                        1                   10000
     10 vLoad(6)                                  140                     500
     11 v(7)                                        1                   10000
     12 vLoad(7)                                  126                     600
     13 v(8)                                        1                   10000
     14 vLoad(8)                                   92                     700
     15 v(9)                                        1                   10000
     16 vLoad(9)                                  116                     800
     17 v(10)                                       1                   10000
     18 vLoad(10)                                 108                     900
     19 v(11)                                       1                   10000
     20 vLoad(11)                                 134                    1000
     21 v(12)                                       1                   10000
     22 vLoad(12)                                 114                    1100
     23 v(13)                                       1                   10000
     24 vLoad(13)                                 112                    1200
     25 v(14)                                       1                   10000
     26 vLoad(14)                                 120                    1300
     27 v(15)                                       1                   10000
     28 vLoad(15)                                  94                    1400
     29 v(16)                                       1                   10000
     30 vLoad(16)                                  88                    1500
     31 v(17)                                       1                   10000
     32 vLoad(17)                                 120                    1600
     33 v(18)                                       1                   10000
     34 vLoad(18)                                  78                    1700
     35 v(19)                                       1                   10000
     36 vLoad(19)                                  88                    1800
     37 v(20)                                       1                   10000
     38 vLoad(20)                                 122                    1900
     39 v(21)                                       1                   10000
     40 vLoad(21)                                  68                    2000
     41 v(22)                                       1                   10000
     42 vLoad(22)                                  54                    2100
    144 xt(1135493,87,3,9,10,75901)                 1                    -310
    159 xt(1135493,78,3,15,16,75924)                1                    -314
    183 xt(1135493,304,2,15,16,75912)               1                    -136
    197 xtV(1135494,97,4,19,21,13)                  1                    1000
    210 xtV(1135495,170,3,13,15,1)                  1                    1000
    222 xt(1135495,270,2,15,16,75924)               1                    -164
    244 xtV(1135496,276,3,9,10,2)                   1                    1000
    256 xtV(1135496,11,4,18,19,2)                   1                    1000
    268 xt(1135496,73,2,18,19,75905)                1                    -290
    288 xtV(1135496,197,2,13,15,2)                  1                    1000
    306 xtV(1135496,74,5,15,16,2)                   1                    1000
    318 xtV(1135499,322,2,18,19,3)                  1                    1000
    334 xtV(1135499,254,2,13,15,3)                  1                    1000
    348 xtV(1135500,173,4,7,9,20)                   1                    1000
    361 xtV(1135500,238,3,9,11,5)                   1                    1000
    382 xtV(1135500,103,3,19,21,6)                  1                    1000
    393 xtV(1135502,192,3,7,8,1)                    1                    1000
    408 xtV(1135503,195,3,7,8,7)                    1                    1000
    433 xtV(1135503,92,2,18,19,7)                   1                    1000
    445 xt(1135503,47,4,15,17,75920)                1                    -338
    469 xtV(1135503,139,3,15,16,5)                  1                    1000
    482 xtV(1135504,284,2,7,8,8)                    1                    1000
    500 xtV(1135504,259,2,9,10,22)                  1                    1000
    519 xt(1135505,296,3,18,19,75897)               1                    -154
    523 xtV(1135506,232,4,7,9,8)                    1                    1000
    538 xtV(1135506,220,2,9,11,6)                   1                    1000
    559 xtV(1135506,83,5,19,21,8)                   1                    1000
    572 xtV(1135509,221,2,7,9,10)                   1                    1000
    585 xtV(1135509,246,3,9,11,8)                   1                    1000
    609 xtV(1135509,65,3,19,21,9)                   1                    1000
    628 xtV(1135510,243,2,18,19,15)                 1                    1000
    637 xt(1135511,169,2,13,14,75912)               1                    -216
    642 xt(1135511,172,3,15,17,75901)               1                    -220
    659 xt(1135515,46,2,18,19,75914)                1                    -336
    686 xtV(1135515,111,3,18,19,11)                 1                    1000
    700 xtV(1135515,273,2,13,15,11)                 1                    1000
    723 xtV(1135515,50,3,15,16,19)                  1                    1000
    731 xt(1135515,249,5,15,16,75920)               1                    -178
    745 xtV(1135517,51,2,7,9,1)                     1                    1000
    761 xtV(1135517,269,2,7,9,13)                   1                    1000
    775 xtV(1135517,49,4,15,16,1)                   1                    1000
    797 xtV(1135517,196,2,15,17,13)                 1                    1000
    809 xtV(1135518,123,3,9,10,3)                   1                    1000
    833 xtV(1135518,106,3,19,20,13)                 1                    1000
    848 xtV(1135522,275,2,9,10,2)                   1                    1000
    865 xtV(1135522,257,2,18,19,16)                 1                    1000
    876 xtV(1135522,282,2,13,15,4)                  1                    1000
    896 xtV(1135522,319,4,15,16,15)                 1                    1000
    909 xt(1135523,330,5,15,17,75914)               1                    -146
    923 xtV(1135527,231,4,7,8,17)                   1                    1000
    940 xt(1135527,44,2,18,19,75906)                1                    -334
    968 xt(1135527,96,2,18,19,75920)                1                    -278
    983 xt(1135527,91,4,13,14,75916)                1                    -284
   1007 xtV(1135527,138,3,15,16,3)                  1                    1000
   1018 xt(1135528,142,5,19,20,75913)               1                    -236
   1037 xtV(1135530,295,3,7,8,16)                   1                    1000
   1050 xtV(1135531,331,2,13,15,18)                 1                    1000
   1059 xt(1135533,37,2,7,8,75896)                  1                    -320
   1061 xt(1135533,147,2,9,10,75896)                1                    -230
   1070 xt(1135533,29,2,19,21,75918)                1                    -350
   1087 xtV(1135534,256,2,18,19,14)                 1                    1000
   1105 xtV(1135534,129,2,13,15,20)                 1                    1000
   1117 xt(1135534,279,5,15,17,75890)               1                    -180
   1141 xtV(1135535,285,2,18,19,19)                 1                    1000
   1151 xtV(1135535,323,2,13,15,6)                  1                    1000
   1171 xtV(1135535,318,5,15,16,16)                 1                    1000
   1183 xtV(1135536,277,4,7,9,14)                   1                    1000
   1192 xt(1135539,86,3,9,11,75923)                 1                    -286
   1194 xt(1135539,102,3,19,21,75912)               1                    -260
   1199 xtV(1135543,297,2,13,14,12)                 1                    1000
   1212 xtV(1135546,128,2,9,10,17)                  1                    1000
   1230 xt(1135546,242,2,18,19,75918)               1                    -200
   1251 xtV(1135546,163,3,13,15,17)                 1                    1000
   1268 xtV(1135546,149,4,15,17,17)                 1                    1000
   1285 xtV(1135547,210,3,9,10,14)                  1                    1000
   1302 xt(1135547,0,3,18,19,75895)                 1              -353.33333
   1331 xtV(1135547,12,3,18,19,5)                   1                    1000
   1347 xt(1135547,95,3,18,19,75901)                1                    -280
   1367 xtV(1135547,3,3,13,15,5)                    1                    1000
   1385 xtV(1135547,33,2,13,15,14)                  1                    1000
   1397 xt(1135547,177,2,15,16,75905)               1                    -210
   1414 xt(1135551,218,5,9,10,75896)                1                    -196
   1420 xt(1135551,151,2,19,21,75905)               1                    -240
   1441 xt(1135551,179,7,9,11,75895)                1                    -206
   1443 xt(1135552,165,2,9,10,75916)                1                    -210
   1474 xtV(1135552,120,3,18,19,7)                  1                    1000
   1483 xt(1135553,268,4,7,8,75923)                 1              -163.33333
   1508 xtV(1135554,1,3,18,19,1)                    1                    1000
   1519 xt(1135554,15,2,18,19,75916)                1                    -350
   1559 xtV(1135554,162,2,18,19,11)                 1                    1000
   1575 xtV(1135554,22,3,13,15,11)                  1                    1000
   1589 xtV(1135554,281,2,13,15,1)                  1                    1000
   1610 xtV(1135554,186,3,15,16,11)                 1                    1000
   1623 xt(1135555,140,4,15,16,75890)               1                    -234
   1628 xt(1135555,176,3,15,16,75919)               1                    -206
   1639 xt(1135556,107,7,7,9,75918)                 1                    -290
   1664 xtV(1135556,258,5,19,21,4)                  1                    1000
   1677 xtV(1135558,150,2,7,9,3)                    1                    1000
   1694 xtV(1135558,118,2,9,11,7)                   1                    1000
   1705 xtV(1135560,189,3,7,8,9)                    1                    1000
   1730 xtV(1135562,9,3,18,19,2)                    1                    1000
   1757 xtV(1135562,69,2,18,19,21)                  1                    1000
   1769 xtV(1135564,298,3,9,10,1)                   1                    1000
   1785 xt(1135565,260,3,15,16,75923)               1                    -156
   1800 xtV(1135566,178,2,19,20,9)                  1                    1000
   1812 xt(1135567,8,2,18,19,75924)                 1                    -350
   1849 xtV(1135567,68,2,18,19,12)                  1                    1000
   1870 xt(1135568,76,3,19,20,75897)                1                    -310
   1895 xtV(1135568,211,2,19,20,14)                 1                    1000
   1907 xt(1135573,90,5,13,14,75919)                1                    -286
   1932 xtV(1135573,248,3,15,16,18)                 1                    1000
   1947 xtV(1135577,209,2,9,10,19)                  1                    1000
   1959 xtV(1135579,182,2,7,8,6)                    1                    1000
   1974 xtV(1135579,85,3,9,10,6)                    1                    1000
   1998 xtV(1135579,28,2,19,21,6)                   1                    1000
   2014 xtV(1135580,101,2,9,10,20)                  1                    1000
   2035 xt(1135580,2,2,18,19,75895)                 1              -353.33333
   2062 xt(1135580,27,2,18,19,75897)                1                    -350
   2079 xtV(1135580,67,4,13,15,20)                  1                    1000
   2093 xt(1135580,20,2,15,17,75919)                1              -353.33333
   2117 xtV(1135580,253,2,15,17,20)                 1                    1000
   2131 xt(1135581,119,5,18,19,75906)               1                    -250
   2151 xtV(1135582,245,2,7,8,15)                   1                    1000
   2165 xtV(1135582,156,2,9,10,14)                  1                    1000
   2188 xtV(1135582,112,3,19,20,15)                 1                    1000
   2197 xt(1135583,250,2,13,14,75913)               1                    -176
   2220 xtV(1135583,185,2,15,16,18)                 1                    1000
   2246 xtV(1135584,16,3,18,19,10)                  1                    1000
   2257 xt(1135584,223,2,18,19,75913)               1                    -206
   2281 xtV(1135584,100,2,13,15,10)                 1                    1000
   2294 xtV(1135584,35,5,15,16,10)                  1                    1000
   2306 xtV(1135586,194,2,7,8,12)                   1                    1000
   2322 xt(1135586,64,2,15,16,75914)                1                    -326
   2340 xt(1135587,137,4,18,19,75890)               1                    -234
   2349 xt(1135588,161,3,18,19,75906)               1                    -220
   2363 xtV(1135589,25,4,7,8,4)                     1                    1000
   2375 xtV(1135589,208,4,9,10,4)                   1                    1000
   2392 xtV(1135589,61,3,19,21,21)                  1                    1000
   2401 xt(1135493,75,3,9,10,75894)                 1                    -320
   2414 xt(1135493,157,2,9,10,75903)                1                    -226
   2432 xt(1135493,158,3,18,19,75911)               1                    -220
   2447 xtV(1135494,219,4,7,8,16)                   1                    1000
   2458 xtV(1135494,292,4,9,10,16)                  1                    1000
   2472 xtV(1135494,80,2,19,20,16)                  1                    1000
   2487 xtV(1135496,184,2,18,19,22)                 1                    1000
   2501 xtV(1135499,314,3,15,17,7)                  1                    1000
   2512 xtV(1135500,113,3,7,8,5)                    1                    1000
   2527 xtV(1135500,222,3,9,11,20)                  1                    1000
   2538 xt(1135500,94,3,19,21,75921)                1                    -280
   2553 xtV(1135503,229,4,9,10,5)                   1                    1000
   2565 xt(1135503,131,2,18,19,75909)               1                    -320
   2580 xtV(1135503,48,2,15,16,3)                   1                    1000
   2596 xtV(1135503,230,4,15,16,7)                  1                    1000
   2604 xt(1135507,190,2,18,19,75903)               1                    -240
   2624 xtV(1135509,168,2,7,8,11)                   1                    1000
   2636 xtV(1135509,263,3,9,10,10)                  1                    1000
   2653 xtV(1135509,104,5,19,21,11)                 1                    1000
   2662 xt(1135511,181,4,18,19,75907)               1                    -250
   2667 xt(1135515,57,2,18,19,75911)                1                    -340
   2685 xtV(1135515,328,4,18,19,19)                 1                    1000
   2697 xtV(1135517,134,2,9,10,8)                   1                    1000
   2709 xtV(1135518,133,2,19,21,3)                  1                    1000
   2730 xtV(1135522,321,3,18,19,15)                 1                    1000
   2740 xtV(1135527,206,2,9,10,3)                   1                    1000
   2753 xtV(1135527,43,4,18,19,17)                  1                    1000
   2764 xt(1135527,130,3,18,19,75921)               1                    -320
   2780 xt(1135528,235,2,7,8,75921)                 1                    -180
   2796 xtV(1135528,187,3,9,10,7)                   1                    1000
   2809 xtV(1135534,313,3,15,16,14)                 1                    1000
   2822 xtV(1135535,320,2,18,19,6)                  1                    1000
   2835 xtV(1135535,312,4,15,16,6)                  1                    1000
   2849 xt(1135539,193,3,19,21,75911)               1                    -240
   2854 xtV(1135542,264,2,19,20,12)                 1                    1000
   2871 xtV(1135546,239,3,18,19,17)                 1                    1000
   2886 xtV(1135547,32,2,18,19,5)                   1                    1000
   2897 xt(1135547,23,2,15,16,75903)                1                    -360
   2913 xtV(1135547,311,4,15,16,5)                  1                    1000
   2926 xtV(1135548,117,2,19,21,5)                  1                    1000
   2941 xtV(1135552,93,3,9,10,11)                   1                    1000
   2950 xt(1135552,301,3,9,10,75907)                1                    -136
   2964 xt(1135552,305,2,15,16,75909)               1                    -140
   2979 xtV(1135554,6,3,15,16,1)                    1                    1000
   2992 xtV(1135554,132,2,15,16,1)                  1                    1000
   3006 xtV(1135556,299,2,19,21,4)                  1                    1000
   3021 xtV(1135558,116,5,19,21,3)                  1                    1000
   3039 xtV(1135560,272,2,18,19,20)                 1                    1000
   3052 xtV(1135562,174,3,15,16,4)                  1                    1000
   3065 xtV(1135567,144,2,9,11,12)                  1                    1000
   3076 xt(1135567,175,2,18,19,75907)               1                    -270
   3093 xtV(1135567,164,3,15,16,6)                  1                    1000
   3106 xtV(1135568,280,2,7,8,14)                   1                    1000
   3117 xt(1135573,188,5,15,17,75894)               1                    -240
   3137 xtV(1135576,141,2,9,10,21)                  1                    1000
   3146 xtV(1135576,300,4,9,10,10)                  1                    1000
   3158 xt(1135580,30,4,18,19,75909)                1                    -350
   3174 xtV(1135580,36,5,15,16,22)                  1                    1000
   3185 xt(1135581,244,2,9,10,75898)                1                    -150
   3203 xtV(1135581,283,2,15,16,16)                 1                    1000
   3218 xtV(1135582,122,5,19,20,14)                 1                    1000
   3230 xtV(1135584,183,2,18,19,10)                 1                    1000
   3240 xt(1135584,19,2,15,16,75894)                1                    -360
   3258 xtV(1135584,251,2,15,16,10)                 1                    1000
   3271 xtV(1135586,121,2,15,16,12)                 1                    1000
   3285 xtV(1135586,294,3,15,17,12)                 1                    1000
   3297 xtV(1135588,310,5,15,17,13)                 1                    1000
   3309 xtV(1135589,126,2,7,8,4)                    1                    1000
   3324 xtV(1135589,201,3,19,21,4)                  1                    1000
   3336 xt(1135493,79,2,9,10,75910)                 1                    -310
   3359 xt(1135493,204,2,18,19,75900)               1                    -216
   3379 xtV(1135493,77,3,15,16,20)                  1                    1000
   3392 xt(1135493,303,2,15,16,75922)               1                    -136
   3412 xtV(1135494,109,2,19,20,11)                 1                    1000
   3424 xt(1135496,10,2,18,19,75910)                1                    -356
   3448 xtV(1135496,72,2,18,19,2)                   1                    1000
   3461 xtV(1135496,324,2,13,15,21)                 1                    1000
   3478 xtV(1135500,84,3,19,21,5)                   1                    1000
   3497 xtV(1135502,309,2,19,21,7)                  1                    1000
   3514 xtV(1135503,155,2,7,9,9)                    1                    1000
   3525 xt(1135503,41,2,18,19,75908)                1                    -334
   3553 xtV(1135503,56,3,18,19,4)                   1                    1000
   3566 xtV(1135503,288,4,18,19,5)                  1                    1000
   3576 xtV(1135503,42,4,13,15,3)                   1                    1000
   3592 xtV(1135503,59,2,13,14,5)                   1                    1000
   3601 xt(1135504,159,2,9,10,75899)                1                    -230
   3618 xt(1135504,167,4,19,20,75892)               1                  -217.5
   3637 xtV(1135506,154,3,7,8,6)                    1                    1000
   3657 xtV(1135506,124,2,19,21,8)                  1                    1000
   3676 xtV(1135507,53,3,18,19,13)                  1                    1000
   3688 xtV(1135507,262,4,18,19,13)                 1                    1000
   3704 xtV(1135508,236,2,7,8,18)                   1                    1000
   3715 xtV(1135508,216,4,19,20,15)                 1                    1000
   3730 xtV(1135509,214,3,7,8,10)                   1                    1000
   3742 xtV(1135509,289,5,9,10,9)                   1                    1000
   3762 xtV(1135509,58,2,19,20,10)                  1                    1000
   3777 xtV(1135509,327,2,19,20,13)                 1                    1000
   3791 xtV(1135514,217,2,9,10,15)                  1                    1000
   3803 xt(1135515,88,2,18,19,75922)                1                    -286
   3827 xtV(1135516,334,2,7,8,20)                   1                    1000
   3836 xt(1135516,332,2,9,10,75917)                1                    -120
   3856 xtV(1135517,81,2,9,10,13)                   1                    1000
   3865 xt(1135517,70,2,18,19,75891)                1                    -308
   3886 xtV(1135517,82,5,15,16,8)                   1                    1000
   3897 xtV(1135518,213,4,7,9,3)                    1                    1000
   3917 xtV(1135518,271,3,9,10,13)                  1                    1000
   3933 xt(1135518,54,3,19,20,75904)                1                    -330
   3947 xtV(1135518,266,3,19,21,22)                 1                    1000
   3958 xtV(1135523,326,4,19,21,7)                  1                    1000
   3969 xtV(1135525,317,2,15,17,8)                  1                    1000
   3986 xtV(1135526,227,2,9,10,9)                   1                    1000
   3998 xt(1135526,302,2,15,16,75902)               1                    -140
   4015 xtV(1135527,153,3,7,8,17)                   1                    1000
   4034 xtV(1135527,40,3,18,19,3)                   1                    1000
   4051 xt(1135527,55,2,18,19,75915)                1                    -330
   4069 xt(1135527,287,5,18,19,75892)               1                    -156
   4084 xt(1135527,62,5,13,15,75902)                1                    -326
   4097 xt(1135527,45,2,15,16,75910)                1                    -330
   4115 xt(1135527,110,3,15,17,75899)               1                    -258
   4132 xt(1135528,225,2,7,8,75922)                 1                    -180
   4145 xt(1135528,166,5,19,20,75891)               1                    -220
   4173 xtV(1135530,325,2,19,20,19)                 1                    1000
   4182 xtV(1135531,286,3,18,19,18)                 1                    1000
   4191 xt(1135533,115,3,19,21,75899)               1                    -260
   4205 xtV(1135534,207,5,18,19,19)                 1                    1000
   4224 xtV(1135534,278,2,15,17,19)                 1                    1000
   4234 xtV(1135537,308,3,18,19,14)                 1                    1000
   4246 xtV(1135537,316,2,15,16,14)                 1                    1000
   4259 xt(1135539,145,2,19,21,75915)               1                    -230
   4267 xtV(1135542,136,3,7,9,12)                   1                    1000
   4285 xtV(1135542,135,3,19,20,12)                 1                    1000
   4299 xtV(1135542,329,5,15,16,17)                 1                    1000
   4311 xt(1135544,247,2,7,8,75917)                 1                    -160
   4327 xt(1135544,224,5,19,20,75893)               1                    -180
   4342 xtV(1135546,200,2,18,19,17)                 1                    1000
   4363 xtV(1135547,4,3,18,19,9)                    1                    1000
   4377 xt(1135547,38,3,18,19,75904)                1                    -320
   4391 xtV(1135547,71,2,13,15,9)                   1                    1000
   4403 xtV(1135547,252,4,15,16,9)                  1                    1000
   4415 xtV(1135548,146,2,7,8,2)                    1                    1000
   4429 xtV(1135548,241,2,9,10,5)                   1                    1000
   4447 xtV(1135548,114,2,19,21,2)                  1                    1000
   4458 xtV(1135549,307,3,18,19,8)                  1                    1000
   4472 xtV(1135549,315,5,15,16,15)                 1                    1000
   4488 xt(1135550,205,3,9,10,75904)                1                    -210
   4491 xt(1135551,160,7,7,9,75917)                 1                    -240
   4501 xtV(1135552,108,2,9,10,11)                  1                    1000
   4514 xt(1135552,203,3,18,19,75915)               1                    -210
   4532 xtV(1135553,267,3,7,8,2)                    1                    1000
   4544 xt(1135553,265,2,19,20,75893)               1                    -164
   4563 xt(1135554,13,2,18,19,75892)                1                    -356
   4589 xtV(1135554,125,2,18,19,1)                  1                    1000
   4604 xt(1135554,5,2,15,16,75891)                 1                    -358
   4628 xtV(1135554,39,2,15,17,11)                  1                    1000
   4645 xt(1135555,226,3,9,10,75917)                1                    -190
   4650 xt(1135555,180,3,15,16,75908)               1                    -190
   4656 xtV(1135556,228,2,9,10,4)                   1                    1000
   4670 xtV(1135558,60,2,7,8,7)                     1                    1000
   4682 xt(1135558,148,2,9,10,75902)                1                    -236
   4706 xtV(1135558,21,3,19,21,20)                  1                    1000
   4722 xtV(1135558,274,3,19,21,7)                  1                    1000
   4737 xtV(1135560,171,3,15,16,9)                  1                    1000
   4753 xtV(1135562,240,2,9,10,1)                   1                    1000
   4775 xtV(1135562,18,2,15,16,21)                  1                    1000
   4792 xtV(1135562,199,2,15,16,2)                  1                    1000
   4807 xtV(1135566,291,3,19,20,11)                 1                    1000
   4826 xtV(1135567,24,3,18,19,6)                   1                    1000
   4838 xtV(1135567,306,4,18,19,6)                  1                    1000
   4855 xtV(1135568,98,3,19,20,17)                  1                    1000
   4867 xt(1135569,333,2,9,10,75922)                1                   -97.5
   4891 xtV(1135573,233,3,9,11,18)                  1                    1000
   4908 xtV(1135573,63,5,18,19,18)                  1                    1000
   4918 xtV(1135573,191,2,13,15,7)                  1                    1000
   4932 xtV(1135579,202,2,7,8,5)                    1                    1000
   4944 xt(1135579,26,2,19,21,75908)                1                    -354
   4972 xtV(1135580,7,3,18,19,20)                   1                    1000
   4991 xt(1135580,66,2,18,19,75893)                1                    -300
   5006 xtV(1135580,127,2,13,15,17)                 1                    1000
   5027 xtV(1135580,34,2,15,17,22)                  1                    1000
   5045 xtV(1135581,237,3,9,10,16)                  1                    1000
   5058 xtV(1135581,234,5,18,19,16)                 1                    1000
   5071 xtV(1135582,212,3,7,8,13)                   1                    1000
   5091 xtV(1135582,215,3,9,10,15)                  1                    1000
   5109 xtV(1135582,89,3,19,20,19)                  1                    1000
   5127 xtV(1135583,152,2,18,19,18)                 1                    1000
   5149 xtV(1135584,14,2,18,19,4)                   1                    1000
   5172 xtV(1135584,143,2,18,19,9)                  1                    1000
   5188 xt(1135584,17,2,15,17,75900)                1                    -356
   5209 xtV(1135584,198,2,15,17,4)                  1                    1000
   5224 xtV(1135585,293,3,7,9,11)                   1                    1000
   5234 xtV(1135585,290,3,19,20,1)                  1                    1000
   5255 xtV(1135586,52,3,18,19,12)                  1                    1000
   5267 xtV(1135586,261,4,18,19,12)                 1                    1000
   5279 xt(1135587,105,4,19,20,75900)               1                    -266
   5288 xtV(1135589,99,2,7,8,21)                    1                    1000
   5305 xtV(1135589,255,3,9,11,4)                   1                    1000
   5321 xtV(1135589,31,4,19,21,4)                   1                    1000
   5437 tcd(0,0,2)                                  1                      29
   5439 tcd(0,0,4)                                  1                      29
   5442 tcd(0,0,7)                                  1                      29
   5443 tcd(1,0,2)                                  1                      29
   5444 tcd(1,0,3)                                  1                      29
   5445 tcd(1,0,4)                                  1                      29
   5446 tcd(1,0,5)                                  1                      29
   5448 tcd(2,0,2)                                  1                      29
   5451 tcd(2,0,5)                                  1                      29
   5452 tcd(2,0,7)                                  1                      29
   5453 tcd(3,0,2)                                  1                      29
   5454 tcd(3,0,4)                                  1                      29
   5455 tcd(3,0,7)                                  1                      29
   5456 tcd(4,0,2)                                  1                      29
   5459 tcd(4,0,5)                                  1                      29
   5460 tcd(4,0,6)                                  1                      29
   5462 tcd(5,0,2)                                  1                      29
   5463 tcd(5,0,3)                                  1                      29
   5464 tcd(5,0,4)                                  1                      29
   5465 tcd(5,0,5)                                  1                      29
   5467 tcd(5,0,7)                                  1                      29
   5470 tcd(6,0,4)                                  1                      29
   5471 tcd(6,0,5)                                  1                      29
   5472 tcd(6,0,6)                                  1                      29
   5473 tcd(6,0,7)                                  1                      29
   5474 tcd(7,0,2)                                  1                      29
   5475 tcd(7,0,3)                                  1                      29
   5476 tcd(7,0,4)                                  1                      29
   5477 tcd(7,0,5)                                  1                      29
   5478 tcd(7,0,7)                                  1                      29
   5479 tcd(8,0,2)                                  1                      29
   5480 tcd(8,0,4)                                  1                      29
   5481 tcd(8,0,7)                                  1                      29
   5483 tcd(9,0,3)                                  1                      29
   5485 tcd(9,0,5)                                  1                      29
   5486 tcd(9,0,7)                                  1                      29
   5487 tcd(10,0,2)                                 1                      29
   5489 tcd(10,0,4)                                 1                      29
   5490 tcd(10,0,5)                                 1                      29
   5491 tcd(10,0,6)                                 1                      29
   5492 tcd(10,0,7)                                 1                      29
   5493 tcd(11,0,2)                                 1                      29
   5494 tcd(11,0,3)                                 1                      29
   5495 tcd(11,0,4)                                 1                      29
   5496 tcd(11,0,5)                                 1                      29
   5497 tcd(11,0,7)                                 1                      29
   5498 tcd(12,0,2)                                 1                      29
   5500 tcd(12,0,4)                                 1                      29
   5501 tcd(12,0,5)                                 1                      29
   5502 tcd(12,0,7)                                 1                      29
   5504 tcd(13,0,3)                                 1                      29
   5505 tcd(13,0,4)                                 1                      29
   5507 tcd(13,0,6)                                 1                      29
   5508 tcd(14,0,2)                                 1                      29
   5509 tcd(14,0,3)                                 1                      29
   5512 tcd(14,0,6)                                 1                      29
   5513 tcd(15,0,2)                                 1                      29
   5514 tcd(15,0,3)                                 1                      29
   5515 tcd(15,0,4)                                 1                      29
   5516 tcd(15,0,5)                                 1                      29
   5517 tcd(16,1,2)                                 1                      29
   5519 tcd(16,1,4)                                 1                      29
   5521 tcd(16,1,7)                                 1                      29
   5522 tcd(17,1,2)                                 1                      29
   5523 tcd(17,1,3)                                 1                      29
   5524 tcd(17,1,4)                                 1                      29
   5525 tcd(17,1,5)                                 1                      29
   5527 tcd(17,1,7)                                 1                      29
   5528 tcd(18,1,2)                                 1                      29
   5529 tcd(18,1,4)                                 1                      29
   5530 tcd(19,1,2)                                 1                      29
   5531 tcd(19,1,3)                                 1                      29
   5532 tcd(19,1,4)                                 1                      29
   5534 tcd(19,1,7)                                 1                      29
   5535 tcd(20,1,2)                                 1                      29
   5536 tcd(20,1,3)                                 1                      29
   5537 tcd(20,1,4)                                 1                      29
   5538 tcd(20,1,5)                                 1                      29
   5539 tcd(20,1,7)                                 1                      29
   5540 tcd(21,1,2)                                 1                      29
   5541 tcd(21,1,3)                                 1                      29
   5542 tcd(21,1,4)                                 1                      29
   5543 tcd(21,1,5)                                 1                      29
   5545 tcd(22,1,2)                                 1                      29
   5547 tcd(22,1,4)                                 1                      29
   5548 tcd(22,1,5)                                 1                      29
   5550 tcd(22,1,7)                                 1                      29
   5551 tcd(23,2,2)                                 1                      29
   5552 tcd(23,2,3)                                 1                      29
   5553 tcd(23,2,4)                                 1                      29
   5554 tcd(23,2,5)                                 1                      29
   5555 tcd(24,2,2)                                 1                      29
   5557 tcd(24,2,4)                                 1                      29
   5559 tcd(25,2,2)                                 1                      29
   5562 tcd(25,2,5)                                 1                      29
   5563 tcd(25,2,7)                                 1                      29
   5564 tcd(26,2,2)                                 1                      29
   5566 tcd(26,2,4)                                 1                      29
   5567 tcd(26,2,5)                                 1                      29
   5568 tcd(27,2,2)                                 1                      29
   5569 tcd(27,2,3)                                 1                      29
   5570 tcd(27,2,4)                                 1                      29
   5571 tcd(27,2,5)                                 1                      29
   5572 tcd(28,2,2)                                 1                      29
   5574 tcd(28,2,4)                                 1                      29
   5575 tcd(28,2,5)                                 1                      29
   5576 tcd(28,2,7)                                 1                      29
   5577 tcd(29,2,2)                                 1                      29
   5578 tcd(29,2,3)                                 1                      29
   5579 tcd(29,2,4)                                 1                      29
   5580 tcd(29,2,5)                                 1                      29
   5581 tcd(30,2,2)                                 1                      29
   5583 tcd(30,2,4)                                 1                      29
   5584 tcd(30,2,5)                                 1                      29
   5585 tcd(30,2,7)                                 1                      29
   5586 tcd(31,2,2)                                 1                      29
   5588 tcd(31,2,4)                                 1                      29
   5590 tcd(31,2,7)                                 1                      29
   5592 tcd(32,2,3)                                 1                      29
   5594 tcd(32,2,5)                                 1                      29
   5595 tcd(32,2,7)                                 1                      29
   5596 tcd(33,2,2)                                 1                      29
   5597 tcd(33,2,3)                                 1                      29
   5599 tcd(33,2,5)                                 1                      29
   5600 tcd(33,2,6)                                 1                      29
   5601 tcd(33,2,7)                                 1                      29
   5602 tcd(34,2,2)                                 1                      29
   5604 tcd(34,2,5)                                 1                      29
   5606 tcd(34,2,7)                                 1                      29
   5607 td(75916,2)                                 1                       0
   5609 td(75916,4)                                 1                       0
   5612 td(75916,7)                                 1                       0
   5613 td(75924,2)                                 1                       0
   5614 td(75924,3)                                 1                       0
   5615 td(75924,4)                                 1                       0
   5616 td(75924,5)                                 1                       0
   5618 td(75913,2)                                 1                       0
   5621 td(75913,5)                                 1                       0
   5622 td(75913,7)                                 1                       0
   5623 td(75905,2)                                 1                       0
   5624 td(75905,4)                                 1                       0
   5625 td(75905,7)                                 1                       0
   5626 td(75896,2)                                 1                       0
   5629 td(75896,5)                                 1                       0
   5630 td(75896,6)                                 1                       0
   5632 td(75919,2)                                 1                       0
   5633 td(75919,3)                                 1                       0
   5634 td(75919,4)                                 1                       0
   5635 td(75919,5)                                 1                       0
   5637 td(75919,7)                                 1                       0
   5640 td(75890,4)                                 1                       0
   5641 td(75890,5)                                 1                       0
   5642 td(75890,6)                                 1                       0
   5643 td(75890,7)                                 1                       0
   5644 td(75906,2)                                 1                       0
   5645 td(75906,3)                                 1                       0
   5646 td(75906,4)                                 1                       0
   5647 td(75906,5)                                 1                       0
   5648 td(75906,7)                                 1                       0
   5649 td(75918,2)                                 1                       0
   5650 td(75918,4)                                 1                       0
   5651 td(75918,7)                                 1                       0
   5653 td(75901,3)                                 1                       0
   5655 td(75901,5)                                 1                       0
   5656 td(75901,7)                                 1                       0
   5657 td(75920,2)                                 1                       0
   5659 td(75920,4)                                 1                       0
   5660 td(75920,5)                                 1                       0
   5661 td(75920,6)                                 1                       0
   5662 td(75920,7)                                 1                       0
   5663 td(75895,2)                                 1                       0
   5664 td(75895,3)                                 1                       0
   5665 td(75895,4)                                 1                       0
   5666 td(75895,5)                                 1                       0
   5667 td(75895,7)                                 1                       0
   5668 td(75914,2)                                 1                       0
   5670 td(75914,4)                                 1                       0
   5671 td(75914,5)                                 1                       0
   5672 td(75914,7)                                 1                       0
   5674 td(75923,3)                                 1                       0
   5675 td(75923,4)                                 1                       0
   5677 td(75923,6)                                 1                       0
   5678 td(75912,2)                                 1                       0
   5679 td(75912,3)                                 1                       0
   5682 td(75912,6)                                 1                       0
   5683 td(75897,2)                                 1                       0
   5684 td(75897,3)                                 1                       0
   5685 td(75897,4)                                 1                       0
   5686 td(75897,5)                                 1                       0
   5687 td(75903,2)                                 1                       0
   5689 td(75903,4)                                 1                       0
   5691 td(75903,7)                                 1                       0
   5692 td(75894,2)                                 1                       0
   5693 td(75894,3)                                 1                       0
   5694 td(75894,4)                                 1                       0
   5695 td(75894,5)                                 1                       0
   5697 td(75894,7)                                 1                       0
   5698 td(75898,2)                                 1                       0
   5699 td(75898,4)                                 1                       0
   5700 td(75921,2)                                 1                       0
   5701 td(75921,3)                                 1                       0
   5702 td(75921,4)                                 1                       0
   5704 td(75921,7)                                 1                       0
   5705 td(75907,2)                                 1                       0
   5706 td(75907,3)                                 1                       0
   5707 td(75907,4)                                 1                       0
   5708 td(75907,5)                                 1                       0
   5709 td(75907,7)                                 1                       0
   5710 td(75911,2)                                 1                       0
   5711 td(75911,3)                                 1                       0
   5712 td(75911,4)                                 1                       0
   5713 td(75911,5)                                 1                       0
   5715 td(75909,2)                                 1                       0
   5717 td(75909,4)                                 1                       0
   5718 td(75909,5)                                 1                       0
   5720 td(75909,7)                                 1                       0
   5721 td(75899,2)                                 1                       0
   5722 td(75899,3)                                 1                       0
   5723 td(75899,4)                                 1                       0
   5724 td(75899,5)                                 1                       0
   5725 td(75910,2)                                 1                       0
   5727 td(75910,4)                                 1                       0
   5729 td(75902,2)                                 1                       0
   5732 td(75902,5)                                 1                       0
   5733 td(75902,7)                                 1                       0
   5734 td(75922,2)                                 1                       0
   5736 td(75922,4)                                 1                       0
   5737 td(75922,5)                                 1                       0
   5738 td(75908,2)                                 1                       0
   5739 td(75908,3)                                 1                       0
   5740 td(75908,4)                                 1                       0
   5741 td(75908,5)                                 1                       0
   5742 td(75891,2)                                 1                       0
   5744 td(75891,4)                                 1                       0
   5745 td(75891,5)                                 1                       0
   5746 td(75891,7)                                 1                       0
   5747 td(75915,2)                                 1                       0
   5748 td(75915,3)                                 1                       0
   5749 td(75915,4)                                 1                       0
   5750 td(75915,5)                                 1                       0
   5751 td(75892,2)                                 1                       0
   5753 td(75892,4)                                 1                       0
   5754 td(75892,5)                                 1                       0
   5755 td(75892,7)                                 1                       0
   5756 td(75900,2)                                 1                       0
   5758 td(75900,4)                                 1                       0
   5760 td(75900,7)                                 1                       0
   5762 td(75904,3)                                 1                       0
   5764 td(75904,5)                                 1                       0
   5765 td(75904,7)                                 1                       0
   5766 td(75917,2)                                 1                       0
   5767 td(75917,3)                                 1                       0
   5769 td(75917,5)                                 1                       0
   5770 td(75917,6)                                 1                       0
   5771 td(75917,7)                                 1                       0
   5772 td(75893,2)                                 1                       0
   5774 td(75893,5)                                 1                       0
   5776 td(75893,7)                                 1                       0
   5777 vLoad(1)                                  130                       0
