Stopped on time - objective value 29.00000000
  16380 r6#0#42#4                     1                       1
  17198 r7#3#45#2                     1                       1
  18019 r8#4#48#1                     1                       1
  18289 r3#4#49#0                     1                       1
  18294 r3#4#49#2                     1                       1
  19303 r15#3#52#3                    1                       1
  20903 r23#3#57#1                    1                       1
  35540 r21#0#105#1                   1                       1
  35545 r21#0#105#2                   1                       1
  35550 r22#0#105#4                   1                       1
  35551 r22#1#105#4                   1                       1
  37336 r12#1#111#1                   1                       1
  37655 r16#0#112#4                   1                       1
  37882 r9#2#113#0                    1                       1
  37887 r9#2#113#1                    1                       1
  37892 r9#2#113#3                    1                       1
  37897 r9#2#113#4                    1                       1
  38232 r9#2#114#0                    1                       1
  38237 r9#2#114#1                    1                       1
  39155 r14#0#118#0                   1                       1
  39955 r14#0#122#3                   1                       1
  39960 r14#0#122#4                   1                       1
  40530 r14#0#125#4                   1                       1
  46085 r9#0#157#1                    1                       1
  46090 r9#0#157#2                    1                       1
  46095 r10#0#157#2                   1                       1
  46105 r12#0#157#2                   1                       1
  46110 r12#0#157#3                   1                       1
  46115 r12#0#157#4                   1                       1
  46445 x0#0#16#2                     1                       0
  46472 x1#2#1#0                      1                       0
  46507 x2#2#7#1                      1                       0
  46549 x3#4#9#1                      1                       0
  46591 x4#1#23#4                     1                       0
  46622 x5#2#0#0                      1                       0
  46637 x6#2#8#4                      1                       0
  46676 x7#1#24#2                     1                       0
  46715 x8#0#21#3                     1                       0
  46749 x9#4#13#2                     1                       0
  46758 x10#3#11#1                    1                       0
  46799 x11#4#20#3                    1                       0
  46817 x12#2#10#0                    1                       0
  46848 x13#3#17#2                    1                       0
  46893 x14#3#19#3                    1                       0
  46909 x15#4#34#2                    1                       0
  46964 x16#4#35#0                    1                       0
  46989 x17#4#49#0                    1                       0
  47024 x18#4#48#3                    1                       0
  47035 x19#0#40#4                    1                       0
  47065 x20#0#42#3                    1                       0
  47135 x21#0#41#0                    1                       0
  47140 x22#0#45#4                    1                       0
  47184 x23#4#36#1                    1                       0
  47207 x24#2#37#2                    1                       0
  47253 x25#3#28#1                    1                       0
  47286 x26#1#25#0                    1                       0
  47328 x27#3#27#1                    1                       0
  47345 x28#0#47#3                    1                       0
  47402 x29#2#38#2                    1                       0
  47463 x30#3#30#4                    1                       0
  47506 x31#1#26#1                    1                       0
  47517 x32#2#39#2                    1                       0
  47566 x33#1#29#0                    1                       0
  47596 x34#1#31#1                    1                       0
  47648 x35#3#33#2                    1                       0
  47668 x36#3#44#2                    1                       0
  47697 x37#2#43#2                    1                       0
  47736 x38#1#32#1                    1                       0
  47807 x39#2#46#2                    1                       0
  47832 x40#2#62#1                    1                       0
  47891 x41#1#53#4                    1                       0
  47919 x42#4#51#1                    1                       0
  47982 x43#2#65#2                    1                       0
  47991 x44#1#55#2                    1                       0
  48055 x45#0#63#2                    1                       0
  48112 x46#2#70#2                    1                       0
  48127 x47#2#73#4                    1                       0
  48157 x48#2#74#3                    1                       0
  48198 x49#3#52#1                    1                       0
  48220 x50#0#64#3                    1                       0
  48251 x51#1#59#2                    1                       0
  48309 x52#4#58#1                    1                       0
  48349 x53#4#60#1                    1                       0
  48389 x54#4#61#0                    1                       0
  48408 x55#3#50#0                    1                       0
  48441 x56#1#56#2                    1                       0
  48480 x57#0#68#2                    1                       0
  48529 x58#4#71#3                    1                       0
  48568 x59#3#57#0                    1                       0
  48585 x60#0#69#2                    1                       0
  48625 x61#0#72#1                    1                       0
  48701 x62#1#66#0                    1                       0
  48718 x63#3#54#0                    1                       0
  48738 x64#3#67#4                    1                       0
  48751 x65#1#88#4                    1                       0
  48788 x66#3#84#2                    1                       0
  48832 x67#2#80#1                    1                       0
  48875 x68#0#76#2                    1                       0
  48922 x69#2#81#2                    1                       0
  48976 x70#1#87#0                    1                       0
  49000 x71#0#77#0                    1                       0
  49073 x72#3#91#0                    1                       0
  49075 x73#0#79#3                    1                       0
  49130 x74#0#82#2                    1                       0
  49157 x75#2#86#1                    1                       0
  49191 x76#1#92#2                    1                       0
  49218 x77#3#93#2                    1                       0
  49237 x78#2#90#3                    1                       0
  49261 x79#1#96#4                    1                       0
  49321 x80#1#99#1                    1                       0
  49337 x81#2#94#3                    1                       0
  49388 x82#3#95#1                    1                       0
  49405 x83#0#83#1                    1                       0
  49469 x84#4#75#1                    1                       0
  49524 x85#4#78#4                    1                       0
  49554 x86#4#85#2                    1                       0
  49618 x87#3#97#0                    1                       0
  49629 x88#4#89#0                    1                       0
  49654 x89#4#98#2                    1                       0
  49712 x90#0#15#2                    1                       0
  49740 x91#2#100#3                   1                       0
  49775 x92#2#110#1                   1                       0
  49850 x93#1#6#4                     1                       0
  49858 x94#1#102#2                   1                       0
  49912 x95#2#113#4                   1                       0
  49975 x96#3#4#0                     1                       0
  49979 x97#2#114#3                   1                       0
  50026 x98#1#111#2                   1                       0
  50094 x99#2#112#3                   1                       0
  50125 x100#0#12#2                   1                       0
  50204 x101#4#5#1                    1                       0
  50246 x102#1#106#1                  1                       0
  50290 x103#0#101#0                  1                       0
  50348 x104#1#107#2                  1                       0
  50425 x105#3#3#2                    1                       0
  50435 x106#0#105#4                  1                       0
  50523 x107#1#18#2                   1                       0
  50551 x108#1#108#2                  1                       0
  50593 x109#4#2#1                    1                       0
  50666 x110#1#22#0                   1                       0
  50678 x111#0#103#0                  1                       0
  50722 x112#0#104#0                  1                       0
  50772 x113#0#14#1                   1                       0
  50820 x114#0#109#1                  1                       0
  50827 x115#1#117#2                  1                       0
  50843 x116#2#120#1                  1                       0
  50854 x117#1#119#3                  1                       0
  50864 x118#2#121#2                  1                       0
  50877 x119#0#115#0                  1                       0
  50893 x120#1#124#4                  1                       0
  50904 x121#0#118#1                  1                       0
  50926 x122#1#126#2                  1                       0
  50942 x123#2#123#3                  1                       0
  50950 x124#1#127#1                  1                       0
  50960 x125#2#128#3                  1                       0
  50969 x126#2#129#4                  1                       0
  50979 x127#0#122#0                  1                       0
  50991 x128#0#125#2                  1                       0
  51012 x129#0#116#0                  1                       0
  51027 x130#0#133#1                  1                       0
  51045 x131#0#140#3                  1                       0
  51060 x132#0#143#4                  1                       0
  51073 x133#1#130#0                  1                       0
  51092 x134#2#131#0                  1                       0
  51107 x135#2#135#1                  1                       0
  51129 x136#0#141#3                  1                       0
  51142 x137#1#132#2                  1                       0
  51159 x138#0#144#0                  1                       0
  51185 x139#2#137#2                  1                       0
  51200 x140#2#138#3                  1                       0
  51205 x141#1#134#2                  1                       0
  51223 x142#1#136#2                  1                       0
  51239 x143#2#142#4                  1                       0
  51241 x144#1#139#1                  1                       0
  51257 x145#2#148#2                  1                       0
  51273 x146#0#157#3                  1                       0
  51286 x147#1#146#1                  1                       0
  51304 x148#1#150#1                  1                       0
  51319 x149#1#154#3                  1                       0
  51332 x150#2#151#2                  1                       0
  51352 x151#1#156#4                  1                       0
  51365 x152#2#152#2                  1                       0
  51385 x153#1#158#3                  1                       0
  51402 x154#0#145#0                  1                       0
  51414 x155#0#147#0                  1                       0
  51431 x156#2#153#2                  1                       0
  51447 x157#0#149#1                  1                       0
  51458 x158#2#159#0                  1                       0
  51468 x159#0#155#4                  1                       0
