Stopped on time - objective value 257.00000000
   2308 r4#3#2#3                      1                       1
   2313 r4#3#2#6                      1                       1
   4488 r4#3#4#5                      1                       1
   4493 r4#3#4#6                      1                       1
  20664 r17#4#19#3                    1                       1
  20669 r17#4#19#6                    1                       1
  21669 r17#4#20#1                    1                       1
  21674 r17#4#20#5                    1                       1
  31103 r4#3#29#3                     1                       1
  38648 r12#3#36#1                    1                       1
  38753 r20#3#36#6                    1                       1
  39718 r20#3#37#2                    1                       1
  46100 r19#0#45#0                    1                       1
  46105 r19#0#45#1                    1                       1
  46110 r19#0#45#5                    1                       1
  46115 r19#0#45#6                    1                       1
  49546 r22#1#50#0                    1                       1
  49551 r22#1#50#2                    1                       1
  49556 r22#1#50#6                    1                       1
  51050 r27#0#52#0                    1                       1
  51055 r27#0#52#1                    1                       1
  51060 r27#0#52#5                    1                       1
  51080 r29#0#52#1                    1                       1
  51085 r29#0#52#2                    1                       1
  52757 r9#2#55#4                     1                       1
  53077 r27#2#55#3                    1                       1
  53082 r27#2#55#6                    1                       1
  66610 r36#0#75#0                    1                       1
  67112 r27#2#76#3                    1                       1
  73845 r21#0#86#2                    1                       1
  73850 r21#0#86#3                    1                       1
  73855 r21#0#86#6                    1                       1
  83343 r30#3#100#1                   1                       1
  83388 r34#3#100#0                   1                       1
  83393 r34#3#100#1                   1                       1
  83398 r34#3#100#4                   1                       1
  86412 r17#2#105#0                   1                       1
  86417 r17#2#105#1                   1                       1
  86422 r17#2#105#3                   1                       1
  86427 r17#2#105#6                   1                       1
  88041 r33#1#107#3                   1                       1
  88046 r33#1#107#4                   1                       1
  88051 r33#1#107#6                   1                       1
  88706 r33#1#108#1                   1                       1
  88711 r33#1#108#3                   1                       1
  88716 r33#1#108#4                   1                       1
  88721 r33#1#108#6                   1                       1
  90206 r33#1#110#1                   1                       1
  90211 r33#1#110#2                   1                       1
  90216 r33#1#110#3                   1                       1
  90221 r33#1#110#4                   1                       1
  90856 r33#1#111#0                   1                       1
  90861 r33#1#111#4                   1                       1
  91134 r10#4#112#6                   1                       1
  92208 r34#3#113#4                   1                       1
  92213 r34#3#113#6                   1                       1
  92288 r38#3#113#0                   1                       1
  94062 r29#2#116#2                   1                       1
  94067 r29#2#116#3                   1                       1
  94072 r29#2#116#5                   1                       1
  94077 r29#2#116#6                   1                       1
 105631 r33#1#133#0                   1                       1
 105636 r33#1#133#2                   1                       1
 105641 r33#1#133#5                   1                       1
 110905 r8#0#141#0                    1                       1
 110910 r8#0#141#2                    1                       1
 113190 r25#0#144#5                   1                       1
 113195 r25#0#144#6                   1                       1
 116854 r10#4#150#2                   1                       1
 116859 r10#4#150#4                   1                       1
 116864 r10#4#150#5                   1                       1
 116869 r10#4#150#6                   1                       1
 116924 r14#4#150#2                   1                       1
 116929 r14#4#150#3                   1                       1
 116934 r14#4#150#4                   1                       1
 116939 r14#4#150#5                   1                       1
 116944 r14#4#150#6                   1                       1
 117590 r11#0#151#1                   1                       1
 117595 r11#0#151#2                   1                       1
 117600 r11#0#151#5                   1                       1
 117605 r11#0#151#6                   1                       1
 117790 r21#0#151#5                   1                       1
 117795 r21#0#151#6                   1                       1
 145396 r33#1#192#0                   1                       1
 145401 r33#1#192#1                   1                       1
 145406 r33#1#192#6                   1                       1
 146063 r28#3#193#2                   1                       1
 146068 r28#3#193#3                   1                       1
 146073 r28#3#193#4                   1                       1
 147513 r28#3#195#6                   1                       1
 149639 r31#4#198#0                   1                       1
 149644 r31#4#198#2                   1                       1
 152685 r19#0#203#1                   1                       1
 154177 r19#2#205#2                   1                       1
 154725 r11#0#206#0                   1                       1
 154730 r11#0#206#1                   1                       1
 154735 r11#0#206#3                   1                       1
 154740 r11#0#206#4                   1                       1
 154912 r19#2#206#5                   1                       1
 155070 r28#0#206#0                   1                       1
 155075 r28#0#206#3                   1                       1
 155080 r28#0#206#4                   1                       1
 155085 r28#0#206#5                   1                       1
 155090 r28#0#206#6                   1                       1
 155617 r19#2#207#0                   1                       1
 155622 r19#2#207#1                   1                       1
 155627 r19#2#207#3                   1                       1
 155632 r19#2#207#4                   1                       1
 155637 r19#2#207#5                   1                       1
 157265 r28#0#209#1                   1                       1
 157270 r28#0#209#3                   1                       1
 157275 r28#0#209#4                   1                       1
 157280 r28#0#209#5                   1                       1
 157285 r28#0#209#6                   1                       1
 157767 r17#2#210#0                   1                       1
 157772 r17#2#210#1                   1                       1
 157802 r19#2#210#3                   1                       1
 157807 r19#2#210#5                   1                       1
 157812 r19#2#210#6                   1                       1
 160512 r17#2#214#0                   1                       1
 160517 r17#2#214#1                   1                       1
 160522 r17#2#214#4                   1                       1
 160547 r19#2#214#3                   1                       1
 160552 r19#2#214#4                   1                       1
 160557 r19#2#214#5                   1                       1
 160562 r19#2#214#6                   1                       1
 162456 r4#1#217#5                    1                       1
 162521 r9#1#217#1                    1                       1
 162526 r9#1#217#5                    1                       1
 162531 r9#1#217#6                    1                       1
 162651 r17#1#217#4                   1                       1
 164032 r17#2#219#4                   1                       1
 165921 r9#1#222#0                    1                       1
 165926 r9#1#222#1                    1                       1
 165931 r9#1#222#2                    1                       1
 165936 r9#1#222#5                    1                       1
 165941 r10#1#222#1                   1                       1
 166016 r15#1#222#6                   1                       1
 169771 r17#1#229#2                   1                       1
 169786 r18#1#229#1                   1                       1
 169791 r18#1#229#2                   1                       1
 169796 r18#1#229#3                   1                       1
 169801 r18#1#229#4                   1                       1
 169806 r18#1#229#5                   1                       1
 169811 r18#1#229#6                   1                       1
 170201 r18#1#230#0                   1                       1
 170206 r18#1#230#2                   1                       1
 170211 r18#1#230#3                   1                       1
 170720 r5#0#232#0                    1                       1
 170725 r5#0#232#5                    1                       1
 172440 r12#0#236#2                   1                       1
 172445 r12#0#236#4                   1                       1
 172450 r12#0#236#6                   1                       1
 172875 r12#0#237#2                   1                       1
 172880 r12#0#237#3                   1                       1
 172885 r12#0#237#4                   1                       1
 172890 r12#0#237#5                   1                       1
 174307 r20#2#240#2                   1                       1
 174312 r20#2#240#5                   1                       1
 174317 r20#2#240#6                   1                       1
 175005 r15#0#242#0                   1                       1
 175302 r9#2#243#0                    1                       1
 175307 r9#2#243#3                    1                       1
 175312 r9#2#243#5                    1                       1
 175317 r9#2#243#6                    1                       1
 175397 r14#2#243#0                   1                       1
 175402 r14#2#243#3                   1                       1
 175512 r20#2#243#1                   1                       1
 175517 r20#2#243#2                   1                       1
 175522 r20#2#243#3                   1                       1
 175527 r20#2#243#6                   1                       1
 175922 r16#2#244#4                   1                       1
 175997 r20#2#244#0                   1                       1
 176002 r20#2#244#2                   1                       1
 176007 r20#2#244#5                   1                       1
 176012 r20#2#244#6                   1                       1
 176147 r6#2#245#5                    1                       1
 176187 r9#2#245#2                    1                       1
 176192 r9#2#245#4                    1                       1
 176197 r9#2#245#6                    1                       1
 176257 r13#2#245#0                   1                       1
 176262 r13#2#245#3                   1                       1
 176392 r20#2#245#0                   1                       1
 176397 r20#2#245#1                   1                       1
 176402 r20#2#245#4                   1                       1
 176407 r20#2#245#5                   1                       1
 176412 r20#2#245#6                   1                       1
 177157 r13#2#247#1                   1                       1
 177162 r13#2#247#2                   1                       1
 177167 r13#2#247#3                   1                       1
 177172 r13#2#247#4                   1                       1
 177212 r16#2#247#1                   1                       1
 177217 r16#2#247#2                   1                       1
 177222 r16#2#247#4                   1                       1
 177227 r16#2#247#5                   1                       1
 177232 r16#2#247#6                   1                       1
 177292 r20#2#247#2                   1                       1
 177297 r20#2#247#5                   1                       1
 177302 r20#2#247#6                   1                       1
 181527 r17#2#258#0                   1                       1
 181532 r17#2#258#2                   1                       1
 182347 r17#2#260#1                   1                       1
 182352 r17#2#260#4                   1                       1
 182701 r19#1#261#5                   1                       1
 183517 r17#2#263#2                   1                       1
 184766 r19#1#266#2                   1                       1
 184771 r19#1#266#5                   1                       1
 184776 r19#1#266#6                   1                       1
 184806 r21#1#266#1                   1                       1
 185011 r11#1#267#0                   1                       1
 185016 r11#1#267#4                   1                       1
 185021 r11#1#267#6                   1                       1
 185026 r12#1#267#6                   1                       1
 185031 r13#1#267#0                   1                       1
 185036 r13#1#267#2                   1                       1
 185041 r13#1#267#5                   1                       1
 185096 r19#1#267#0                   1                       1
 185101 r19#1#267#1                   1                       1
 185106 r19#1#267#5                   1                       1
 185111 r19#1#267#6                   1                       1
 185136 r21#1#267#0                   1                       1
 185141 r21#1#267#2                   1                       1
 185600 r4#0#269#0                    1                       1
 185605 r4#0#269#3                    1                       1
 185610 r4#0#269#4                    1                       1
 185930 r20#0#269#2                   1                       1
 185935 r20#0#269#6                   1                       1
 185980 r23#0#269#1                   1                       1
 185985 r23#0#269#3                   1                       1
 185990 r23#0#269#4                   1                       1
 185995 r23#0#269#5                   1                       1
 186445 r23#0#270#0                   1                       1
 186450 r23#0#270#3                   1                       1
 186915 r23#0#271#1                   1                       1
 186920 r23#0#271#2                   1                       1
 186925 r23#0#271#3                   1                       1
 188301 r7#1#275#1                    1                       1
 188306 r7#1#275#2                    1                       1
 188311 r7#1#275#5                    1                       1
 189585 r13#0#278#1                   1                       1
 189590 r13#0#278#3                   1                       1
 189595 r13#0#278#5                   1                       1
 189600 r13#0#278#6                   1                       1
 191826 r5#1#284#5                    1                       1
 192515 r20#0#285#1                   1                       1
 192520 r20#0#285#6                   1                       1
 192676 r5#1#286#0                    1                       1
 192681 r5#1#286#4                    1                       1
 194336 r10#1#290#2                   1                       1
 194341 r11#1#290#3                   1                       1
 194346 r11#1#290#4                   1                       1
 194351 r11#1#290#6                   1                       1
 194441 r17#1#290#0                   1                       1
 194446 r17#1#290#5                   1                       1
 195177 r12#2#292#0                   1                       1
 195182 r12#2#292#3                   1                       1
 195715 r20#0#293#1                   1                       1
 196606 x0#1#9#3                      1                       0
 196616 x1#1#26#3                     1                       0
 196640 x2#0#33#5                     1                       0
 196646 x3#1#28#3                     1                       0
 196668 x4#3#1#1                      1                       0
 196677 x5#2#18#2                     1                       0
 196692 x6#2#24#4                     1                       0
 196701 x7#1#35#3                     1                       0
 196718 x8#3#36#3                     1                       0
 196727 x9#2#27#4                     1                       0
 196746 x10#1#39#6                    1                       0
 196754 x11#4#7#1                     1                       0
 196769 x12#4#19#2                    1                       0
 196788 x13#3#37#6                    1                       0
 196794 x14#4#20#2                    1                       0
 196812 x15#2#30#5                    1                       0
 196820 x16#0#38#5                    1                       0
 196844 x17#4#16#1                    1                       0
 196849 x18#4#22#2                    1                       0
 196864 x19#4#23#2                    1                       0
 196883 x20#3#8#1                     1                       0
 196897 x21#2#34#0                    1                       0
 196904 x22#4#31#2                    1                       0
 196919 x23#4#32#0                    1                       0
 196922 x24#2#40#0                    1                       0
 196932 x25#2#55#5                    1                       0
 196944 x26#4#59#5                    1                       0
 196958 x27#3#48#2                    1                       0
 196979 x28#4#61#5                    1                       0
 196983 x29#3#49#4                    1                       0
 196991 x30#1#42#1                    1                       0
 197001 x31#1#43#1                    1                       0
 197016 x32#1#50#2                    1                       0
 197042 x33#2#56#2                    1                       0
 197052 x34#2#60#5                    1                       0
 197068 x35#3#53#2                    1                       0
 197077 x36#2#66#5                    1                       0
 197093 x37#3#57#2                    1                       0
 197110 x38#0#45#3                    1                       0
 197129 x39#4#63#0                    1                       0
 197134 x40#4#64#4                    1                       0
 197143 x41#3#58#2                    1                       0
 197157 x42#2#71#6                    1                       0
 197170 x43#0#41#3                    1                       0
 197194 x44#4#65#2                    1                       0
 197205 x45#0#52#3                    1                       0
 197211 x46#1#44#1                    1                       0
 197239 x47#4#68#5                    1                       0
 197248 x48#3#62#2                    1                       0
 197267 x49#2#76#6                    1                       0
 197276 x50#1#51#0                    1                       0
 197285 x51#0#46#1                    1                       0
 197304 x52#4#72#1                    1                       0
 197320 x53#0#47#3                    1                       0
 197333 x54#3#78#0                    1                       0
 197340 x55#0#70#2                    1                       0
 197358 x56#3#79#2                    1                       0
 197366 x57#1#54#3                    1                       0
 197386 x58#1#67#5                    1                       0
 197400 x59#0#75#6                    1                       0
 197415 x60#0#73#3                    1                       0
 197422 x61#2#77#5                    1                       0
 197436 x62#1#69#3                    1                       0
 197444 x63#4#74#1                    1                       0
 197459 x64#4#85#1                    1                       0
 197469 x65#4#90#3                    1                       0
 197479 x66#4#103#5                   1                       0
 197484 x67#4#112#4                   1                       0
 197498 x68#3#84#3                    1                       0
 197508 x69#3#89#2                    1                       0
 197517 x70#2#91#2                    1                       0
 197536 x71#1#82#1                    1                       0
 197547 x72#2#98#3                    1                       0
 197560 x73#0#80#0                    1                       0
 197574 x74#4#109#6                   1                       0
 197586 x75#1#83#5                    1                       0
 197606 x76#1#107#5                   1                       0
 197617 x77#2#105#5                   1                       0
 197626 x78#1#108#5                   1                       0
 197643 x79#3#92#2                    1                       0
 197658 x80#3#93#2                    1                       0
 197682 x81#2#102#3                   1                       0
 197699 x82#4#115#0                   1                       0
 197714 x83#4#118#6                   1                       0
 197715 x84#0#86#1                    1                       0
 197735 x85#0#81#0                    1                       0
 197746 x86#1#110#5                   1                       0
 197760 x87#0#87#1                    1                       0
 197775 x88#0#94#2                    1                       0
 197798 x89#3#100#3                   1                       0
 197807 x90#2#106#3                   1                       0
 197821 x91#1#111#3                   1                       0
 197837 x92#2#116#6                   1                       0
 197842 x93#2#113#4                   1                       0
 197853 x94#3#96#2                    1                       0
 197877 x95#2#117#5                   1                       0
 197890 x96#0#95#1                    1                       0
 197901 x97#1#88#1                    1                       0
 197918 x98#3#99#2                    1                       0
 197924 x99#4#119#0                   1                       0
 197936 x100#1#114#5                  1                       0
 197945 x101#0#97#2                   1                       0
 197968 x102#3#104#2                  1                       0
 197975 x103#0#101#2                  1                       0
 197989 x104#4#126#2                  1                       0
 197994 x105#4#139#5                  1                       0
 198008 x106#3#120#2                  1                       0
 198019 x107#4#150#6                  1                       0
 198025 x108#0#121#0                  1                       0
 198037 x109#2#143#5                  1                       0
 198055 x110#0#141#3                  1                       0
 198063 x111#3#123#1                  1                       0
 198070 x112#0#122#0                  1                       0
 198085 x113#0#151#6                  1                       0
 198109 x114#4#140#3                  1                       0
 198115 x115#0#142#3                  1                       0
 198133 x116#3#127#2                  1                       0
 198146 x117#1#124#1                  1                       0
 198174 x118#4#147#5                  1                       0
 198182 x119#2#145#5                  1                       0
 198204 x120#4#155#5                  1                       0
 198206 x121#1#125#1                  1                       0
 198232 x122#2#146#3                  1                       0
 198242 x123#2#148#4                  1                       0
 198248 x124#3#131#2                  1                       0
 198265 x125#0#144#3                  1                       0
 198276 x126#1#128#1                  1                       0
 198291 x127#1#129#1                  1                       0
 198309 x128#4#156#0                  1                       0
 198331 x129#1#133#2                  1                       0
 198335 x130#0#153#6                  1                       0
 198353 x131#3#132#2                  1                       0
 198363 x132#3#134#2                  1                       0
 198382 x133#2#149#5                  1                       0
 198392 x134#2#152#3                  1                       0
 198418 x135#3#136#2                  1                       0
 198422 x136#2#154#3                  1                       0
 198431 x137#1#130#1                  1                       0
 198442 x138#2#158#5                  1                       0
 198463 x139#3#138#4                  1                       0
 198465 x140#0#159#5                  1                       0
 198481 x141#1#135#2                  1                       0
 198494 x142#4#157#0                  1                       0
 198501 x143#1#137#2                  1                       0
 198514 x144#4#163#1                  1                       0
 198521 x145#1#161#0                  1                       0
 198530 x146#0#167#2                  1                       0
 198550 x147#0#171#2                  1                       0
 198564 x148#4#169#2                  1                       0
 198571 x149#1#164#1                  1                       0
 198587 x150#2#160#5                  1                       0
 198600 x151#0#175#3                  1                       0
 198607 x152#2#162#4                  1                       0
 198616 x153#1#170#0                  1                       0
 198638 x154#3#168#3                  1                       0
 198658 x155#3#174#2                  1                       0
 198671 x156#1#184#5                  1                       0
 198683 x157#3#183#5                  1                       0
 198704 x158#4#188#5                  1                       0
 198714 x159#4#173#2                  1                       0
 198722 x160#2#165#1                  1                       0
 198743 x161#3#187#5                  1                       0
 198758 x162#3#193#6                  1                       0
 198773 x163#3#195#0                  1                       0
 198785 x164#0#177#2                  1                       0
 198790 x165#0#179#3                  1                       0
 198819 x166#4#186#3                  1                       0
 198825 x167#0#180#3                  1                       0
 198841 x168#1#192#6                  1                       0
 198854 x169#4#198#6                  1                       0
 198862 x170#2#166#1                  1                       0
 198877 x171#2#172#1                  1                       0
 198893 x172#3#191#3                  1                       0
 198912 x173#2#176#2                  1                       0
 198933 x174#3#197#5                  1                       0
 198944 x175#4#189#5                  1                       0
 198950 x176#0#181#1                  1                       0
 198971 x177#1#185#2                  1                       0
 198981 x178#1#194#0                  1                       0
 198989 x179#4#199#5                  1                       0
 198995 x180#0#182#4                  1                       0
 199012 x181#2#178#2                  1                       0
 199021 x182#1#196#3                  1                       0
 199032 x183#2#190#2                  1                       0
 199041 x184#1#208#2                  1                       0
 199046 x185#0#200#1                  1                       0
 199054 x186#2#205#3                  1                       0
 199059 x187#1#217#5                  1                       0
 199065 x188#1#212#6                  1                       0
 199070 x189#0#202#1                  1                       0
 199079 x190#0#206#3                  1                       0
 199095 x191#1#222#5                  1                       0
 199099 x192#2#210#2                  1                       0
 199107 x193#1#213#2                  1                       0
 199119 x194#1#219#5                  1                       0
 199126 x195#0#203#1                  1                       0
 199143 x196#0#11#5                   1                       0
 199150 x197#2#214#2                  1                       0
 199157 x198#0#209#3                  1                       0
 199167 x199#1#220#6                  1                       0
 199186 x200#3#0#1                    1                       0
 199195 x201#2#207#1                  1                       0
 199212 x202#1#5#1                    1                       0
 199218 x203#2#201#0                  1                       0
 199224 x204#2#216#3                  1                       0
 199237 x205#1#3#5                    1                       0
 199256 x206#0#25#5                   1                       0
 199268 x207#1#223#2                  1                       0
 199275 x208#2#218#2                  1                       0
 199286 x209#0#21#5                   1                       0
 199303 x210#1#6#3                    1                       0
 199309 x211#2#10#2                   1                       0
 199320 x212#0#204#4                  1                       0
 199333 x213#2#221#3                  1                       0
 199342 x214#3#29#5                   1                       0
 199354 x215#0#211#4                  1                       0
 199367 x216#2#17#6                   1                       0
 199388 x217#0#13#2                   1                       0
 199403 x218#0#14#3                   1                       0
 199408 x219#0#215#0                  1                       0
 199422 x220#3#2#0                    1                       0
 199439 x221#2#12#2                   1                       0
 199447 x222#0#15#2                   1                       0
 199465 x223#3#4#0                    1                       0
 199477 x224#0#232#2                  1                       0
 199488 x225#2#228#3                  1                       0
 199490 x226#1#224#0                  1                       0
 199497 x227#2#235#2                  1                       0
 199509 x228#2#245#5                  1                       0
 199513 x229#0#226#3                  1                       0
 199521 x230#2#243#6                  1                       0
 199526 x231#1#225#0                  1                       0
 199531 x232#0#236#2                  1                       0
 199542 x233#2#240#4                  1                       0
 199546 x234#0#237#2                  1                       0
 199557 x235#2#247#6                  1                       0
 199567 x236#0#234#3                  1                       0
 199575 x237#2#244#5                  1                       0
 199583 x238#1#229#3                  1                       0
 199588 x239#0#239#3                  1                       0
 199600 x240#0#241#2                  1                       0
 199607 x241#1#230#1                  1                       0
 199613 x242#1#227#1                  1                       0
 199618 x243#0#242#4                  1                       0
 199629 x244#2#238#2                  1                       0
 199631 x245#1#231#1                  1                       0
 199640 x246#1#233#1                  1                       0
 199646 x247#1#246#5                  1                       0
 199651 x248#0#248#0                  1                       0
 199657 x249#0#250#2                  1                       0
 199663 x250#0#251#3                  1                       0
 199669 x251#0#269#0                  1                       0
 199675 x252#0#254#2                  1                       0
 199685 x253#1#256#2                  1                       0
 199696 x254#0#270#5                  1                       0
 199703 x255#1#267#5                  1                       0
 199710 x256#2#249#1                  1                       0
 199716 x257#2#252#1                  1                       0
 199725 x258#2#258#2                  1                       0
 199733 x259#1#257#3                  1                       0
 199742 x260#1#261#4                  1                       0
 199748 x261#1#266#4                  1                       0
 199761 x262#2#260#3                  1                       0
 199762 x263#0#271#5                  1                       0
 199776 x264#2#263#2                  1                       0
 199779 x265#2#253#1                  1                       0
 199788 x266#2#264#6                  1                       0
 199796 x267#1#259#3                  1                       0
 199803 x268#2#265#6                  1                       0
 199811 x269#1#262#2                  1                       0
 199814 x270#1#268#3                  1                       0
 199819 x271#0#255#1                  1                       0
 199827 x272#2#284#3                  1                       0
 199832 x273#1#272#2                  1                       0
 199839 x274#2#286#3                  1                       0
 199848 x275#2#287#3                  1                       0
 199858 x276#0#278#1                  1                       0
 199862 x277#1#275#2                  1                       0
 199872 x278#2#288#3                  1                       0
 199880 x279#1#273#0                  1                       0
 199887 x280#2#292#5                  1                       0
 199892 x281#1#290#3                  1                       0
 199901 x282#1#276#1                  1                       0
 199907 x283#1#277#2                  1                       0
 199917 x284#2#291#6                  1                       0
 199921 x285#0#274#0                  1                       0
 199927 x286#0#279#1                  1                       0
 199936 x287#0#280#2                  1                       0
 199945 x288#0#281#2                  1                       0
 199955 x289#1#283#1                  1                       0
 199962 x290#2#293#6                  1                       0
 199966 x291#0#285#4                  1                       0
 199972 x292#0#282#2                  1                       0
 199978 x293#0#289#4                  1                       0
 199986 x294#2#294#5                  1                       0
 199994 x295#1#295#5                  1                       0
