blp-ic97;cgl;0;0;3846.3586670533;1.30;0;0
blp-ic97;cgl;1;52;3852.4795153722;22.68;0;0
blp-ic97;cgl;2;93;3860.6600247926;57.74;0;0
blp-ic97;cgl;3;128;3862.4065405148;102.79;0;0
blp-ic97;cgl;4;169;3863.6319517703;155.87;0;0
blp-ic97;cgl;5;202;3864.0451064620;218.69;0;0
blp-ic97;cgl;6;232;3865.2951779284;288.39;0;0
blp-ic97;cgl;7;255;3866.5162257572;364.85;0;0
blp-ic97;cgl;8;271;3866.7379988463;446.52;0;0
blp-ic97;cgl;9;286;3867.7147134772;531.99;0;0
blp-ic97;cgl;10;298;3867.7866404007;623.02;0;0
blp-ic97;cgl;11;305;3867.8551891702;717.97;0;0
blp-ic97;cgl;12;308;3867.9379781820;813.64;0;0
blp-ic97;cgl;13;313;3867.9855651702;910.14;0;0
blp-ic97;cgl;14;316;3867.9855651702;1007.29;0;0
blp-ic97;cgl;15;316;3867.9855651702;1103.66;0;0
