f2gap801600;cgl;0;0;86570.1208665629;0.15;0;0
f2gap801600;cgl;1;123;86577.2883916721;0.29;0;0
f2gap801600;cgl;2;204;86578.7863787992;0.53;0;0
f2gap801600;cgl;3;274;86579.8151823457;0.80;0;0
f2gap801600;cgl;4;333;86581.0940674282;1.17;0;0
f2gap801600;cgl;5;392;86582.6501867607;1.65;0;0
f2gap801600;cgl;6;456;86584.5691393638;2.11;0;0
f2gap801600;cgl;7;519;86590.2802724777;2.74;0;0
f2gap801600;cgl;8;574;86595.5672310743;3.38;0;0
f2gap801600;cgl;9;620;86600.4511877760;4.01;0;0
f2gap801600;cgl;10;665;86605.0754162373;4.57;0;0
f2gap801600;cgl;11;700;86611.1519603772;5.32;0;0
f2gap801600;cgl;12;741;86616.2271497271;6.03;0;0
f2gap801600;cgl;13;775;86624.3541591858;6.90;0;0
f2gap801600;cgl;14;808;86634.3233639941;7.67;0;0
f2gap801600;cgl;15;844;86642.3987652265;8.48;0;0
f2gap801600;cgl;16;873;86647.4159714299;9.09;0;0
f2gap801600;cgl;17;897;86656.7589305142;9.96;0;0
f2gap801600;cgl;18;925;86662.8116960343;10.90;0;0
f2gap801600;cgl;19;945;86666.2285414131;11.76;0;0
f2gap801600;cgl;20;970;86677.2787240671;12.87;0;0
f2gap801600;cgl;21;976;86677.5185185174;13.48;0;0
f2gap801600;cgl;22;978;86678.1228070180;13.95;0;0
f2gap801600;cgl;23;980;86678.2258064519;14.39;0;0
f2gap801600;cgl;24;981;86679.0000000003;14.89;0;0
f2gap801600;cgl;25;981;86679.0000000003;15.28;0,0
