mkc1;cgl;0;0;-611.8500000000;0.34;0;0
mkc1;cgl;1;3;-611.8500000000;0.44;0;0
mkc1;cgl;2;6;-611.8500000000;0.53;0;0
mkc1;cgl;3;9;-611.8500000000;0.62;0;0
mkc1;cgl;4;11;-611.8500000000;0.71;0;0
mkc1;cgl;5;13;-611.8500000000;0.81;0;0
mkc1;cgl;6;15;-611.8500000000;0.90;0;0
mkc1;cgl;7;17;-611.8500000000;0.99;0;0
mkc1;cgl;8;19;-611.8500000000;1.08;0;0
mkc1;cgl;9;21;-611.8500000000;1.18;0;0
mkc1;cgl;10;23;-611.8500000000;1.27;0;0
mkc1;cgl;11;25;-611.8500000000;1.36;0;0
mkc1;cgl;12;27;-611.8500000000;1.45;0;0
mkc1;cgl;13;29;-611.8500000000;1.55;0;0
mkc1;cgl;14;31;-611.8500000000;1.64;0;0
mkc1;cgl;15;33;-611.8500000000;1.73;0;0
mkc1;cgl;16;37;-611.8500000000;1.83;0;0
mkc1;cgl;17;40;-611.8500000000;1.92;0;0
mkc1;cgl;18;42;-611.8500000000;2.03;0;0
mkc1;cgl;19;47;-611.8500000000;2.14;0;0
mkc1;cgl;20;51;-611.8500000000;2.24;0;0
mkc1;cgl;21;56;-611.8500000000;2.34;0;0
mkc1;cgl;22;59;-611.8500000000;2.43;0;0
mkc1;cgl;23;62;-611.8500000000;2.52;0;0
mkc1;cgl;24;66;-611.8500000000;2.62;0;0
mkc1;cgl;25;68;-611.8500000000;2.71;0;0
mkc1;cgl;26;75;-611.8500000000;2.81;0;0
mkc1;cgl;27;81;-611.8500000000;2.90;0;0
mkc1;cgl;28;85;-611.8500000000;3.00;0;0
mkc1;cgl;29;87;-611.8500000000;3.09;0;0
mkc1;cgl;30;89;-611.8500000000;3.19;0;0
mkc1;cgl;31;91;-611.8500000000;3.29;0;0
mkc1;cgl;32;97;-611.8500000000;3.38;0;0
mkc1;cgl;33;101;-611.8500000000;3.48;0;0
mkc1;cgl;34;103;-611.8500000000;3.57;0;0
mkc1;cgl;35;106;-611.8500000000;3.67;0;0
mkc1;cgl;36;110;-611.8500000000;3.76;0;0
mkc1;cgl;37;115;-611.8500000000;3.86;0;0
mkc1;cgl;38;117;-611.8500000000;3.95;0;0
mkc1;cgl;39;119;-611.8500000000;4.04;0;0
mkc1;cgl;40;121;-611.8500000000;4.14;0;0
mkc1;cgl;41;124;-611.8500000000;4.23;0;0
mkc1;cgl;42;126;-611.8500000000;4.33;0;0
mkc1;cgl;43;130;-611.8500000000;4.42;0;0
mkc1;cgl;44;133;-611.8500000000;4.52;0;0
mkc1;cgl;45;135;-611.8500000000;4.61;0;0
mkc1;cgl;46;138;-611.8500000000;4.70;0;0
mkc1;cgl;47;140;-611.8500000000;4.79;0;0
mkc1;cgl;48;142;-611.8500000000;4.89;0;0
mkc1;cgl;49;145;-611.8500000000;4.98;0;0
mkc1;cgl;50;147;-611.8500000000;5.08;0;0
mkc1;cgl;51;147;-611.8500000000;5.08;0,0
