academictimetablebig;cgl;0;0;25.4444444444;1316.13;0;0
academictimetablebig;cgl;1;4083;425.4444444444;1700.56;5;0
academictimetablebig;cgl;2;6220;425.4444444444;2088.53;20;0
academictimetablebig;cgl;3;7607;425.4444444444;2393.75;32;0
academictimetablebig;cgl;4;8695;425.4444444444;2674.32;33;0
academictimetablebig;cgl;5;9336;425.4444444444;2943.74;33;0
academictimetablebig;cgl;6;9769;425.4444444444;3146.85;34;0
academictimetablebig;cgl;7;10037;425.4444444444;3391.28;34;0
academictimetablebig;cgl;8;10267;425.4444444444;3536.17;34;0
academictimetablebig;cgl;9;10374;425.4444444444;3699.11;36;0
academictimetablebig;cgl;10;10459;425.4444444444;3817.90;39;0
academictimetablebig;cgl;11;10501;425.4444444444;3937.31;41;0
academictimetablebig;cgl;12;10559;425.4444444444;4032.50;41;0
academictimetablebig;cgl;13;10591;425.4444444444;4126.43;41;0
academictimetablebig;cgl;14;10610;425.4444444444;4217.18;41;0
academictimetablebig;cgl;15;10619;425.4444444444;4319.61;41;0
academictimetablebig;cgl;16;10634;425.4444444444;4414.19;41;0
academictimetablebig;cgl;17;10652;425.4444444444;4486.49;41;0
academictimetablebig;cgl;18;10661;425.4444444444;4561.79;41;0
academictimetablebig;cgl;19;10662;425.4444444444;4634.95;41;0
academictimetablebig;cgl;20;10662;425.4444444444;4699.70;41,0
