attfInst1;cgl;0;0;189.0000000000;0.38;0;0
attfInst1;cgl;1;16;189.0000000000;0.59;18;0
attfInst1;cgl;2;28;189.0000000000;0.75;79;0
attfInst1;cgl;3;31;189.0000000000;0.89;79;0
attfInst1;cgl;4;39;189.0000000000;1.07;202;0
attfInst1;cgl;5;49;189.0000000000;1.27;1947;0
attfInst1;cgl;6;61;189.0000000000;1.51;3178;0
attfInst1;cgl;7;71;189.0000000000;1.93;11371;0
attfInst1;cgl;8;75;189.0000000000;2.26;11374;0
attfInst1;cgl;9;76;189.0000000000;2.57;11374;0
attfInst1;cgl;10;76;189.0000000000;2.88;11374,0
