neos-2991472-kalu;cgl;0;0;0.0000000000;141.14;0;0
neos-2991472-kalu;cgl;1;24;0.0000000000;465.94;2;0
neos-2991472-kalu;cgl;2;49;0.0000000000;775.78;70;0
neos-2991472-kalu;cgl;3;66;0.0000000000;1066.75;70;0
neos-2991472-kalu;cgl;4;78;0.0000000000;1352.99;70;0
neos-2991472-kalu;cgl;5;92;0.0000000000;1623.08;70;0
neos-2991472-kalu;cgl;6;113;0.0000000000;1886.25;70;0
neos-2991472-kalu;cgl;7;127;0.0000000000;2143.76;70;0
neos-2991472-kalu;cgl;8;139;0.0000000000;2398.37;70;0
neos-2991472-kalu;cgl;9;153;0.0000000000;2653.05;70;0
neos-2991472-kalu;cgl;10;164;0.0000000000;2917.22;70;0
neos-2991472-kalu;cgl;11;172;0.0000000000;3173.25;70;0
neos-2991472-kalu;cgl;12;181;0.0000000000;3437.72;70;0
neos-2991472-kalu;cgl;13;193;0.0000000000;3724.67;70;0
neos-2991472-kalu;cgl;14;205;0.0000000000;4009.23;70;0
neos-2991472-kalu;cgl;15;220;0.0000000000;4283.34;71;0
neos-2991472-kalu;cgl;16;232;0.0000000000;4549.59;71;0
neos-2991472-kalu;cgl;17;252;0.0000000000;4815.13;71;0
neos-2991472-kalu;cgl;18;264;0.0000000000;5100.53;72;0
neos-2991472-kalu;cgl;19;279;0.0000000000;5369.80;72;0
neos-2991472-kalu;cgl;20;289;0.0000000000;5631.89;72;0
neos-2991472-kalu;cgl;21;302;0.0000000000;5902.29;72;0
neos-2991472-kalu;cgl;22;316;0.0000000000;6173.60;8159;0
neos-2991472-kalu;cgl;23;327;0.0000000000;6439.92;8159;0
neos-2991472-kalu;cgl;24;339;0.0000000000;6702.09;8159;0
neos-2991472-kalu;cgl;25;356;0.0000000000;6967.06;8159;0
neos-2991472-kalu;cgl;26;369;0.0000000000;7233.70;8159;0
neos-2991472-kalu;cgl;27;381;0.0000000000;7504.56;8159;0
neos-2991472-kalu;cgl;28;388;0.0000000000;7772.74;8159;0
neos-2991472-kalu;cgl;29;397;0.0000000000;8045.44;8159;0
neos-2991472-kalu;cgl;30;406;0.0000000000;8307.58;8447;0
neos-2991472-kalu;cgl;31;415;0.0000000000;8586.94;8483;0
neos-2991472-kalu;cgl;32;422;0.0000000000;8855.40;8483;0
neos-2991472-kalu;cgl;33;432;0.0000000000;9124.66;8483;0
neos-2991472-kalu;cgl;34;440;0.0000000000;9398.37;8485;0
neos-2991472-kalu;cgl;35;449;0.0000000000;9691.12;8485;0
neos-2991472-kalu;cgl;36;457;0.0000000000;10007.74;8485;0
neos-2991472-kalu;cgl;37;467;0.0000000000;10316.80;8485;0
neos-2991472-kalu;cgl-opt;38;479;0.0000000000;10669.21;8551;0
