30n20b8;cgl;0;0;1.5664076456;1.68;0;0
30n20b8;cgl;1;91;1.5664076456;4.13;0;0
30n20b8;cgl;2;183;1.5664076456;8.97;0;0
30n20b8;cgl;3;277;1.5664076456;16.19;0;0
30n20b8;cgl;4;372;1.5664076456;25.94;0;0
30n20b8;cgl;5;464;1.5664076456;38.26;0;0
30n20b8;cgl;6;555;1.5664076456;52.99;0;0
30n20b8;cgl;7;648;1.5664076456;70.32;0;0
30n20b8;cgl;8;738;1.5664076456;90.23;0;0
30n20b8;cgl;9;830;1.5664076456;112.48;0;0
30n20b8;cgl;10;919;1.7703067471;136.02;0;0
30n20b8;cgl;11;1007;1.7703067471;162.80;0;0
30n20b8;cgl;12;1094;1.7703067471;192.51;0;0
30n20b8;cgl;13;1182;3.1767035787;225.39;0;0
30n20b8;cgl;14;1265;3.1767719883;258.01;0;0
30n20b8;cgl;15;1346;3.1768417940;292.42;0;0
30n20b8;cgl;16;1425;3.1798229401;328.71;0;0
30n20b8;cgl;17;1507;3.1799520223;367.45;0;0
30n20b8;cgl;18;1586;3.1801129682;409.26;0;0
30n20b8;cgl;19;1661;3.1802806718;455.20;0;0
30n20b8;cgl;20;1740;3.1937962502;500.99;0;0
30n20b8;cgl;21;1815;3.1940441195;547.10;0;0
30n20b8;cgl;22;1892;3.2056020204;595.38;0;0
30n20b8;cgl;23;1971;3.2059719518;645.75;0;0
30n20b8;cgl;24;2047;3.2064933966;700.05;0;0
30n20b8;cgl;25;2120;3.2068820135;756.16;0;0
30n20b8;cgl;26;2193;3.2072789877;812.67;0;0
30n20b8;cgl;27;2268;3.4779420495;871.96;0;0
30n20b8;cgl;28;2338;3.4782149887;933.80;0;0
30n20b8;cgl;29;2414;3.4787777501;995.72;0;0
30n20b8;cgl;30;2487;3.5293607181;1058.63;0;0
30n20b8;cgl;31;2553;3.5293607181;1123.61;0;0
30n20b8;cgl;32;2622;3.5293607181;1190.25;0;0
30n20b8;cgl;33;2690;3.5293607181;1260.08;0;0
30n20b8;cgl;34;2754;3.5293607181;1334.18;0;0
30n20b8;cgl;35;2824;3.5293607181;1409.60;0;0
30n20b8;cgl;36;2892;3.5293607181;1483.93;0;0
30n20b8;cgl;37;2958;3.5293607181;1561.56;0;0
30n20b8;cgl;38;3020;3.5293607181;1641.90;0;0
30n20b8;cgl;39;3085;3.5293607181;1724.46;0;0
30n20b8;cgl;40;3149;3.5293607181;1808.53;0;0
30n20b8;cgl;41;3215;4.1397695316;1895.62;0;0
30n20b8;cgl;42;3270;4.1397695316;1984.60;0;0
30n20b8;cgl;43;3324;4.1397695316;2074.22;0;0
30n20b8;cgl;44;3377;4.1397695316;2164.10;0;0
30n20b8;cgl;45;3432;4.1397695316;2255.89;0;0
30n20b8;cgl;46;3486;4.1397695316;2349.60;0;0
30n20b8;cgl;47;3542;4.1397695316;2443.59;0;0
30n20b8;cgl;48;3599;4.1397695316;2540.49;0;0
30n20b8;cgl;49;3653;4.1397695316;2637.67;0;0
30n20b8;cgl;50;3709;4.1397695316;2737.23;0;0
30n20b8;cgl;51;3709;4.1397695316;2737.23;0,0
