fhnw-binschedule2;cgl;0;0;1706.8862544363;24.34;0;0
fhnw-binschedule2;cgl;1;761;1706.8862544363;28.61;16;0
fhnw-binschedule2;cgl;2;1182;1706.8862544363;31.96;23;0
fhnw-binschedule2;cgl;3;1649;1706.8862544363;36.46;33;0
fhnw-binschedule2;cgl;4;2195;1706.8862544363;41.29;47;0
fhnw-binschedule2;cgl;5;2684;1706.8862544363;47.27;51;0
fhnw-binschedule2;cgl;6;3444;1706.8970409144;57.10;73;0
fhnw-binschedule2;cgl;7;4275;1706.8974580764;68.46;94;0
fhnw-binschedule2;cgl;8;5254;1706.9222615164;91.44;118;0
fhnw-binschedule2;cgl;9;6199;1709.4518227568;120.88;137;0
fhnw-binschedule2;cgl;10;7389;1716.3045801308;142.55;170;0
fhnw-binschedule2;cgl;11;8431;1729.3073548573;170.30;194;0
fhnw-binschedule2;cgl;12;9235;1731.9385084732;193.72;229;0
fhnw-binschedule2;cgl;13;10134;1734.3860509995;228.08;251;0
fhnw-binschedule2;cgl;14;11020;1734.7631248372;250.22;274;0
fhnw-binschedule2;cgl;15;11942;1736.0654761905;281.65;301;0
fhnw-binschedule2;cgl;16;12807;1737.1797619048;313.48;334;0
fhnw-binschedule2;cgl;17;13655;1738.3297619048;337.75;353;0
fhnw-binschedule2;cgl;18;14536;1739.3797619048;367.74;378;0
fhnw-binschedule2;cgl;19;15389;1740.9273809524;403.08;394;0
fhnw-binschedule2;cgl;20;16312;1741.3142857143;432.16;407;0
fhnw-binschedule2;cgl;21;17070;1742.1964285714;463.38;421;0
fhnw-binschedule2;cgl;22;17956;1742.2261904762;499.88;455;0
fhnw-binschedule2;cgl;23;18761;1742.6130952381;536.77;471;0
fhnw-binschedule2;cgl;24;19654;1742.6130952381;576.85;492;0
fhnw-binschedule2;cgl;25;20822;1742.6130952381;632.95;517;0
fhnw-binschedule2;cgl;26;22003;1743.0543458239;749.50;543;0
fhnw-binschedule2;cgl;27;23700;1743.4086680891;884.86;613;0
fhnw-binschedule2;cgl;28;25609;1744.4669625920;993.45;672;0
fhnw-binschedule2;cgl;29;27238;1744.6666666667;1044.17;709;0
fhnw-binschedule2;cgl;30;27865;1744.6666666667;1077.03;749;0
fhnw-binschedule2;cgl;31;28417;1744.6666666667;1111.19;807;0
fhnw-binschedule2;cgl;32;28887;1744.6666666667;1151.79;832;0
fhnw-binschedule2;cgl;33;29431;1744.6666666667;1195.36;918;0
fhnw-binschedule2;cgl;34;30076;1744.7697512955;1263.14;972;0
fhnw-binschedule2;cgl;35;30724;1745.1646639670;1331.50;1051;0
fhnw-binschedule2;cgl;36;31316;1745.8654862073;1391.34;1181;0
fhnw-binschedule2;cgl;37;31636;1746.2854180401;1473.12;1272;0
fhnw-binschedule2;cgl;38;31895;1746.7478042328;1533.38;1379;0
fhnw-binschedule2;cgl;39;32213;1747.0661182695;1595.88;1466;0
fhnw-binschedule2;cgl;40;32483;1747.2716471006;1650.55;1499;0
fhnw-binschedule2;cgl;41;32740;1747.3191272362;1709.74;1527;0
fhnw-binschedule2;cgl;42;32902;1747.3534924315;1787.18;1545;0
fhnw-binschedule2;cgl;43;34041;1747.3541215938;1837.82;1592;0
fhnw-binschedule2;cgl;44;34048;1747.3541215938;1880.94;1596;0
fhnw-binschedule2;cgl;45;34050;1747.3635912907;1917.81;1597;0
fhnw-binschedule2;cgl;46;34068;1747.3635912907;1953.25;1597;0
fhnw-binschedule2;cgl;47;34068;1747.3635912907;1983.79;1597,0
