neos-1437164;cgl;0;0;7.6297058824;0.28;0;0
neos-1437164;cgl;1;21;7.6297058824;0.35;0;0
neos-1437164;cgl;2;57;7.6297058824;0.43;0;0
neos-1437164;cgl;3;101;7.6297058824;0.53;0;0
neos-1437164;cgl;4;129;7.6297058824;0.65;0;0
neos-1437164;cgl;5;156;7.6297058824;0.80;0;0
neos-1437164;cgl;6;179;7.6297058824;0.98;0;0
neos-1437164;cgl;7;191;7.6297058824;1.18;0;0
neos-1437164;cgl;8;202;7.6297058824;1.38;0;0
neos-1437164;cgl;9;219;7.6297058824;1.58;0;0
neos-1437164;cgl;10;229;7.6297058824;1.78;0;0
neos-1437164;cgl;11;239;7.6297058824;1.99;0;0
neos-1437164;cgl;12;255;7.6297058824;2.23;0;0
neos-1437164;cgl;13;265;7.6297058824;2.48;0;0
neos-1437164;cgl;14;273;7.6297058824;2.72;0;0
neos-1437164;cgl;15;278;7.6297058824;2.98;0;0
neos-1437164;cgl;16;282;7.6297058824;3.23;0;0
neos-1437164;cgl;17;286;7.6297058824;3.50;0;0
neos-1437164;cgl;18;288;7.6297058824;3.76;0;0
neos-1437164;cgl;19;292;7.6297058824;4.03;0;0
neos-1437164;cgl;20;293;7.6297058824;4.31;0;0
neos-1437164;cgl;21;293;7.6297058824;4.58;0,0
