30n20b8;cgl;0;0;1.5664076456;1.72;0;0
30n20b8;cgl;1;92;1.5664076456;4.21;0;0
30n20b8;cgl;2;186;1.5664076456;9.35;0;0
30n20b8;cgl;3;277;1.5664076456;17.15;0;0
30n20b8;cgl;4;370;1.5664076456;27.44;0;0
30n20b8;cgl;5;462;1.5664076456;40.46;0;0
30n20b8;cgl;6;553;1.5664076456;55.83;0;0
30n20b8;cgl;7;645;1.5664076456;73.66;0;0
30n20b8;cgl;8;737;1.5664076456;93.13;0;0
30n20b8;cgl;9;824;1.5664076456;114.86;0;0
30n20b8;cgl;10;917;1.7703067471;138.64;0;0
30n20b8;cgl;11;1005;1.7703067471;163.90;0;0
30n20b8;cgl;12;1089;1.8571239096;191.25;0;0
30n20b8;cgl;13;1178;3.1767035787;221.46;0;0
30n20b8;cgl;14;1259;3.1767719883;253.67;0;0
30n20b8;cgl;15;1338;3.1797008349;287.89;0;0
30n20b8;cgl;16;1416;3.1798755670;325.34;0;0
30n20b8;cgl;17;1495;3.1800348504;365.67;0;0
30n20b8;cgl;18;1576;3.1802008358;407.35;0;0
30n20b8;cgl;19;1654;3.1803111634;450.91;0;0
30n20b8;cgl;20;1731;3.1938285687;495.45;0;0
30n20b8;cgl;21;1807;3.2053751297;541.46;0;0
30n20b8;cgl;22;1885;3.2060246089;590.55;0;0
30n20b8;cgl;23;1959;3.2064030132;641.61;0;0
30n20b8;cgl;24;2035;3.2067894378;694.36;0;0
30n20b8;cgl;25;2110;3.2071841405;748.82;0;0
30n20b8;cgl;26;2184;3.2075873904;805.69;0;0
30n20b8;cgl;27;2258;3.4787777501;863.62;0;0
30n20b8;cgl;28;2331;3.5293607181;924.54;0;0
30n20b8;cgl;29;2401;3.5293607181;988.73;0;0
30n20b8;cgl;30;2471;3.5293607181;1055.36;0;0
30n20b8;cgl;31;2540;3.5293607181;1124.70;0;0
30n20b8;cgl;32;2609;3.5293607181;1194.53;0;0
30n20b8;cgl;33;2677;3.5293607181;1264.05;0;0
30n20b8;cgl;34;2742;3.5293607181;1337.09;0;0
30n20b8;cgl;35;2808;3.5293607181;1412.12;0;0
30n20b8;cgl;36;2875;3.5293607181;1488.54;0;0
30n20b8;cgl;37;2942;3.5293607181;1568.21;0;0
30n20b8;cgl;38;3006;3.5293607181;1646.22;0;0
30n20b8;cgl;39;3068;3.5293607181;1725.69;0;0
30n20b8;cgl;40;3129;3.5293607181;1809.16;0;0
30n20b8;cgl;41;3194;4.1397695316;1894.12;0;0
30n20b8;cgl;42;3247;4.1397695316;1981.56;0;0
30n20b8;cgl;43;3303;4.1397695316;2069.31;0;0
30n20b8;cgl;44;3361;4.1397695316;2158.20;0;0
30n20b8;cgl;45;3418;4.1397695316;2251.65;0;0
30n20b8;cgl;46;3471;4.1397695316;2345.70;0;0
30n20b8;cgl;47;3525;4.1397695316;2441.02;0;0
30n20b8;cgl;48;3583;4.1397695316;2538.38;0;0
30n20b8;cgl;49;3637;4.1397695316;2636.23;0;0
30n20b8;cgl;50;3690;4.1397695316;2735.95;0;0
30n20b8;cgl;51;3690;4.1397695316;2735.95;0,0
