fhnw-binschedule0;cgl;0;0;12632.8887791449;2441.76;0;0
fhnw-binschedule0;cgl;1;5806;12632.8887791450;2940.27;764;0
fhnw-binschedule0;cgl;2;7298;12632.8887791450;3243.11;1010;0
fhnw-binschedule0;cgl;3;8520;12632.8887791450;3516.93;1252;0
fhnw-binschedule0;cgl;4;9784;12632.8887791450;3837.18;1568;0
fhnw-binschedule0;cgl;5;11061;12632.8887791450;4194.12;1893;0
fhnw-binschedule0;cgl;6;12521;12632.8887791450;4617.45;2323;0
fhnw-binschedule0;cgl;7;14058;12636.8140065393;4936.48;2817;0
fhnw-binschedule0;cgl;8;15864;12636.8140065393;5327.67;3341;0
fhnw-binschedule0;cgl;9;17996;12636.8140065393;5668.37;3921;0
fhnw-binschedule0;cgl;10;20288;12636.8140065393;6045.08;4500;0
fhnw-binschedule0;cgl;11;22972;12636.8140065393;6471.24;5076;0
fhnw-binschedule0;cgl;12;26026;12638.9183083803;6986.40;5679;0
fhnw-binschedule0;cgl;13;29282;12639.7480732365;7489.97;6233;0
fhnw-binschedule0;cgl;14;33128;12640.7208444914;8866.86;6858;0
fhnw-binschedule0;cgl-opt;15;37646;12640.9219716105;9086.87;7572;0
