harp2;cgl;0;0;-74353341.5022996068;0.30;0;0
harp2;cgl;1;42;-74266766.6168511361;0.36;0;0
harp2;cgl;2;92;-74228425.8506034911;0.42;0;0
harp2;cgl;3;113;-74222698.8017980009;0.47;0;0
harp2;cgl;4;154;-74210256.6187390089;0.57;0;0
harp2;cgl;5;165;-74209090.5070381463;0.62;0;0
harp2;cgl;6;175;-74207617.0232616365;0.68;0;0
harp2;cgl;7;189;-74202341.3568950742;0.75;0;0
harp2;cgl;8;202;-74201938.9033890665;0.82;0;0
harp2;cgl;9;210;-74201537.4853245467;0.87;0;0
harp2;cgl;10;222;-74201176.1457491666;0.94;0;0
harp2;cgl;11;228;-74200911.4299442321;1.00;0;0
harp2;cgl;12;231;-74200844.0239944160;1.07;0;0
harp2;cgl;13;234;-74200806.9107173979;1.13;0;0
harp2;cgl;14;236;-74200759.2666202635;1.20;0;0
harp2;cgl;15;238;-74200735.7583009601;1.27;0;0
harp2;cgl;16;240;-74200705.9625846297;1.34;0;0
harp2;cgl;17;242;-74200583.7198423743;1.40;0;0
harp2;cgl;18;243;-74200574.7179211527;1.48;0;0
harp2;cgl;19;243;-74200574.7179211527;1.54;0,0
