neos-3118745-obra;cgl;0;0;253.8333333333;0.10;0;0
neos-3118745-obra;cgl;1;23;253.8333333333;0.17;3;0
neos-3118745-obra;cgl;2;38;253.8333333333;0.21;5;0
neos-3118745-obra;cgl;3;53;253.8333333333;0.28;9;0
neos-3118745-obra;cgl;4;62;253.8333333333;0.30;9;0
neos-3118745-obra;cgl;5;75;253.8333333333;0.31;10;0
neos-3118745-obra;cgl;6;91;253.8333333333;0.34;10;0
neos-3118745-obra;cgl;7;100;253.8333333333;0.36;11;0
neos-3118745-obra;cgl;8;107;253.8333333333;0.38;11;0
neos-3118745-obra;cgl;9;119;253.8333333333;0.42;53;0
neos-3118745-obra;cgl;10;127;253.8333333333;0.45;53;0
neos-3118745-obra;cgl;11;130;253.8333333333;0.47;53;0
neos-3118745-obra;cgl;12;136;253.8333333333;0.50;76;0
neos-3118745-obra;cgl;13;139;253.8333333333;0.52;76;0
neos-3118745-obra;cgl;14;141;253.8333333333;0.55;77;0
neos-3118745-obra;cgl;15;143;253.8333333333;0.58;87;0
neos-3118745-obra;cgl;16;146;253.8333333333;0.61;88;0
neos-3118745-obra;cgl;17;149;253.8333333333;0.64;88;0
neos-3118745-obra;cgl;18;150;253.8333333333;0.66;88;0
neos-3118745-obra;cgl;19;150;253.8333333333;0.67;88,0
