routing_GCM_0014;cgl;0;0;12125.4867724867;12.30;0;0
routing_GCM_0014;cgl;1;15;12125.4867724867;18.57;0;3
routing_GCM_0014;cgl;2;24;12125.4867724867;24.79;0;4
routing_GCM_0014;cgl;3;33;12125.4867724867;31.20;0;4
routing_GCM_0014;cgl;4;43;12125.4867724867;37.59;0;4
routing_GCM_0014;cgl;5;52;12125.4867724867;43.91;0;4
routing_GCM_0014;cgl;6;61;12125.4867724867;50.08;0;4
routing_GCM_0014;cgl;7;70;12125.4867724867;56.15;0;4
routing_GCM_0014;cgl;8;79;12125.4867724867;62.27;0;4
routing_GCM_0014;cgl;9;88;12125.4867724867;68.51;0;4
routing_GCM_0014;cgl;10;97;12125.4867724867;74.72;0;4
routing_GCM_0014;cgl;11;106;12125.4867724867;81.00;0;4
routing_GCM_0014;cgl;12;116;12125.4867724867;87.38;0;4
routing_GCM_0014;cgl;13;125;12125.4867724867;93.67;0;4
routing_GCM_0014;cgl;14;134;12125.4867724867;100.03;0;4
routing_GCM_0014;cgl;15;143;12125.4867724867;106.45;0;4
routing_GCM_0014;cgl;16;151;12125.4867724867;112.93;0;4
routing_GCM_0014;cgl;17;159;12125.4867724867;119.37;0;4
routing_GCM_0014;cgl;18;167;12125.4867724867;125.76;0;4
routing_GCM_0014;cgl;19;175;12125.4867724867;132.13;0;4
routing_GCM_0014;cgl;20;181;12125.4867724867;138.57;0;4
routing_GCM_0014;cgl;21;187;12125.4867724867;144.97;0;4
routing_GCM_0014;cgl;22;194;12125.4867724867;151.43;0;4
routing_GCM_0014;cgl;23;200;12125.4867724867;157.70;0;4
routing_GCM_0014;cgl;24;205;12125.4867724868;163.99;0;4
routing_GCM_0014;cgl;25;210;12125.4867724867;170.48;0;4
routing_GCM_0014;cgl;26;215;12125.4867724867;176.81;0;4
routing_GCM_0014;cgl;27;220;12125.4867724867;183.27;0;4
routing_GCM_0014;cgl;28;225;12125.4867724867;189.65;0;4
routing_GCM_0014;cgl;29;230;12125.4867724867;196.06;0;4
routing_GCM_0014;cgl;30;235;12125.4867724867;202.61;0;4
routing_GCM_0014;cgl;31;240;12125.4867724867;208.97;0;4
routing_GCM_0014;cgl;32;245;12125.4867724867;215.40;0;4
routing_GCM_0014;cgl;33;250;12125.4867724868;221.87;0;4
routing_GCM_0014;cgl;34;254;12125.4867724867;228.48;0;4
routing_GCM_0014;cgl;35;257;12125.4867724867;234.95;0;4
routing_GCM_0014;cgl;36;260;12125.4867724867;241.34;0;4
routing_GCM_0014;cgl;37;263;12125.4867724867;247.72;0;4
routing_GCM_0014;cgl;38;265;12125.4867724867;254.22;0;4
routing_GCM_0014;cgl;39;267;12125.4867724867;260.63;0;4
routing_GCM_0014;cgl;40;269;12125.4867724867;267.02;0;4
routing_GCM_0014;cgl;41;271;12125.4867724867;273.40;0;4
routing_GCM_0014;cgl;42;273;12125.4867724867;279.77;0;4
routing_GCM_0014;cgl;43;275;12125.4867724867;286.15;0;4
routing_GCM_0014;cgl;44;277;12125.4867724867;292.52;0;4
routing_GCM_0014;cgl;45;279;12125.4867724867;298.87;0;4
routing_GCM_0014;cgl;46;279;12125.4867724867;305.08;0,4
