stdcd5113;cgl;0;0;-642167961.6190472841;3.95;0;0
stdcd5113;cgl;1;11;-642167461.6190472841;4.96;0;0
stdcd5113;cgl;2;19;-642166461.6190472841;6.03;1;0
stdcd5113;cgl;3;25;-642166461.6190472841;7.07;2;0
stdcd5113;cgl;4;31;-642165936.6190472841;8.13;3;0
stdcd5113;cgl;5;36;-642165936.6190472841;9.21;7;0
stdcd5113;cgl;6;41;-642165936.6190472841;10.28;8;0
stdcd5113;cgl;7;46;-642165936.6190474033;11.34;9;0
stdcd5113;cgl;8;51;-642165936.6190474033;12.41;13;0
stdcd5113;cgl;9;56;-642165865.1904759407;13.49;13;0
stdcd5113;cgl;10;61;-642165453.2857140303;14.58;13;0
stdcd5113;cgl;11;71;-642165061.6190472841;15.64;17;0
stdcd5113;cgl;12;79;-642164978.2857139111;16.73;18;0
stdcd5113;cgl;13;87;-642164879.8008655310;17.82;18;0
stdcd5113;cgl;14;98;-642164194.3113551140;18.90;22;0
stdcd5113;cgl;15;102;-642163911.6190472841;19.99;23;0
stdcd5113;cgl;16;102;-642163911.6190472841;20.96;23,0
