unitcc;cgl;0;0;74033.1413754058;1026.19;0;0
unitcc;cgl;1;6199;75633.5534807320;1536.34;0;0
unitcc;cgl;2;11674;75754.8408804661;2092.21;0;0
unitcc;cgl;3;15366;75798.1736921181;2703.00;20;0
unitcc;cgl;4;18040;75906.9768829101;3305.07;20;0
unitcc;cgl;5;20149;75906.9981842146;3871.47;20;0
unitcc;cgl;6;22010;75914.0481494877;4343.97;20;0
unitcc;cgl;7;23556;75914.0492132199;4780.61;20;0
unitcc;cgl;8;24919;75914.0497241483;5213.01;20;0
unitcc;cgl;9;26056;75914.0501008429;5635.96;20;0
unitcc;cgl;10;27060;75914.0503862029;6054.13;20;0
unitcc;cgl;11;28000;75914.0506633959;6481.50;20;0
unitcc;cgl;12;28983;75914.0507330216;6917.17;20;0
unitcc;cgl;13;29770;75914.0508431698;7358.36;20;0
unitcc;cgl;14;30425;75914.0509203773;7800.87;20;0
unitcc;cgl;15;30819;75914.0509500198;8228.35;20;0
unitcc;cgl;16;31184;75914.0510447322;8647.65;20;0
unitcc;cgl;17;31527;75914.0510867847;9066.29;20;0
unitcc;cgl;18;31774;75914.0511060146;9488.88;20;0
unitcc;cgl;19;31905;75914.0511615968;9913.49;20;0
unitcc;cgl;20;32136;75914.0512719522;10340.13;20;0
unitcc;cgl-opt;21;32334;75914.0512719522;10765.64;20;0
