f2gap801600;cgl;0;0;86570.1208665629;0.15;0;0
f2gap801600;cgl;1;111;86577.0352268835;0.28;0;0
f2gap801600;cgl;2;183;86578.7312310851;0.49;0;0
f2gap801600;cgl;3;246;86580.0085788005;0.74;0;0
f2gap801600;cgl;4;309;86581.3157230924;1.10;0;0
f2gap801600;cgl;5;363;86582.9012249725;1.53;0;0
f2gap801600;cgl;6;416;86584.1933463144;2.02;0;0
f2gap801600;cgl;7;469;86586.6908382872;2.62;0;0
f2gap801600;cgl;8;526;86594.6092786355;3.33;0;0
f2gap801600;cgl;9;579;86601.6649848109;4.04;0;0
f2gap801600;cgl;10;633;86607.2206377863;4.74;0;0
f2gap801600;cgl;11;681;86614.6609276395;5.43;0;0
f2gap801600;cgl;12;730;86622.3909823371;6.26;0;0
f2gap801600;cgl;13;773;86634.2237148202;7.15;0;0
f2gap801600;cgl;14;820;86640.8815021421;7.95;0;0
f2gap801600;cgl;15;859;86654.1629174324;8.76;0;0
f2gap801600;cgl;16;889;86667.8087218510;9.63;0;0
f2gap801600;cgl;17;908;86674.6904444920;10.43;0;0
f2gap801600;cgl;18;916;86678.1228070174;11.02;0;0
f2gap801600;cgl;19;918;86679.0000000004;11.50;0;0
f2gap801600;cgl;20;918;86679.0000000004;11.88;0,0
