neos-2328163-agri;cgl;0;0;26069.0000000000;0.56;0;0
neos-2328163-agri;cgl;1;59;26069.0000000000;0.77;0;0
neos-2328163-agri;cgl;2;125;26268.8750000000;1.22;0;0
neos-2328163-agri;cgl;3;193;26379.8020833333;1.93;0;0
neos-2328163-agri;cgl;4;254;26455.8705501618;2.78;0;0
neos-2328163-agri;cgl;5;303;26528.4456521739;4.00;0;0
neos-2328163-agri;cgl;6;344;26537.6879528986;4.83;0;0
neos-2328163-agri;cgl;7;386;26562.3000000000;6.14;0;0
neos-2328163-agri;cgl;8;412;26571.5111111111;7.43;0;0
neos-2328163-agri;cgl;9;437;26576.9814814815;8.21;0;0
neos-2328163-agri;cgl;10;450;26587.9333333333;9.04;0;0
neos-2328163-agri;cgl;11;459;26587.9333333333;9.64;0;0
neos-2328163-agri;cgl;12;466;26587.9333333333;10.01;0;0
neos-2328163-agri;cgl;13;470;26588.2083333334;10.49;0;0
neos-2328163-agri;cgl;14;475;26589.1538461539;10.98;0;0
neos-2328163-agri;cgl;15;479;26589.1538461538;11.34;0;0
neos-2328163-agri;cgl;16;480;26589.1538461538;11.76;0;0
neos-2328163-agri;cgl;17;481;26589.1538461538;12.18;0;0
neos-2328163-agri;cgl;18;482;26589.1538461538;12.64;0;0
neos-2328163-agri;cgl;19;482;26589.1538461538;13.07;0,0
