f2gap401600;cgl;0;0;82274.2374341957;0.09;0;0
f2gap401600;cgl;1;38;82275.1016026742;0.38;0;0
f2gap401600;cgl;2;75;82275.3628613979;0.68;0;0
f2gap401600;cgl;3;113;82275.5113567732;1.09;0;0
f2gap401600;cgl;4;147;82275.5775756655;1.65;0;0
f2gap401600;cgl;5;172;82275.6436175019;2.24;0;0
f2gap401600;cgl;6;194;82275.7024218553;2.99;0;0
f2gap401600;cgl;7;212;82275.7620953621;3.75;0;0
f2gap401600;cgl;8;230;82275.7843200785;4.55;0;0
f2gap401600;cgl;9;249;82275.8161037616;5.43;0;0
f2gap401600;cgl;10;266;82275.8646798510;6.38;0;0
f2gap401600;cgl;11;284;82275.8995802281;7.35;0;0
f2gap401600;cgl;12;309;82275.9944228540;8.50;0;0
f2gap401600;cgl;13;326;82276.0132345512;9.69;0;0
f2gap401600;cgl;14;341;82276.0645494523;10.93;0;0
f2gap401600;cgl;15;362;82276.1524227382;12.21;0;0
f2gap401600;cgl;16;374;82276.1967381827;13.60;0;0
f2gap401600;cgl;17;390;82276.2319695011;14.99;0;0
f2gap401600;cgl;18;400;82276.2382572702;16.40;0;0
f2gap401600;cgl;19;409;82276.2460107841;17.80;0;0
f2gap401600;cgl;20;415;82276.2503249164;19.14;0;0
f2gap401600;cgl;21;422;82276.3097375733;20.67;0;0
f2gap401600;cgl;22;431;82276.3433393632;22.23;0;0
f2gap401600;cgl;23;438;82276.3621966723;23.79;0;0
f2gap401600;cgl;24;450;82276.3736182866;25.35;0;0
f2gap401600;cgl;25;461;82276.4654272604;26.99;0;0
f2gap401600;cgl;26;470;82276.4748313229;28.57;0;0
f2gap401600;cgl;27;480;82276.4910470762;30.27;0;0
f2gap401600;cgl;28;488;82276.5125688575;31.96;0;0
f2gap401600;cgl;29;503;82276.5722295792;33.68;0;0
f2gap401600;cgl;30;513;82276.5872240883;35.49;0;0
f2gap401600;cgl;31;521;82276.5920729209;37.34;0;0
f2gap401600;cgl;32;530;82276.5945948015;39.12;0;0
f2gap401600;cgl;33;535;82276.7586266560;41.09;0;0
f2gap401600;cgl;34;559;82276.7748312456;42.94;0;0
f2gap401600;cgl;35;573;82276.7853210340;44.90;0;0
f2gap401600;cgl;36;586;82276.7945151796;46.89;0;0
f2gap401600;cgl;37;597;82276.8038436503;48.96;0;0
f2gap401600;cgl;38;604;82276.8112716767;51.01;0;0
f2gap401600;cgl;39;609;82276.8232984910;53.14;0;0
f2gap401600;cgl;40;615;82276.8240343557;55.32;0;0
f2gap401600;cgl;41;623;82276.8428044323;57.53;0;0
f2gap401600;cgl;42;636;82276.8459988016;59.75;0;0
f2gap401600;cgl;43;647;82276.8507539738;61.96;0;0
f2gap401600;cgl;44;654;82276.8804282716;64.34;0;0
f2gap401600;cgl;45;662;82276.8825898981;66.60;0;0
f2gap401600;cgl;46;670;82276.8870808381;68.95;0;0
f2gap401600;cgl;47;678;82276.9300707451;71.33;0;0
f2gap401600;cgl;48;685;82276.9640848069;73.78;0;0
f2gap401600;cgl;49;689;82276.9676638810;76.11;0;0
f2gap401600;cgl;50;692;82276.9769102742;78.48;0;0
f2gap401600;cgl;51;692;82276.9769102742;78.48;0,0
