j3041_1;cgl;0;0;0.1238959764;0.25;0;0
j3041_1;cgl;1;58;0.1526676101;0.46;164;0
j3041_1;cgl;2;107;0.2171786960;1.03;265;0
j3041_1;cgl;3;155;0.2976815704;1.90;550;0
j3041_1;cgl;4;206;0.3785935419;3.50;4017;0
j3041_1;cgl;5;257;0.4240693223;5.08;6509;0
j3041_1;cgl;6;295;0.4577563153;6.41;18434;0
j3041_1;cgl;7;342;0.5551734507;8.21;26481;0
j3041_1;cgl;8;365;0.5582036990;8.42;26522;0
j3041_1;cgl;9;415;0.5661601167;10.10;37658;0
j3041_1;cgl;10;464;0.5813961618;11.12;44478;0
j3041_1;cgl;11;505;0.5937379072;13.35;48010;0
j3041_1;cgl;12;540;0.6047476416;15.66;48326;0
j3041_1;cgl;13;566;0.6112875606;18.39;76909;0
j3041_1;cgl;14;591;0.6151169677;20.97;78139;0
j3041_1;cgl;15;621;0.6281473403;23.14;82664;0
j3041_1;cgl;16;653;0.6309254254;25.44;96120;0
j3041_1;cgl;17;678;0.6390084154;28.42;106546;0
j3041_1;cgl;18;708;0.6435123297;30.80;109771;0
j3041_1;cgl;19;728;0.6449818511;31.87;110171;0
j3041_1;cgl;20;754;0.6477510308;33.76;110682;0
j3041_1;cgl;21;784;0.6479704061;36.65;112147;0
j3041_1;cgl;22;799;0.6483892340;39.70;112860;0
j3041_1;cgl;23;810;0.6498935605;42.68;113152;0
j3041_1;cgl;24;822;0.6502424338;47.61;113518;0
j3041_1;cgl;25;835;0.6514147560;52.12;113816;0
j3041_1;cgl;26;844;0.6535781122;57.04;114904;0
j3041_1;cgl;27;850;0.6536020398;58.51;114917;0
j3041_1;cgl;28;856;0.6536265662;60.01;115283;0
j3041_1;cgl;29;860;0.6536992408;61.92;115283;0
j3041_1;cgl;30;862;0.6536992408;63.78;115283;0
j3041_1;cgl;31;867;0.6536992408;65.63;115287;0
j3041_1;cgl;32;870;0.6537957395;68.09;115287;0
j3041_1;cgl;33;880;0.6538988231;72.19;115797;0
j3041_1;cgl;34;889;0.6539890459;75.86;116186;0
j3041_1;cgl;35;895;0.6540074012;80.44;116581;0
j3041_1;cgl;36;902;0.6540510973;85.23;116971;0
j3041_1;cgl;37;907;0.6540883226;89.11;116974;0
j3041_1;cgl;38;913;0.6541911004;93.77;116985;0
j3041_1;cgl;39;915;0.6541911004;95.38;116999;0
j3041_1;cgl;40;916;0.6541911004;96.90;117000;0
j3041_1;cgl;41;918;0.6541911004;98.55;117000;0
j3041_1;cgl;42;921;0.6541911004;100.68;117286;0
j3041_1;cgl;43;923;0.6541911004;102.87;117286;0
j3041_1;cgl;44;925;0.6541911004;104.57;117286;0
j3041_1;cgl;45;927;0.6541911004;106.66;117286;0
j3041_1;cgl;46;929;0.6541911004;108.27;117286;0
j3041_1;cgl;47;932;0.6541911004;109.94;117306;0
j3041_1;cgl;48;935;0.6541911004;111.78;117308;0
j3041_1;cgl;49;937;0.6541911004;113.59;117308;0
j3041_1;cgl;50;940;0.6541911004;115.37;117308;0
j3041_1;cgl;51;940;0.6541911004;115.37;117308,0
