n3705;cgl;0;0;973361.0170119330;0.34;0;0
n3705;cgl;1;213;990957.1651172877;1.03;0;213
n3705;cgl;2;380;1003887.2821220591;2.50;0;380
n3705;cgl;3;532;1010213.2593981347;4.74;0;532
n3705;cgl;4;670;1013443.6378289495;7.66;0;670
n3705;cgl;5;794;1014451.6542156457;10.86;0;794
n3705;cgl;6;886;1015496.7286945292;14.49;0;886
n3705;cgl;7;962;1016326.7171386861;18.67;0;962
n3705;cgl;8;1045;1016660.9662988653;23.01;0;1045
n3705;cgl;9;1106;1017046.9332537147;27.67;0;1106
n3705;cgl;10;1195;1017150.8805158908;32.50;0;1195
n3705;cgl;11;1250;1017361.8977963101;37.71;0;1250
n3705;cgl;12;1314;1017539.5738391291;43.11;0;1314
n3705;cgl;13;1385;1017634.0733224415;48.60;0;1385
n3705;cgl;14;1442;1017780.5240506786;54.42;0;1442
n3705;cgl;15;1500;1017859.3597174264;60.40;0;1500
n3705;cgl;16;1536;1017897.7469756854;66.52;0;1536
n3705;cgl;17;1565;1017918.0277790804;72.82;0;1565
n3705;cgl;18;1595;1018021.4733127161;79.38;0;1595
n3705;cgl;19;1620;1018095.2366167684;85.99;0;1620
n3705;cgl;20;1632;1018113.3163680639;92.47;0;1632
n3705;cgl;21;1663;1018140.4388865150;99.08;0;1663
n3705;cgl;22;1694;1018209.3295658409;105.94;0;1694
n3705;cgl;23;1725;1018238.3865669374;112.64;0;1725
n3705;cgl;24;1753;1018287.2628371157;119.75;0;1753
n3705;cgl;25;1789;1018422.5332751148;127.35;0;1789
n3705;cgl;26;1817;1018548.3302719152;134.81;0;1817
n3705;cgl;27;1856;1018600.8797899131;142.30;0;1856
n3705;cgl;28;1871;1018629.2630263696;149.96;0;1871
n3705;cgl;29;1894;1018666.4771109133;158.02;0;1894
n3705;cgl;30;1918;1018733.0102319696;166.04;0;1918
n3705;cgl;31;1949;1018782.2449936654;174.23;0;1949
n3705;cgl;32;1976;1018799.1569309577;182.33;0;1976
n3705;cgl;33;1993;1018817.3055860479;190.51;0;1993
n3705;cgl;34;2005;1018859.3406017161;198.71;0;2005
n3705;cgl;35;2033;1018871.5752672312;207.11;0;2033
n3705;cgl;36;2044;1018884.0122552268;215.69;0;2044
n3705;cgl;37;2059;1018898.1001983448;224.24;0;2059
n3705;cgl;38;2068;1018900.5097697023;232.41;0;2068
n3705;cgl;39;2078;1018908.4635307912;240.80;0;2078
n3705;cgl;40;2105;1018927.3421963804;249.44;0;2105
n3705;cgl;41;2120;1018935.4059608178;257.69;0;2120
n3705;cgl;42;2135;1018938.2100137465;266.24;0;2135
n3705;cgl;43;2140;1018946.3976168701;274.91;0;2140
n3705;cgl;44;2145;1018951.6080912603;283.81;0;2145
n3705;cgl;45;2152;1018955.4187573635;292.78;0;2152
n3705;cgl;46;2169;1018956.6985278563;301.75;0;2169
n3705;cgl;47;2192;1018957.3593495194;310.96;0;2192
n3705;cgl;48;2198;1018957.6868340067;320.13;0;2198
n3705;cgl;49;2213;1018962.3862825159;329.34;0;2213
n3705;cgl;50;2226;1018962.8842640319;338.35;0;2226
n3705;cgl;51;2226;1018962.8842640319;338.35;0,2226
