neos-4738912-atrato;cgl;0;0;65143485.9941878840;0.38;0;0
neos-4738912-atrato;cgl;1;60;79932578.2573056519;0.52;0;5
neos-4738912-atrato;cgl;2;72;79945959.7851818800;0.58;0;5
neos-4738912-atrato;cgl;3;83;79950372.3965406716;0.64;1;5
neos-4738912-atrato;cgl;4;97;79960917.4327511489;0.70;1;5
neos-4738912-atrato;cgl;5;110;79962185.1996791959;0.76;1;5
neos-4738912-atrato;cgl;6;127;79974267.5205026269;0.83;1;5
neos-4738912-atrato;cgl;7;139;79990848.9392500222;0.89;1;5
neos-4738912-atrato;cgl;8;148;85915790.5930693299;0.96;1;5
neos-4738912-atrato;cgl;9;180;86427503.3218417019;1.05;39;5
neos-4738912-atrato;cgl;10;217;86919176.1454974264;1.13;174;7
neos-4738912-atrato;cgl;11;242;87401299.5799992979;1.20;296;7
neos-4738912-atrato;cgl;12;260;87614728.8790281266;1.28;377;7
neos-4738912-atrato;cgl;13;265;87704252.3165281117;1.35;393;7
neos-4738912-atrato;cgl;14;265;87704252.3165281117;1.39;393,7
