neos-662469;cgl;0;0;184340.6296491146;7.70;0;0
neos-662469;cgl;1;28;184344.0502330869;15.13;348;0
neos-662469;cgl;2;61;184344.8193743795;22.23;899;0
neos-662469;cgl;3;89;184345.2604696073;32.19;2655;0
neos-662469;cgl;4;115;184345.8839713180;43.16;3479;0
neos-662469;cgl;5;147;184346.6527093816;55.55;5450;0
neos-662469;cgl;6;183;184347.3468369730;65.71;6080;0
neos-662469;cgl;7;222;184348.0723400167;78.71;8966;0
neos-662469;cgl;8;266;184348.6454466059;91.68;11479;0
neos-662469;cgl;9;309;184348.9539466983;105.11;17971;0
neos-662469;cgl;10;340;184349.3859768815;117.83;22079;0
neos-662469;cgl;11;374;184349.6663766118;131.16;25826;0
neos-662469;cgl;12;404;184349.8714073744;147.72;31232;0
neos-662469;cgl;13;437;184350.5541651723;163.95;43862;0
neos-662469;cgl;14;479;184350.8430900701;179.54;53899;0
neos-662469;cgl;15;500;184351.0626166722;195.57;60339;0
neos-662469;cgl;16;525;184351.3817263946;212.22;68244;0
neos-662469;cgl;17;559;184351.6997660287;229.15;86741;0
neos-662469;cgl;18;581;184351.8206449062;243.26;99274;0
neos-662469;cgl;19;606;184351.9629489394;262.66;101512;0
neos-662469;cgl;20;628;184352.1754051633;280.38;110055;0
neos-662469;cgl;21;651;184352.2430122611;300.21;126441;0
neos-662469;cgl;22;672;184352.3290958542;318.83;126865;0
neos-662469;cgl;23;700;184352.4418095788;336.95;143968;0
neos-662469;cgl;24;721;184352.5365390580;354.53;144736;0
neos-662469;cgl;25;742;184352.5753682799;370.51;145532;0
neos-662469;cgl;26;769;184352.6701920714;393.04;156951;0
neos-662469;cgl;27;799;184352.7596789674;412.55;165357;0
neos-662469;cgl;28;816;184352.8126372591;431.68;171180;0
neos-662469;cgl;29;834;184352.9500747430;451.09;172637;0
neos-662469;cgl;30;858;184353.0070935616;472.04;172902;0
neos-662469;cgl;31;883;184353.1008540893;494.17;174449;0
neos-662469;cgl;32;919;184353.2033373082;517.14;179188;0
neos-662469;cgl;33;935;184353.2383405892;534.91;181547;0
neos-662469;cgl;34;952;184353.2714995336;558.16;186951;0
neos-662469;cgl;35;970;184353.3423475053;581.08;190248;0
neos-662469;cgl;36;1000;184353.3602638404;605.81;190575;0
neos-662469;cgl;37;1012;184353.3769531095;627.36;194247;0
neos-662469;cgl;38;1024;184353.4491241489;650.91;196058;0
neos-662469;cgl;39;1045;184353.5253666716;677.19;196845;0
neos-662469;cgl;40;1071;184353.5943564865;702.59;198561;0
neos-662469;cgl;41;1091;184353.6494404738;725.69;204331;0
neos-662469;cgl;42;1112;184353.6758466251;750.16;206441;0
neos-662469;cgl;43;1134;184353.7058655128;777.67;209414;0
neos-662469;cgl;44;1150;184353.7120302194;801.44;222460;0
neos-662469;cgl;45;1176;184353.7667311707;829.28;225840;0
neos-662469;cgl;46;1201;184353.7885900044;856.97;237285;0
neos-662469;cgl;47;1223;184353.8676251604;883.79;242743;0
neos-662469;cgl;48;1237;184353.8906048206;914.18;242970;0
neos-662469;cgl;49;1263;184354.0136164043;944.58;244787;0
neos-662469;cgl;50;1290;184354.0327575816;971.37;246702;0
neos-662469;cgl;51;1290;184354.0327575816;971.37;246702,0
