neos-1429212;cgl;0;0;30.0000000000;176.20;0;0
neos-1429212;cgl;1;26;30.0000000000;284.55;0;0
neos-1429212;cgl;2;41;30.0000000000;372.08;16;0
neos-1429212;cgl;3;54;30.0000000000;443.50;23;0
neos-1429212;cgl;4;67;30.0255172414;509.79;23;0
neos-1429212;cgl;5;80;30.5192307692;574.51;23;0
neos-1429212;cgl;6;88;30.5215123859;641.39;23;0
neos-1429212;cgl;7;96;30.5519737155;706.16;23;0
neos-1429212;cgl;8;106;30.5750885886;763.50;23;0
neos-1429212;cgl;9;116;30.5962962963;828.54;23;0
neos-1429212;cgl;10;118;30.6407960199;889.96;23;0
neos-1429212;cgl;11;124;30.7116022099;952.77;23;0
neos-1429212;cgl;12;134;30.7309649567;1019.69;23;0
neos-1429212;cgl;13;141;30.7589367553;1080.58;149;0
neos-1429212;cgl;14;155;30.8290955906;1142.42;149;0
neos-1429212;cgl;15;165;30.8665475067;1202.83;275;0
neos-1429212;cgl;16;178;30.9201168402;1260.57;275;0
neos-1429212;cgl;17;187;30.9604578983;1318.79;275;0
neos-1429212;cgl;18;198;31.0712991616;1373.04;275;0
neos-1429212;cgl;19;213;31.1309697387;1431.50;275;0
neos-1429212;cgl;20;228;31.1997408067;1486.70;275;0
neos-1429212;cgl;21;236;31.2152544318;1548.61;275;0
neos-1429212;cgl;22;247;31.3970092132;1615.16;275;0
neos-1429212;cgl;23;258;31.4866621067;1674.60;275;0
neos-1429212;cgl;24;272;31.5526994975;1734.89;275;0
neos-1429212;cgl;25;290;31.7728524035;1794.05;275;0
neos-1429212;cgl;26;298;31.8914275471;1853.92;275;0
neos-1429212;cgl;27;306;32.0065593469;1910.83;275;0
neos-1429212;cgl;28;313;32.2017711222;1971.38;275;0
neos-1429212;cgl;29;320;32.2061314752;2023.43;275;0
neos-1429212;cgl;30;327;32.6923076923;2081.32;275;0
neos-1429212;cgl;31;330;32.7820216735;2134.47;275;0
neos-1429212;cgl;32;332;32.8398333964;2190.32;275;0
neos-1429212;cgl;33;337;32.8799325656;2244.28;275;0
neos-1429212;cgl;34;341;32.8942168713;2296.33;275;0
neos-1429212;cgl;35;346;33.0514419330;2349.50;275;0
neos-1429212;cgl;36;348;33.1015658301;2403.63;275;0
neos-1429212;cgl;37;350;33.1147156618;2458.50;275;0
neos-1429212;cgl;38;354;33.1340866723;2515.77;275;0
neos-1429212;cgl;39;359;33.1501351271;2568.46;275;0
neos-1429212;cgl;40;360;33.1689075114;2619.70;275;0
neos-1429212;cgl;41;362;33.1926416155;2674.06;275;0
neos-1429212;cgl;42;364;33.2240907524;2727.50;275;0
neos-1429212;cgl;43;367;33.2398342490;2786.56;275;0
neos-1429212;cgl;44;371;33.2421508298;2844.33;275;0
neos-1429212;cgl;45;375;33.2967032967;2909.29;275;0
neos-1429212;cgl;46;379;33.3340157171;2965.16;275;0
neos-1429212;cgl;47;384;33.4950787519;3026.59;275;0
neos-1429212;cgl;48;391;33.5151017964;3085.22;275;0
neos-1429212;cgl;49;395;33.5198983051;3137.45;275;0
neos-1429212;cgl;50;400;33.5321821036;3192.07;275;0
neos-1429212;cgl;51;400;33.5321821036;3192.07;275,0
