traininstance2;cgl;0;0;0.0000000000;0.66;0;0
traininstance2;cgl;1;31;0.0000000000;2.09;0;31
traininstance2;cgl;2;46;0.0000000000;6.00;0;46
traininstance2;cgl;3;62;0.0000000000;11.69;0;62
traininstance2;cgl;4;76;0.0000000000;19.28;0;76
traininstance2;cgl;5;90;0.0000000000;28.23;0;90
traininstance2;cgl;6;99;0.0000000000;39.15;0;99
traininstance2;cgl;7;111;0.0000000000;50.68;0;111
traininstance2;cgl;8;118;0.0000000000;62.87;0;118
traininstance2;cgl;9;134;0.0000000000;76.52;0;134
traininstance2;cgl;10;140;0.0000000000;92.41;0;140
traininstance2;cgl;11;152;0.0000000000;109.10;0;152
traininstance2;cgl;12;168;0.0000000000;125.64;0;168
traininstance2;cgl;13;177;0.0000000000;144.83;0;177
traininstance2;cgl;14;191;0.0000000000;165.76;0;191
traininstance2;cgl;15;197;0.0000000000;188.03;0;197
traininstance2;cgl;16;216;0.0000000000;217.34;0;216
traininstance2;cgl;17;233;0.0000000000;247.72;0;233
traininstance2;cgl;18;241;0.0000000000;278.13;0;241
traininstance2;cgl;19;248;0.0000000000;309.84;0;248
traininstance2;cgl;20;252;0.0000000000;343.98;0;252
traininstance2;cgl;21;259;0.0000000000;378.79;0;259
traininstance2;cgl;22;264;0.0000000000;410.46;0;264
traininstance2;cgl;23;270;0.0000000000;443.63;0;270
traininstance2;cgl;24;271;0.0000000000;473.13;0;271
traininstance2;cgl;25;275;0.0000000000;503.51;0;275
traininstance2;cgl;26;279;0.0000000000;533.14;0;279
traininstance2;cgl;27;284;0.0000000000;562.54;0;284
traininstance2;cgl;28;286;0.0000000000;597.36;0;286
traininstance2;cgl;29;287;0.0000000000;630.86;0;287
traininstance2;cgl;30;288;0.0000000000;662.82;0;288
traininstance2;cgl;31;293;0.0000000000;698.60;0;293
traininstance2;cgl;32;298;0.0000000000;734.52;0;298
traininstance2;cgl;33;301;0.0000000000;773.79;0;301
traininstance2;cgl;34;303;0.0000000000;809.84;0;303
traininstance2;cgl;35;307;0.0000000000;845.88;0;307
traininstance2;cgl;36;308;0.0000000000;882.75;0;308
traininstance2;cgl;37;310;0.0000000000;917.41;0;310
traininstance2;cgl;38;313;0.0000000000;948.41;0;313
traininstance2;cgl;39;316;0.0000000000;983.04;0;316
traininstance2;cgl;40;317;0.0000000000;1022.01;0;317
traininstance2;cgl;41;318;0.0000000000;1059.73;0;318
traininstance2;cgl;42;319;0.0000000000;1099.59;0;319
traininstance2;cgl;43;323;0.0000000000;1140.43;0;323
traininstance2;cgl;44;325;0.0000000000;1180.06;0;325
traininstance2;cgl;45;327;0.0000000000;1218.25;0;327
traininstance2;cgl;46;328;0.0000000000;1258.03;0;328
traininstance2;cgl;47;330;0.0000000000;1297.14;0;330
traininstance2;cgl;48;332;0.0000000000;1337.77;0;332
traininstance2;cgl;49;336;0.0000000000;1378.28;0;336
traininstance2;cgl;50;337;0.0000000000;1418.64;0;337
traininstance2;cgl;51;337;0.0000000000;1418.64;0,337
