neos-2991472-kalu;cgl;0;0;0.0000000000;139.33;0;0
neos-2991472-kalu;cgl;1;24;0.0000000000;457.40;2;0
neos-2991472-kalu;cgl;2;49;0.0000000000;775.14;70;0
neos-2991472-kalu;cgl;3;66;0.0000000000;1072.14;70;0
neos-2991472-kalu;cgl;4;78;0.0000000000;1360.87;70;0
neos-2991472-kalu;cgl;5;95;0.0000000000;1633.23;70;0
neos-2991472-kalu;cgl;6;110;0.0000000000;1893.96;70;0
neos-2991472-kalu;cgl;7;119;0.0000000000;2158.63;70;0
neos-2991472-kalu;cgl;8;132;0.0000000000;2417.60;70;0
neos-2991472-kalu;cgl;9;145;0.0000000000;2679.29;70;0
neos-2991472-kalu;cgl;10;153;0.0000000000;2944.14;70;0
neos-2991472-kalu;cgl;11;167;0.0000000000;3210.11;540;0
neos-2991472-kalu;cgl;12;178;0.0000000000;3474.86;1003;0
neos-2991472-kalu;cgl;13;192;0.0000000000;3731.17;1003;0
neos-2991472-kalu;cgl;14;202;0.0000000000;3987.27;1003;0
neos-2991472-kalu;cgl;15;215;0.0000000000;4246.00;1003;0
neos-2991472-kalu;cgl;16;228;0.0000000000;4512.55;1003;0
neos-2991472-kalu;cgl;17;235;0.0000000000;4775.63;1003;0
neos-2991472-kalu;cgl;18;249;0.0000000000;5040.89;1003;0
neos-2991472-kalu;cgl;19;259;0.0000000000;5311.28;1003;0
neos-2991472-kalu;cgl;20;268;0.0000000000;5575.27;1003;0
neos-2991472-kalu;cgl;21;280;0.0000000000;5835.97;1003;0
neos-2991472-kalu;cgl;22;289;0.0000000000;6094.15;1003;0
neos-2991472-kalu;cgl;23;303;0.0000000000;6357.74;1003;0
neos-2991472-kalu;cgl;24;311;0.0000000000;6619.40;1003;0
neos-2991472-kalu;cgl;25;323;0.0000000000;6881.67;1003;0
neos-2991472-kalu;cgl;26;333;0.0000000000;7149.37;1003;0
neos-2991472-kalu;cgl;27;349;0.0000000000;7415.34;1003;0
neos-2991472-kalu;cgl;28;354;0.0000000000;7671.88;1003;0
neos-2991472-kalu;cgl;29;363;0.0000000000;7931.06;1003;0
neos-2991472-kalu;cgl;30;389;0.0000000000;8203.18;1003;0
neos-2991472-kalu;cgl;31;403;0.0000000000;8470.81;1003;0
neos-2991472-kalu;cgl;32;412;0.0000000000;8729.87;1003;0
neos-2991472-kalu;cgl;33;423;0.0000000000;8999.85;1003;0
neos-2991472-kalu;cgl;34;434;0.0000000000;9270.59;1003;0
neos-2991472-kalu;cgl;35;443;0.0000000000;9542.43;1003;0
neos-2991472-kalu;cgl;36;461;0.0000000000;9814.47;1003;0
neos-2991472-kalu;cgl;37;470;0.0000000000;10083.85;1003;0
neos-2991472-kalu;cgl;38;482;0.0000000000;10348.33;1003;0
neos-2991472-kalu;cgl-opt;39;493;0.0000000000;10615.04;1003;0
