neos-3118745-obra;cgl;0;0;253.8333333333;0.13;0;0
neos-3118745-obra;cgl;1;24;253.8333333333;0.16;0;0
neos-3118745-obra;cgl;2;42;253.8333333333;0.24;5;0
neos-3118745-obra;cgl;3;63;253.8333333333;0.26;5;0
neos-3118745-obra;cgl;4;79;253.8333333333;0.29;5;0
neos-3118745-obra;cgl;5;84;253.8333333333;0.32;5;0
neos-3118745-obra;cgl;6;99;253.8333333333;0.37;7;0
neos-3118745-obra;cgl;7;107;253.8333333333;0.41;7;0
neos-3118745-obra;cgl;8;115;253.8333333333;0.43;27;0
neos-3118745-obra;cgl;9;117;253.8333333333;0.46;27;0
neos-3118745-obra;cgl;10;120;253.8333333333;0.49;27;0
neos-3118745-obra;cgl;11;120;253.8333333333;0.51;27,0
