stdc6262p;cgl;0;0;-1394276.6015363534;12.30;0;0
stdc6262p;cgl;1;72;-1394033.5082736549;19.10;363;0
stdc6262p;cgl;2;117;-1393865.6669186407;24.85;787;0
stdc6262p;cgl;3;147;-1393798.1843444256;30.98;1310;0
stdc6262p;cgl;4;165;-1393714.7360744681;36.97;1319;0
stdc6262p;cgl;5;176;-1393697.3307573711;42.55;1334;0
stdc6262p;cgl;6;186;-1393669.8456903507;47.98;1340;0
stdc6262p;cgl;7;196;-1393661.6537422584;53.62;1713;0
stdc6262p;cgl;8;204;-1393631.9048531137;59.48;1853;0
stdc6262p;cgl;9;211;-1393630.1840274418;65.08;1854;0
stdc6262p;cgl;10;216;-1393630.1610537611;70.62;1859;0
stdc6262p;cgl;11;219;-1393621.8215536037;76.12;1950;0
stdc6262p;cgl;12;221;-1393621.7947169514;81.59;1954;0
stdc6262p;cgl;13;223;-1393619.2781663937;87.03;1955;0
stdc6262p;cgl;14;225;-1393619.2555316018;92.64;1958;0
stdc6262p;cgl;15;226;-1393619.2488031406;98.12;1958;0
stdc6262p;cgl;16;227;-1393619.2341070187;103.61;2078;0
stdc6262p;cgl;17;228;-1393619.1899020975;109.16;2243;0
stdc6262p;cgl;18;230;-1393619.1864439542;114.62;2409;0
stdc6262p;cgl;19;231;-1393619.1576384290;120.04;2409;0
stdc6262p;cgl;20;232;-1393619.1538871515;125.40;2493;0
stdc6262p;cgl;21;233;-1393619.0906449747;130.86;2658;0
stdc6262p;cgl;22;234;-1393619.0789062057;136.29;2778;0
stdc6262p;cgl;23;235;-1393619.0781878452;141.77;2862;0
stdc6262p;cgl;24;236;-1393619.0767511397;147.32;2982;0
stdc6262p;cgl;25;237;-1393619.0760275691;152.77;2982;0
stdc6262p;cgl;26;238;-1393615.5342241235;158.68;3202;0
stdc6262p;cgl;27;239;-1393615.5342241235;164.46;3206;0
stdc6262p;cgl;28;240;-1393615.5342241235;170.25;3206;0
stdc6262p;cgl;29;240;-1393615.5342241235;175.92;3206,0
