harp2;cgl;0;0;-74353341.5022996068;0.34;0;0
harp2;cgl;1;46;-74266660.9373455495;0.46;0;0
harp2;cgl;2;113;-74228330.4087212831;0.58;0;0
harp2;cgl;3;139;-74220372.8299407512;0.74;0;0
harp2;cgl;4;184;-74215826.0250798315;0.96;0;0
harp2;cgl;5;209;-74212628.1751208156;1.13;0;0
harp2;cgl;6;226;-74207852.6020194739;1.34;0;0
harp2;cgl;7;240;-74203353.7268044651;1.57;0;0
harp2;cgl;8;257;-74202964.0808810443;1.79;0;0
harp2;cgl;9;258;-74202874.3471840322;1.99;0;0
harp2;cgl;10;268;-74202723.4879112244;2.21;0;0
harp2;cgl;11;273;-74202704.0028953701;2.43;0;0
harp2;cgl;12;275;-74202701.8615085781;2.63;0;0
harp2;cgl;13;278;-74202670.2840887606;2.85;0;0
harp2;cgl;14;281;-74202666.6258017123;3.08;0;0
harp2;cgl;15;282;-74202664.9457856566;3.31;0;0
harp2;cgl;16;286;-74202662.2576553822;3.53;0;0
harp2;cgl;17;286;-74202662.2576553822;3.74;0,0
