n2seq36q;cgl;0;0;52000.0000000000;7.45;0;0
n2seq36q;cgl;1;48;52000.0000000000;32.80;1;0
n2seq36q;cgl;2;92;52000.0000000000;57.99;4;0
n2seq36q;cgl;3;149;52000.0000000000;84.37;6;0
n2seq36q;cgl;4;194;52000.0000000000;111.04;16;0
n2seq36q;cgl;5;252;52000.0000000000;138.11;26;0
n2seq36q;cgl;6;288;52000.0000000000;163.87;26;0
n2seq36q;cgl;7;331;52000.0000000000;190.85;26;0
n2seq36q;cgl;8;374;52000.0000000000;215.90;26;0
n2seq36q;cgl;9;414;52000.0000000000;240.28;27;0
n2seq36q;cgl;10;458;52000.0000000000;265.36;32;0
n2seq36q;cgl;11;512;52000.0000000000;290.60;34;0
n2seq36q;cgl;12;562;52000.0000000000;316.10;40;0
n2seq36q;cgl;13;593;52000.0000000000;340.74;41;0
n2seq36q;cgl;14;628;52000.0000000000;364.88;47;0
n2seq36q;cgl;15;668;52000.0000000000;390.17;51;0
n2seq36q;cgl;16;701;52000.0000000000;415.11;52;0
n2seq36q;cgl;17;747;52000.0000000000;439.50;53;0
n2seq36q;cgl;18;766;52000.0000000000;464.80;53;0
n2seq36q;cgl;19;787;52000.0000000000;490.03;54;0
n2seq36q;cgl;20;802;52000.0000000000;515.57;56;0
n2seq36q;cgl;21;828;52000.0000000000;542.33;58;0
n2seq36q;cgl;22;859;52000.0000000000;569.16;59;0
n2seq36q;cgl;23;879;52000.0000000000;597.25;59;0
n2seq36q;cgl;24;921;52000.0000000000;624.95;60;0
n2seq36q;cgl;25;942;52000.0000000000;653.72;60;0
n2seq36q;cgl;26;970;52000.0000000000;681.45;60;0
n2seq36q;cgl;27;995;52000.0000000000;709.32;60;0
n2seq36q;cgl;28;1011;52000.0000000000;736.58;60;0
n2seq36q;cgl;29;1028;52000.0000000000;764.52;60;0
n2seq36q;cgl;30;1049;52000.0000000000;792.44;60;0
n2seq36q;cgl;31;1080;52000.0000000000;819.93;61;0
n2seq36q;cgl;32;1101;52000.0000000000;847.70;61;0
n2seq36q;cgl;33;1135;52000.0000000000;876.09;61;0
n2seq36q;cgl;34;1170;52000.0000000000;904.21;61;0
n2seq36q;cgl;35;1196;52000.0000000000;931.49;62;0
n2seq36q;cgl;36;1217;52000.0000000000;958.50;63;0
n2seq36q;cgl;37;1243;52000.0000000000;985.58;63;0
n2seq36q;cgl;38;1275;52000.0000000000;1012.92;64;0
n2seq36q;cgl;39;1287;52000.0000000000;1040.84;64;0
n2seq36q;cgl;40;1304;52000.0000000000;1068.93;64;0
n2seq36q;cgl;41;1324;52000.0000000000;1096.50;64;0
n2seq36q;cgl;42;1339;52000.0000000000;1124.19;65;0
n2seq36q;cgl;43;1351;52000.0000000000;1152.02;65;0
n2seq36q;cgl;44;1372;52000.0000000000;1180.43;65;0
n2seq36q;cgl;45;1385;52000.0000000000;1208.47;65;0
n2seq36q;cgl;46;1410;52000.0000000001;1235.56;65;0
n2seq36q;cgl;47;1425;52000.0000000000;1263.28;65;0
n2seq36q;cgl;48;1433;52000.0000000000;1290.71;65;0
n2seq36q;cgl;49;1441;52000.0000000000;1317.31;65;0
n2seq36q;cgl;50;1455;52000.0000000000;1344.41;65;0
n2seq36q;cgl;51;1455;52000.0000000000;1344.41;65,0
