neos-2328163-agri;cgl;0;0;26069.0000000000;0.58;0;0
neos-2328163-agri;cgl;1;59;26069.0000000000;0.86;0;0
neos-2328163-agri;cgl;2;125;26268.8750000000;1.38;0;0
neos-2328163-agri;cgl;3;193;26379.8020833333;2.17;0;0
neos-2328163-agri;cgl;4;254;26455.8705501618;3.17;0;0
neos-2328163-agri;cgl;5;303;26528.4456521739;4.64;0;0
neos-2328163-agri;cgl;6;344;26537.6879528986;5.64;0;0
neos-2328163-agri;cgl;7;386;26562.3000000000;7.28;0;0
neos-2328163-agri;cgl;8;412;26571.5111111111;8.82;0;0
neos-2328163-agri;cgl;9;437;26576.9814814815;9.94;0;0
neos-2328163-agri;cgl;10;450;26587.9333333333;11.14;0;0
neos-2328163-agri;cgl;11;459;26587.9333333333;12.18;0;0
neos-2328163-agri;cgl;12;466;26587.9333333333;12.78;0;0
neos-2328163-agri;cgl;13;470;26588.2083333334;13.59;0;0
neos-2328163-agri;cgl;14;475;26589.1538461539;14.36;0;0
neos-2328163-agri;cgl;15;479;26589.1538461538;14.95;0;0
neos-2328163-agri;cgl;16;480;26589.1538461538;15.69;0;0
neos-2328163-agri;cgl;17;481;26589.1538461538;16.43;0;0
neos-2328163-agri;cgl;18;482;26589.1538461538;17.31;0;0
neos-2328163-agri;cgl;19;482;26589.1538461538;18.15;0,0
