academictimetablebig;cgl;0;0;25.4444444444;1319.96;0;0
academictimetablebig;cgl;1;4076;425.4444444444;1641.60;5;0
academictimetablebig;cgl;2;6244;425.4444444444;2009.11;17;0
academictimetablebig;cgl;3;7598;425.4444444444;2350.29;23;0
academictimetablebig;cgl;4;8718;425.4444444444;2725.32;23;0
academictimetablebig;cgl;5;9603;425.4444444444;3054.14;50;0
academictimetablebig;cgl;6;10140;425.4444444444;3318.62;60;0
academictimetablebig;cgl;7;10588;425.4444444444;3569.16;63;0
academictimetablebig;cgl;8;10871;425.4444444444;3766.13;63;0
academictimetablebig;cgl;9;11044;425.4444444444;3967.57;81;0
academictimetablebig;cgl;10;11153;425.4444444444;4133.62;82;0
academictimetablebig;cgl;11;11211;425.4444444444;4254.09;82;0
academictimetablebig;cgl;12;11261;425.4444444444;4382.90;82;0
academictimetablebig;cgl;13;11309;425.4444444444;4476.23;82;0
academictimetablebig;cgl;14;11320;425.4444444444;4583.22;82;0
academictimetablebig;cgl;15;11349;425.4444444444;4682.52;82;0
academictimetablebig;cgl;16;11372;425.4444444444;4766.14;82;0
academictimetablebig;cgl;17;11387;425.4444444444;4836.22;82;0
academictimetablebig;cgl;18;11387;425.4444444444;4902.60;82,0
