BrazilInstance2;cgl;0;0;3.9999717840;5145.86;0;0
BrazilInstance2;cgl;1;1282;4.0000000000;5236.72;0;0
BrazilInstance2;cgl;2;2184;4.0000000000;5339.09;21;0
BrazilInstance2;cgl;3;2642;4.0000000000;5421.27;21;0
BrazilInstance2;cgl;4;2876;4.0000000000;5505.24;21;0
BrazilInstance2;cgl;5;3014;4.0000000000;5584.34;21;0
BrazilInstance2;cgl;6;3058;4.0000000000;5646.70;21;0
BrazilInstance2;cgl;7;3142;4.0000000000;5689.68;21;0
BrazilInstance2;cgl;8;3162;4.0000000000;5701.24;21;0
BrazilInstance2;cgl;9;3166;4.0000000000;5709.45;21;0
BrazilInstance2;cgl;10;3166;4.0000000000;5711.44;21,0
