c10400;cgl;0;0;5591.1038789056;0.26;0;0
c10400;cgl;1;12;5591.6960433310;0.31;0;0
c10400;cgl;2;23;5591.8998231166;0.36;0;0
c10400;cgl;3;37;5591.9660859388;0.41;0;0
c10400;cgl;4;49;5592.0204796085;0.48;0;0
c10400;cgl;5;52;5592.0701934428;0.55;0;0
c10400;cgl;6;57;5592.1293117749;0.61;0;0
c10400;cgl;7;59;5592.1352252144;0.68;0;0
c10400;cgl;8;61;5592.1416639423;0.75;0;0
c10400;cgl;9;65;5592.1591763017;0.83;0;0
c10400;cgl;10;66;5592.1596305078;0.91;0;0
c10400;cgl;11;67;5592.1596912328;0.99;0;0
c10400;cgl;12;69;5592.1601535291;1.06;0;0
c10400;cgl;13;70;5592.1604641857;1.14;0;0
c10400;cgl;14;70;5592.1604641857;1.21;0,0
