mkc;cgl;0;0;-611.8500000000;1.88;0;0
mkc;cgl;1;26;-611.8500000000;1.93;0;0
mkc;cgl;2;59;-611.8500000000;2.01;16;0
mkc;cgl;3;88;-611.4789727127;2.08;31;0
mkc;cgl;4;120;-611.4789727127;2.17;36;0
mkc;cgl;5;152;-611.4789727127;2.27;41;0
mkc;cgl;6;191;-611.4775579749;2.38;46;0
mkc;cgl;7;231;-611.2506233529;2.53;62;0
mkc;cgl;8;268;-611.2470751157;2.69;80;0
mkc;cgl;9;311;-611.1807415346;2.85;107;0
mkc;cgl;10;349;-611.1807415346;3.05;128;0
mkc;cgl;11;382;-611.1360829495;3.28;167;0
mkc;cgl;12;419;-610.8244593691;3.50;220;0
mkc;cgl;13;456;-610.5809467245;3.77;240;0
mkc;cgl;14;491;-610.2960427052;4.01;295;0
mkc;cgl;15;530;-609.9153225807;4.38;318;0
mkc;cgl;16;572;-609.9084535056;4.71;383;0
mkc;cgl;17;615;-609.5500132787;5.16;390;0
mkc;cgl;18;657;-608.4269817063;5.49;534;0
mkc;cgl;19;701;-607.4314261507;5.93;535;0
mkc;cgl;20;740;-607.2425314448;6.25;535;0
mkc;cgl;21;785;-607.2425314448;6.61;556;0
mkc;cgl;22;835;-607.2000953139;6.97;652;0
mkc;cgl;23;873;-607.1700658464;7.36;754;0
mkc;cgl;24;911;-607.1681286772;7.75;874;0
mkc;cgl;25;952;-607.1432123677;8.18;890;0
mkc;cgl;26;998;-607.1365035514;8.75;1059;0
mkc;cgl;27;1047;-607.0673905808;9.23;1444;0
mkc;cgl;28;1082;-607.0673905808;9.69;1619;0
mkc;cgl;29;1115;-607.0673905808;10.12;1676;0
mkc;cgl;30;1145;-607.0673905808;10.62;1775;0
mkc;cgl;31;1177;-607.0615471430;11.05;1788;0
mkc;cgl;32;1226;-607.0615471430;11.55;1873;0
mkc;cgl;33;1269;-607.0615471430;12.06;1987;0
mkc;cgl;34;1312;-607.0615471430;12.56;2083;0
mkc;cgl;35;1353;-607.0615471430;13.12;2158;0
mkc;cgl;36;1399;-607.0609085700;13.71;2282;0
mkc;cgl;37;1443;-607.0609085700;14.27;2842;0
mkc;cgl;38;1485;-607.0047787341;14.90;3885;0
mkc;cgl;39;1524;-607.0047787341;15.48;3898;0
mkc;cgl;40;1562;-607.0019475420;16.08;3933;0
mkc;cgl;41;1601;-607.0019475420;16.70;4044;0
mkc;cgl;42;1640;-607.0019475420;17.32;4069;0
mkc;cgl;43;1688;-607.0019475420;17.98;4128;0
mkc;cgl;44;1729;-607.0004124712;18.79;4232;0
mkc;cgl;45;1771;-607.0004124712;19.47;4440;0
mkc;cgl;46;1818;-606.9929013740;20.18;4904;0
mkc;cgl;47;1871;-606.9330117065;21.02;4959;0
mkc;cgl;48;1911;-606.9315652743;21.90;5714;0
mkc;cgl;49;1965;-606.8745644335;22.88;6423;0
mkc;cgl;50;2007;-606.8745644335;23.68;6502;0
mkc;cgl;51;2007;-606.8745644335;23.68;6502,0
