n3705;cgl;0;0;973361.0170119330;0.31;0;0
n3705;cgl;1;117;990957.1651172864;0.80;0;117
n3705;cgl;2;230;1003729.4886291148;1.65;0;230
n3705;cgl;3;333;1011191.4045506665;2.79;0;333
n3705;cgl;4;431;1013617.3635338929;4.16;0;431
n3705;cgl;5;501;1014577.6759092441;5.62;0;501
n3705;cgl;6;557;1015630.8625372620;7.37;0;557
n3705;cgl;7;609;1016180.1916156620;9.09;0;609
n3705;cgl;8;653;1016610.9633035891;10.96;0;653
n3705;cgl;9;686;1016822.4732797039;12.89;0;686
n3705;cgl;10;718;1017068.9912633944;14.84;0;718
n3705;cgl;11;752;1017273.3555746573;16.96;0;752
n3705;cgl;12;774;1017471.2610350916;19.16;0;774
n3705;cgl;13;803;1017613.1478134813;21.48;0;803
n3705;cgl;14;832;1017756.1487913588;23.78;0;832
n3705;cgl;15;864;1017905.4397838191;26.08;0;864
n3705;cgl;16;887;1018014.9620026941;28.50;0;887
n3705;cgl;17;904;1018102.5526921125;30.91;0;904
n3705;cgl;18;925;1018197.7428820796;33.39;0;925
n3705;cgl;19;940;1018325.3351964102;35.89;0;940
n3705;cgl;20;962;1018400.9767718902;38.40;0;962
n3705;cgl;21;975;1018429.7321438852;40.81;0;975
n3705;cgl;22;993;1018525.3638334102;43.38;0;993
n3705;cgl;23;1006;1018583.8960490878;45.89;0;1006
n3705;cgl;24;1018;1018627.0661747294;48.50;0;1018
n3705;cgl;25;1030;1018688.0775134485;51.09;0;1030
n3705;cgl;26;1041;1018709.7740577125;53.64;0;1041
n3705;cgl;27;1049;1018722.0119643518;56.08;0;1049
n3705;cgl;28;1061;1018733.0189233480;58.60;0;1061
n3705;cgl;29;1072;1018748.9886849171;61.11;0;1072
n3705;cgl;30;1083;1018759.1313324047;63.69;0;1083
n3705;cgl;31;1093;1018777.2292879523;66.23;0;1093
n3705;cgl;32;1102;1018786.7538767759;68.75;0;1102
n3705;cgl;33;1109;1018803.3039090101;71.41;0;1109
n3705;cgl;34;1117;1018809.3971500889;73.92;0;1117
n3705;cgl;35;1125;1018815.3065026201;76.41;0;1125
n3705;cgl;36;1131;1018820.0465098851;78.95;0;1131
n3705;cgl;37;1138;1018825.8149862447;81.50;0;1138
n3705;cgl;38;1144;1018828.4326704493;84.00;0;1144
n3705;cgl;39;1150;1018831.3700750173;86.49;0;1150
n3705;cgl;40;1154;1018833.1256264464;88.95;0;1154
n3705;cgl;41;1158;1018834.8690920176;91.45;0;1158
n3705;cgl;42;1160;1018835.7279927712;93.95;0;1160
n3705;cgl;43;1161;1018836.0199046659;96.44;0;1161
n3705;cgl;44;1162;1018836.7382480192;98.91;0;1162
n3705;cgl;45;1163;1018837.3639257058;101.36;0;1163
n3705;cgl;46;1164;1018837.9596163569;103.81;0;1164
n3705;cgl;47;1165;1018838.6879365175;106.27;0;1165
n3705;cgl;48;1166;1018839.1354633662;108.84;0;1166
n3705;cgl;49;1167;1018839.2668062958;111.31;0;1167
n3705;cgl;50;1168;1018839.5400919355;113.80;0;1168
n3705;cgl;51;1168;1018839.5400919355;113.80;0,1168
