neos-3118745-obra;cgl;0;0;253.8333333333;0.12;0;0
neos-3118745-obra;cgl;1;21;253.8333333333;0.18;1;0
neos-3118745-obra;cgl;2;45;253.8333333333;0.25;11;0
neos-3118745-obra;cgl;3;61;253.8333333333;0.27;11;0
neos-3118745-obra;cgl;4;76;253.8333333333;0.29;28;0
neos-3118745-obra;cgl;5;98;253.8333333333;0.31;45;0
neos-3118745-obra;cgl;6;112;253.8333333333;0.35;47;0
neos-3118745-obra;cgl;7;130;253.8333333333;0.38;57;0
neos-3118745-obra;cgl;8;149;253.8333333333;0.41;96;0
neos-3118745-obra;cgl;9;159;253.8333333333;0.45;96;0
neos-3118745-obra;cgl;10;177;253.8333333333;0.49;96;0
neos-3118745-obra;cgl;11;192;253.8333333333;0.55;102;0
neos-3118745-obra;cgl;12;198;253.8333333333;0.58;102;0
neos-3118745-obra;cgl;13;206;253.8333333333;0.64;102;0
neos-3118745-obra;cgl;14;217;253.8333333333;0.69;105;0
neos-3118745-obra;cgl;15;225;253.8333333333;0.74;113;0
neos-3118745-obra;cgl;16;227;253.8333333333;0.80;114;0
neos-3118745-obra;cgl;17;227;253.8333333333;0.83;114,0
