unitcc;cgl;0;0;74033.1413754058;1001.07;0;0
unitcc;cgl;1;6199;75633.5534807094;1513.62;0;0
unitcc;cgl;2;11648;75754.8408804699;2072.08;0;0
unitcc;cgl;3;15248;75798.0361795262;2657.18;0;0
unitcc;cgl;4;18032;75906.4983098684;3139.48;0;0
unitcc;cgl;5;20229;75914.0477800844;3611.28;0;0
unitcc;cgl;6;22012;75914.0482740402;4134.66;0;0
unitcc;cgl;7;23535;75914.0490119368;4635.54;0;0
unitcc;cgl;8;24888;75914.0497484667;5064.70;0;0
unitcc;cgl;9;26001;75914.0500894485;5488.17;0;0
unitcc;cgl;10;27018;75914.0503565957;5916.77;0;0
unitcc;cgl;11;27943;75914.0506151828;6348.89;0;0
unitcc;cgl;12;28948;75914.0507330217;6783.84;0;0
unitcc;cgl;13;29736;75914.0508262759;7226.39;0;0
unitcc;cgl;14;30426;75914.0509094828;7674.05;0;0
unitcc;cgl;15;30844;75914.0509714200;8118.86;0;0
unitcc;cgl;16;31198;75914.0510085763;8546.89;0;0
unitcc;cgl;17;31569;75914.0510896020;8961.52;0;0
unitcc;cgl;18;31935;75914.0511060146;9383.27;0;0
unitcc;cgl;19;32131;75914.0511805290;9806.86;0;0
unitcc;cgl;20;32411;75914.0512538707;10232.29;0;0
unitcc;cgl-opt;21;32564;75914.0512538707;10654.24;0;0
