fhnw-binschedule0;cgl;0;0;12632.8887791449;2482.24;0;0
fhnw-binschedule0;cgl;1;5806;12632.8887791450;2990.01;764;0
fhnw-binschedule0;cgl;2;7298;12632.8887791450;3306.72;1010;0
fhnw-binschedule0;cgl;3;8520;12632.8887791450;3579.36;1252;0
fhnw-binschedule0;cgl;4;9784;12632.8887791450;3895.96;1568;0
fhnw-binschedule0;cgl;5;11061;12632.8887791450;4254.37;1893;0
fhnw-binschedule0;cgl;6;12521;12632.8887791450;4617.39;2323;0
fhnw-binschedule0;cgl;7;14058;12636.8140065393;4918.79;2817;0
fhnw-binschedule0;cgl;8;15864;12636.8140065393;5302.38;3341;0
fhnw-binschedule0;cgl;9;17996;12636.8140065393;5645.43;3921;0
fhnw-binschedule0;cgl;10;20288;12636.8140065393;6033.68;4500;0
fhnw-binschedule0;cgl;11;22972;12636.8140065393;6489.38;5076;0
fhnw-binschedule0;cgl;12;26026;12638.9183083803;7005.72;5679;0
fhnw-binschedule0;cgl;13;29282;12639.7480732365;7507.37;6233;0
fhnw-binschedule0;cgl;14;33128;12640.7208444914;8887.68;6858;0
fhnw-binschedule0;cgl-opt;15;37646;12643.0463132829;9748.69;7572;0
