j3041_1;cgl;0;0;0.1238959764;0.30;0;0
j3041_1;cgl;1;59;0.1524631158;0.43;116;0
j3041_1;cgl;2;112;0.2219242719;0.59;191;0
j3041_1;cgl;3;154;0.2834025423;0.78;728;0
j3041_1;cgl;4;210;0.3584879855;1.34;7468;0
j3041_1;cgl;5;266;0.3824120175;1.84;10997;0
j3041_1;cgl;6;314;0.5103931614;2.38;15876;0
j3041_1;cgl;7;370;0.5306130751;3.09;34879;0
j3041_1;cgl;8;399;0.5358406025;3.28;34952;0
j3041_1;cgl;9;466;0.5432951250;4.00;46652;0
j3041_1;cgl;10;512;0.5507004862;4.85;62126;0
j3041_1;cgl;11;564;0.5644156132;6.08;64803;0
j3041_1;cgl;12;614;0.5842093217;7.11;67745;0
j3041_1;cgl;13;658;0.6017019770;8.20;70308;0
j3041_1;cgl;14;693;0.6166047999;9.65;76265;0
j3041_1;cgl;15;719;0.6222811573;11.25;115204;0
j3041_1;cgl;16;749;0.6268724447;12.82;118435;0
j3041_1;cgl;17;781;0.6339911337;14.70;119543;0
j3041_1;cgl;18;815;0.6386439892;15.93;123250;0
j3041_1;cgl;19;846;0.6395589244;17.04;124889;0
j3041_1;cgl;20;877;0.6405605874;18.38;126822;0
j3041_1;cgl;21;902;0.6426533641;19.76;127567;0
j3041_1;cgl;22;914;0.6427664542;20.51;127889;0
j3041_1;cgl;23;935;0.6429693295;22.22;132644;0
j3041_1;cgl;24;954;0.6435322464;24.37;136148;0
j3041_1;cgl;25;963;0.6435921297;25.56;137226;0
j3041_1;cgl;26;971;0.6442819597;26.84;138103;0
j3041_1;cgl;27;991;0.6448108875;28.54;142502;0
j3041_1;cgl;28;1003;0.6451371304;29.24;142701;0
j3041_1;cgl;29;1012;0.6452337648;29.91;142942;0
j3041_1;cgl;30;1026;0.6452337648;30.58;142994;0
j3041_1;cgl;31;1033;0.6452597794;31.19;143181;0
j3041_1;cgl;32;1038;0.6455718768;31.96;143333;0
j3041_1;cgl;33;1041;0.6455718768;32.52;143334;0
j3041_1;cgl;34;1045;0.6455718768;33.09;143343;0
j3041_1;cgl;35;1047;0.6455718768;33.63;143343;0
j3041_1;cgl;36;1051;0.6455718768;34.22;143357;0
j3041_1;cgl;37;1057;0.6455718768;34.78;143384;0
j3041_1;cgl;38;1061;0.6455718768;35.38;143489;0
j3041_1;cgl;39;1063;0.6455718768;35.91;143489;0
j3041_1;cgl;40;1065;0.6455718768;36.48;143489;0
j3041_1;cgl;41;1067;0.6455718768;37.07;143489;0
j3041_1;cgl;42;1070;0.6455718768;37.63;143524;0
j3041_1;cgl;43;1072;0.6455718768;38.21;143524;0
j3041_1;cgl;44;1074;0.6455718768;38.85;143524;0
j3041_1;cgl;45;1075;0.6455718768;39.40;143528;0
j3041_1;cgl;46;1080;0.6455718768;40.11;143535;0
j3041_1;cgl;47;1081;0.6455718768;40.75;143539;0
j3041_1;cgl;48;1081;0.6455718768;41.34;143539,0
