neos-4306827-ravan;cgl;0;0;-35696.9019131650;37.89;0;0
neos-4306827-ravan;cgl;1;147;-27252.2918827564;104.16;3;2
neos-4306827-ravan;cgl;2;306;-27107.9198516124;132.47;58;2
neos-4306827-ravan;cgl;3;419;-27106.2479452228;145.80;78;2
neos-4306827-ravan;cgl;4;480;-27106.2479452229;160.37;85;2
neos-4306827-ravan;cgl;5;538;-27106.2479452228;173.31;90;2
neos-4306827-ravan;cgl;6;568;-27106.2479452229;185.70;91;2
neos-4306827-ravan;cgl;7;586;-27106.2479452229;198.55;93;2
neos-4306827-ravan;cgl;8;600;-27106.2479452229;211.23;94;2
neos-4306827-ravan;cgl;9;614;-27106.2479452229;223.84;96;2
neos-4306827-ravan;cgl;10;622;-27106.2479452229;236.16;96;2
neos-4306827-ravan;cgl;11;629;-27106.2479452229;248.54;97;2
neos-4306827-ravan;cgl;12;636;-27106.2479452229;261.17;98;2
neos-4306827-ravan;cgl;13;643;-27106.2479452229;274.48;119;2
neos-4306827-ravan;cgl;14;647;-27106.2479452228;286.81;119;2
neos-4306827-ravan;cgl;15;652;-27106.2479452229;298.99;119;2
neos-4306827-ravan;cgl;16;657;-27106.2479452228;311.26;119;2
neos-4306827-ravan;cgl;17;663;-27100.6567427957;323.87;119;2
neos-4306827-ravan;cgl;18;667;-27100.6567427957;336.32;119;2
neos-4306827-ravan;cgl;19;671;-27084.0203925474;348.98;119;2
neos-4306827-ravan;cgl;20;677;-27084.0203925474;361.30;122;2
neos-4306827-ravan;cgl;21;677;-27084.0203925474;372.85;122,2
