neos-4954274-beardy;cgl;0;0;18659.2082818160;4.93;0;0
neos-4954274-beardy;cgl;1;482;18691.0509259709;10.50;1;0
neos-4954274-beardy;cgl;2;823;18752.3019363174;16.19;12;0
neos-4954274-beardy;cgl;3;1101;18767.3459665254;21.25;18;0
neos-4954274-beardy;cgl;4;1310;18803.0662644887;26.56;26;0
neos-4954274-beardy;cgl;5;1425;18808.9086643079;31.01;30;0
neos-4954274-beardy;cgl;6;1532;18811.8181738389;34.75;34;0
neos-4954274-beardy;cgl;7;1574;18814.0146239714;39.10;34;0
neos-4954274-beardy;cgl;8;1621;18814.3968199184;42.62;34;0
neos-4954274-beardy;cgl;9;1639;18814.3968199184;45.25;34;0
neos-4954274-beardy;cgl;10;1641;18814.3968199184;47.87;34;0
neos-4954274-beardy;cgl;11;1641;18814.3968199184;50.41;34,0
