routing_GCM_0002;cgl;0;0;52976.7813953488;5.80;0;0
routing_GCM_0002;cgl;1;14;52976.7813953488;10.40;0;4
routing_GCM_0002;cgl;2;23;52976.7813953489;14.92;0;4
routing_GCM_0002;cgl;3;31;52976.7813953489;19.42;0;4
routing_GCM_0002;cgl;4;40;52976.7813953489;23.98;0;4
routing_GCM_0002;cgl;5;50;52976.7813953489;28.50;0;4
routing_GCM_0002;cgl;6;57;52976.7813953489;33.04;0;4
routing_GCM_0002;cgl;7;63;52976.7813953489;37.56;0;4
routing_GCM_0002;cgl;8;68;52976.7813953489;42.09;0;4
routing_GCM_0002;cgl;9;73;52976.7813953489;46.64;0;4
routing_GCM_0002;cgl;10;78;52976.7813953489;51.17;0;4
routing_GCM_0002;cgl;11;84;52976.7813953489;55.54;0;4
routing_GCM_0002;cgl;12;89;52976.7813953489;59.89;0;4
routing_GCM_0002;cgl;13;94;52976.7813953488;64.23;0;4
routing_GCM_0002;cgl;14;99;52976.7813953489;68.59;0;4
routing_GCM_0002;cgl;15;104;52976.7813953489;73.04;0;4
routing_GCM_0002;cgl;16;109;52976.7813953489;77.41;0;4
routing_GCM_0002;cgl;17;113;52976.7813953489;81.79;0;4
routing_GCM_0002;cgl;18;116;52976.7813953489;86.19;0;4
routing_GCM_0002;cgl;19;119;52976.7813953488;90.53;0;4
routing_GCM_0002;cgl;20;121;52976.7813953488;94.89;0;4
routing_GCM_0002;cgl;21;123;52976.7813953488;99.30;0;4
routing_GCM_0002;cgl;22;125;52976.7813953488;103.70;0;4
routing_GCM_0002;cgl;23;126;52976.7813953488;108.04;0;4
routing_GCM_0002;cgl;24;128;52976.7813953488;112.49;0;4
routing_GCM_0002;cgl;25;130;52976.7813953488;117.02;0;4
routing_GCM_0002;cgl;26;132;52976.7813953488;121.55;0;4
routing_GCM_0002;cgl;27;132;52976.7813953488;125.96;0,4
