traininstance2;cgl;0;0;0.0000000000;0.60;0;0
traininstance2;cgl;1;12;0.0000000000;1.56;0;12
traininstance2;cgl;2;20;0.0000000000;2.71;0;20
traininstance2;cgl;3;27;0.0000000000;4.33;0;27
traininstance2;cgl;4;34;0.0000000000;6.05;0;34
traininstance2;cgl;5;40;0.0000000000;8.07;0;40
traininstance2;cgl;6;45;0.0000000000;10.35;0;45
traininstance2;cgl;7;50;0.0000000000;12.94;0;50
traininstance2;cgl;8;53;0.0000000000;15.76;0;53
traininstance2;cgl;9;57;0.0000000000;18.82;0;57
traininstance2;cgl;10;61;0.0000000000;22.08;0;61
traininstance2;cgl;11;64;0.0000000000;25.55;0;64
traininstance2;cgl;12;66;0.0000000000;29.24;0;66
traininstance2;cgl;13;70;0.0000000000;32.83;0;70
traininstance2;cgl;14;73;0.0000000000;36.77;0;73
traininstance2;cgl;15;76;0.0000000000;40.88;0;76
traininstance2;cgl;16;84;0.0000000000;45.26;0;84
traininstance2;cgl;17;87;0.0000000000;49.76;0;87
traininstance2;cgl;18;89;0.0000000000;54.48;0;89
traininstance2;cgl;19;91;0.0000000000;59.30;0;91
traininstance2;cgl;20;92;0.0000000000;64.22;0;92
traininstance2;cgl;21;93;0.0000000000;69.10;0;93
traininstance2;cgl;22;93;0.0000000000;73.90;0,93
