unitcc;cgl;0;0;74033.1413754058;1039.22;0;0
unitcc;cgl;1;6203;75633.5534807074;1555.07;0;0
unitcc;cgl;2;11652;75754.8408827609;2124.51;0;0
unitcc;cgl;3;15278;75798.0361429511;2708.59;0;0
unitcc;cgl;4;18035;75906.4982953023;3326.74;2;0
unitcc;cgl;5;20183;75906.9980779174;3867.05;2;0
unitcc;cgl;6;22002;75914.0480654858;4341.69;2;0
unitcc;cgl;7;23567;75914.0489747977;4773.17;2;0
unitcc;cgl;8;24905;75914.0495197253;5202.50;2;0
unitcc;cgl;9;26045;75914.0500694418;5626.86;2;0
unitcc;cgl;10;27152;75914.0503178721;6049.18;2;0
unitcc;cgl;11;28182;75914.0505967367;6477.28;2;0
unitcc;cgl;12;29087;75914.0507088238;6912.90;2;0
unitcc;cgl;13;29969;75914.0508297432;7348.61;2;0
unitcc;cgl;14;30688;75914.0509183704;7790.82;2;0
unitcc;cgl;15;31227;75914.0509537813;8233.70;2;0
unitcc;cgl;16;31691;75914.0509990079;8654.89;2;0
unitcc;cgl;17;31956;75914.0510556570;9076.70;2;0
unitcc;cgl;18;32268;75914.0510731722;9502.73;2;0
unitcc;cgl;19;32517;75914.0511538391;9934.76;2;0
unitcc;cgl;20;32797;75914.0512368926;10368.53;2;0
unitcc;cgl-time;21;33013;75914.0512368926;10801.39;2;0
